V1 V2 V3 V4 V5 V6 V7 V8 V9 V10
sam 2.34599999999955 3.20399999999972 2.42399999999998 2.50500000000011 2.57800000000043 3.51900000000023 3.52299999999923 3.375 2.86299999999937 2.83400000000074
geode 0.0119999999999436 0.01400000000001 0.00999999999999091 0.00900000000001455 0.00999999999999091 0.0120000000000573 0.0120000000000573 0.00900000000001455 0.0080000000000382 0.00700000000006185
ref 2.36099999999988 3.22199999999975 2.43599999999969 2.51599999999962 2.58899999999994 3.53299999999945 3.53699999999844 3.38600000000042 2.8739999999998 2.84299999999894
infog 0 0 0 0 0 0 0 0 0 0
func 0 0 0 0 0 0 0 0 0 0
EFSOS 0.807999999999993 0.845999999999549 0.889000000000124 0.942000000000007 1.48099999999977 1.33699999999953 2.10200000000077 1.25 0.856999999999971 0.861999999999171
EFSIS 0.0199999999999818 0.0199999999999818 0.0199999999999818 0.0220000000000482 0.0249999999999773 0.0249999999999773 0.0309999999999491 0.0289999999999964 0.0219999999999345 0.0219999999999345
 0.828000000000429 0.867000000000189 0.909999999999854 0.965000000000146 1.50799999999981 1.36300000000119 2.13500000000022 1.27999999999884 0.879000000000815 0.885000000000218
 0 0 0 0 0 0 0 0 0 0
 0 0 0 0 0 0 0 0 0 0
 1.99100000000089 2.1190000000006 2.05699999999979 2.8720000000003 2.15800000000036 3.34200000000055 3.40699999999924 3.08599999999933 2.17100000000028 2.12800000000061
 0.0110000000000809 0.0110000000000809 0.00999999999999091 0.01299999999992 0.00900000000001455 0.0120000000000573 0.0110000000000809 0.00999999999999091 0.00600000000008549 0.00600000000008549
 2.0029999999997 2.13100000000031 2.0679999999993 2.88600000000042 2.16899999999987 3.35599999999977 3.42100000000028 3.09799999999996 2.17900000000009 2.13600000000042
 0 0 0 0 0 0 0 0 0 0
 0 0 0 0 0 0 0 0 0 0
 0.416999999999462 0.434000000000196 0.453000000000429 0.429000000000087 0.443999999999505 0.568999999999505 0.661000000000058 0.559999999999491 0.425999999999476 0.43999999999869
 0.00199999999995271 0.00599999999997181 0.000999999999976353 0.00499999999999545 0.000999999999976353 0.00199999999995271 0.00799999999992451 0.000999999999976353 0.000999999999976353 0.000999999999976353
 0.421000000000276 0.440999999998894 0.454000000001543 0.434999999999491 0.445000000001528 0.572000000000116 0.670000000000073 0.564000000000306 0.427999999999884 0.441999999999098
 0 0 0 0 0 0 0 0 0 0
 0 0 0 0 0 0 0 0 0 0
 5.9350000000004 7.0010000000002 6.18599999999969 7.10500000000047 7.04600000000028 9.29600000000028 10.2849999999999 8.79399999999987 6.68999999999869 6.65699999999924
 0.0459999999999354 0.0529999999999973 0.0429999999998927 0.0500000000000682 0.0470000000000255 0.0520000000000209 0.0640000000000782 0.0509999999999309 0.0380000000000109 0.0370000000000346
 5.98700000000008 7.0600000000004 6.23300000000017 7.15999999999985 7.09799999999996 9.35599999999977 10.3559999999998 8.85199999999895 6.73300000000017 6.6989999999987
 0 0 0 0 0 0 0 0 0 0
 0 0 0 0 0 0 0 0 0 0
 324.169 315.465999999999 321.34 324.58 396.739 441.444 457.815000000001 329.503999999999 324.938 323.994000000001
 2.46699999999998 2.33500000000004 2.26800000000003 2.23899999999992 2.49000000000001 2.61800000000005 2.55499999999995 1.85800000000006 1.84000000000003 1.71699999999998
 326.894 318.054 323.865 327.119000000001 399.544 444.411 460.743999999999 331.627 327.041999999999 325.971
 0 0 0 0 0 0 0 0 0 0
 0 0 0 0 0 0 0 0 0 0
