V1 V2 V3 V4 V5 V6 V7 V8 V9 V10
sam 2.73799999999756 2.35800000000017 2.61100000000079 2.34700000000157 3.03600000000006 2.57800000000134 2.83699999999953 2.46299999999974 2.9890000000014 2.47000000000116
geode 0 0 0 0 0 0 0 0 0 0
ref 2.7390000000014 2.36100000000079 2.61200000000099 2.34800000000178 3.03800000000047 2.58000000000175 2.84000000000015 2.46500000000015 2.99200000000201 2.47300000000178
infog 0 0 0 0 0 0 0 0 0 0
func 0 0 0 0 0 0 0 0 0 0
EFSIS 0.920000000001892 0.827999999997701 0.89799999999741 0.841999999996915 0.860000000000582 0.859000000000378 0.917000000001281 0.842000000000553 0.843999999997322 0.851999999998952
 0.0240000000000009 0.0169999999999959 0.0160000000000053 0.0159999999999911 0.0240000000000009 0.0169999999999959 0.0180000000000007 0.0230000000000103 0.0230000000000103 0.0180000000000007
 0.945999999999913 0.843999999997322 0.914000000000669 0.859999999996944 0.884999999998399 0.877000000000407 0.936999999998079 0.865000000001601 0.86699999999837 0.869999999998981
 0 0 0 0 0 0 0 0 0 0
 0 0 0 0 0 0 0 0 0 0
 3.64099999999962 2.875 3.55299999999988 2.92900000000009 2.89400000000023 3.07099999999991 3.39700000000084 2.95200000000114 2.90200000000186 2.98999999999796
 0.00499999999999545 0.00300000000000011 0.00400000000000489 0.00200000000000955 0.00300000000000011 0.00100000000000477 0.00100000000000477 0.00900000000000034 0.00199999999999534 0.00199999999999534
 2.74599999999919 1.96700000000055 2.66199999999662 1.98700000000099 1.95400000000154 2.15099999999802 2.47200000000157 2.06499999999869 2.0109999999986 2.05299999999988
 0 0 0 0 0 0 0 0 0 0
 0 0 0 0 0 0 0 0 0 0
 0.456999999998516 0.42699999999968 0.460000000002765 0.441000000002532 0.480999999999767 0.433000000000902 0.479999999999563 0.434999999997672 0.447000000000116 0.476000000002387
 0.00200000000000955 0 0 0 0 0 0 0 0 0
 0.459999999999127 0.425999999999476 0.460000000002765 0.441999999999098 0.480999999999767 0.433000000000902 0.480999999999767 0.435999999997875 0.44800000000032 0.47700000000259
 0 0 0 0 0 0 0 0 0 0
 0 0 0 0 0 0 0 0 0 0
 8.13799999999901 6.84000000000015 7.86899999999878 6.91900000000169 7.64700000000084 7.33100000000195 8.08699999999953 7.08199999999852 7.53600000000006 7.17499999999927
 0.0319999999999965 0.0210000000000008 0.0200000000000102 0.0180000000000007 0.027000000000001 0.0180000000000007 0.019999999999996 0.0330000000000013 0.0250000000000057 0.019999999999996
 7.27400000000125 5.95300000000134 6.99499999999898 5.99599999999919 6.73500000000058 6.4330000000009 7.1830000000009 6.22100000000137 6.67199999999866 6.26000000000204
 0 0 0 0 0 0 0 0 0 0
 0 0 0 0 0 0 0 0 0 0
 372.217000000001 364.626 357.534 367.475999999999 370.896999999997 389.587 381.392 369.994000000002 364.528999999999 364.065999999999
 1.22500000000001 1.11999999999999 1.107 1.381 1.21599999999999 1.34 1.172 1.306 1.242 1.04599999999999
 328.349999999999 319.902999999998 313.014999999999 323.796000000002 326.377999999997 344.540000000001 336.110999999997 326.552 321.437000000002 319.375
 0 0 0 0 0 0 0 0 0 0
 0 0 0 0 0 0 0 0 0 0
