V1 V2 V3 V4 V5 V6 V7 V8 V9 V10
sam 4.41300000000047 3.10800000000017 4.59800000000178 2.71699999999691 2.67000000000189 2.80299999999988 2.5470000000023 2.60800000000017 2.4330000000009 2.71399999999994
geode 0 0 0.00200000000000244 0 0 0 0 0 0 0
ref 4.85599999999977 3.11100000000079 6.42499999999927 2.71900000000096 2.67399999999907 2.80600000000049 2.55000000000291 2.61099999999715 2.43499999999767 2.71700000000055
infog 0 0 0 0 0 0 0 0 0 0
func 0 0 0 0 0 0 0 0 0 0
EFSIS 1.66100000000006 0.844999999999345 0.995999999999185 1.41700000000128 0.866000000001804 0.858000000000175 0.884999999998399 0.824000000000524 0.828999999997905 0.847000000001572
 0.0180000000000007 0.0280000000000058 0.0419999999999945 0.0189999999999984 0.0169999999999959 0.0200000000000031 0.0169999999999959 0.0189999999999984 0.0180000000000007 0.019999999999996
 2.45900000000074 0.873999999999796 1.03700000000026 1.43800000000192 0.884000000001834 0.879000000000815 0.901999999998225 0.843000000000757 0.848000000001775 0.868999999998778
 0 0 0 0 0 0 0 0 0 0
 0 0 0 0 0 0 0 0 0 0
 4.42299999999886 3.0630000000001 3.38099999999758 2.99699999999939 3.15000000000146 3.45600000000195 2.9429999999993 3.24799999999959 3.03900000000067 3.35199999999895
 0.00500000000000256 0.000999999999997669 0.0770000000000053 0.00999999999999801 0.00200000000000244 0.000999999999997669 0.00400000000000489 0.00900000000000034 0.00199999999999534 0.00300000000000011
 4.05299999999988 2.20900000000074 2.54799999999886 2.10899999999674 2.27499999999782 2.51900000000023 2.01399999999921 2.3760000000002 2.08899999999994 2.45000000000073
 0 0 0 0 0 0 0 0 0 0
 0 0 0 0 0 0 0 0 0 0
 0.895000000000437 0.472999999999956 0.523000000001048 0.442000000002736 0.492999999998574 0.479999999999563 0.507000000001426 0.44800000000032 0.43500000000131 0.463999999999942
 0 0 0 0 0 0 0 0 0 0
 1.17300000000068 0.471999999999753 0.522000000000844 0.442000000002736 0.492000000002008 0.480999999999767 0.509000000001834 0.447000000000116 0.433999999997468 0.463999999999942
 0 0 0 0 0 0 0 0 0 0
 0 0 0 0 0 0 0 0 0 0
 12.1839999999993 7.86299999999937 9.88300000000163 7.96500000000015 7.55500000000029 7.96500000000015 7.26499999999942 7.53900000000067 7.11999999999898 7.78100000000268
 0.0230000000000032 0.0290000000000035 0.121000000000002 0.0289999999999964 0.0200000000000031 0.0220000000000056 0.0210000000000008 0.0279999999999987 0.019999999999996 0.0229999999999961
 13.4979999999996 7.04100000000108 10.9199999999983 7.10100000000239 6.70200000000114 7.05400000000009 6.35800000000017 6.68799999999828 6.1919999999991 6.90399999999863
 0 0 0 0 0 0 0 0 0 0
 0 0 0 0 0 0 0 0 0 0
 583.565000000001 575.921 445.358999999997 378.797999999999 387.82 385.431 386.037 372.356 382.934000000001 366.911
 1.416 1.311 1.196 1.323 1.087 1.15 1.095 1.298 1.16 1.09800000000001
 654.758000000002 636.311 438.628000000001 335.339 342.584999999999 339.670999999998 341.290000000001 329.583999999999 338.866999999998 322.474000000002
 0 0 0 0 0 0 0 0 0 0
 0 0 0 0 0 0 0 0 0 0
