V1 V2 V3 V4 V5 V6 V7 V8 V9 V10
sam 3.73600000003353 3.78599999996368 4.39599999994971 3.72800000000279 3.90000000002328 3.73200000007637 3.78300000005402 4.21900000004098 3.73399999993853 3.67800000007264
geode 0.0350000000034925 0.0359999999927823 0.0409999999974389 0.0350000000034925 0.0360000000073342 0.0350000000034925 0.0349999999889405 0.0389999999897555 0.0350000000034925 0.0339999999996508
ref 3.77400000020862 3.82400000002235 4.43999999994412 3.76599999982864 3.93999999994412 3.77100000018254 3.82099999999627 4.26200000010431 3.77199999988079 3.71400000015274
infog 0 0 0 0 0 0 0 0 0 0
func 0 0 0 0 0 0 0 0 0 0
EFSIS 0.827999999979511 0.854999999981374 0.853000000002794 0.828000000095926 0.878000000026077 0.858000000007451 0.85999999998603 0.821999999927357 0.834000000031665 0.834999999962747
 0.00800000000162981 0.00800000000162981 0.00800000000162981 0.00800000000162981 0.0089999999909196 0.00800000000162981 0.00800000000162981 0.00800000000162981 0.00699999999778811 0.00800000000162981
 0.836999999824911 0.864000000059605 0.86200000019744 0.837000000290573 0.886999999638647 0.865999999921769 0.868000000249594 0.83199999993667 0.842000000178814 0.842999999877065
 0 0 0 0 0 0 0 0 0 0
 0 0 0 0 0 0 0 0 0 0
 3.38299999991432 3.4100000000326 3.32200000004377 3.33299999998417 3.75899999996182 3.375 3.47199999995064 3.27100000006612 3.3190000000177 3.32200000004377
 0.0359999999927823 0.0420000000012806 0.0320000000065193 0.0439999999944121 0.0380000000004657 0.032999999995809 0.0360000000073342 0.047999999995227 0.0339999999996508 0.0359999999927823
 2.02600000007078 2.11599999992177 2.06399999978021 2.13400000007823 2.58300000010058 2.11899999994785 2.15299999993294 1.99699999997392 2.06900000013411 2.09599999990314
 0 0 0 0 0 0 0 0 0 0
 0 0 0 0 0 0 0 0 0 0
 0.450000000069849 0.456000000005588 0.430999999982305 0.437999999965541 0.427000000025146 0.429000000003725 0.437000000034459 0.416999999899417 0.424999999930151 0.442999999970198
 0.00400000000081491 0.00400000000081491 0.00400000000081491 0.00400000000081491 0.00400000000081491 0.00400000000081491 0.00400000000081491 0.00300000001152512 0.00400000000081491 0.00400000000081491
 0.446999999694526 0.450999999884516 0.435000000055879 0.442999999970198 0.43099999986589 0.427999999839813 0.441999999806285 0.419999999925494 0.4269999996759 0.447999999858439
 0 0 0 0 0 0 0 0 0 0
 0 0 0 0 0 0 0 0 0 0
 8.80900000000838 8.92299999995157 9.49099999992177 8.77200000011362 9.40800000005402 8.81599999999162 8.96999999997206 9.15300000004936 8.73499999998603 8.69799999997485
 0.0869999999995343 0.0939999999973224 0.0899999999965075 0.0960000000050059 0.0910000000003492 0.0840000000025611 0.0869999999995343 0.101999999998952 0.0840000000025611 0.0859999999956926
 7.5 7.67800000030547 8.29400000022724 7.63100000005215 8.28999999957159 7.61100000003353 7.70600000023842 7.93900000024587 7.53700000001118 7.52600000007078
 0 0 0 0 0 0 0 0 0 0
 0 0 0 0 0 0 0 0 0 0
 477.947999999975 485.724000000046 487.925000000047 475.644999999902 489.271999999997 480.857000000076 478.550999999978 470.746000000043 474.890000000014 479.759000000078
 4.78399999999965 4.84799999999814 4.85900000001129 4.90499999999884 4.90099999999802 4.78600000000733 4.75999999999476 4.875 4.71899999999732 4.78399999999965
 420.14000000013 427.382999999914 431.126999999862 421.862999999896 431.858000000007 421.354999999981 417.731999999844 413.25 414.648000000045 422.271999999881
 0 0 0 0 0 0 0 0 0 0
 0 0 0 0 0 0 0 0 0 0
