V1 V2 V3 V4 V5 V6 V7 V8 V9 V10
sam 3.85500000000002 3.51499999999999 4.17400000000009 3.47400000000005 4.221 3.01299999999992 3.63299999999992 3.01499999999987 3.36799999999994 2.7829999999999
geode 0.0589999999999975 0.0329999999999941 0.0390000000000015 0.0319999999999965 0.0309999999999988 0.0319999999999965 0.0409999999999968 0.0360000000000014 0.0370000000000061 0.0370000000000061
ref 3.91799999999989 3.54999999999995 4.21600000000012 3.50999999999999 4.25499999999988 3.04700000000003 3.67600000000016 3.05399999999986 3.40700000000015 2.82299999999987
infog 0 0 0 0 0 0 0 0 0 0
func 0 0 0 0 0 0 0 0 0 0
EFSOS 1.35699999999997 2.04100000000005 1.71899999999994 1.31499999999994 1.327 1.077 1.38200000000006 1.04999999999995 1.298 1.08500000000004
EFSIS 0.0249999999999986 0.0900000000000034 0.0279999999999987 0.0240000000000009 0.0260000000000034 0.0220000000000056 0.0229999999999961 0.027000000000001 0.0210000000000008 0.0259999999999962
 1.38200000000006 2.13499999999999 1.74799999999982 1.33899999999994 1.35500000000002 1.09899999999993 1.40499999999997 1.07799999999997 1.32099999999991 1.1110000000001
 0 0 0 0 0 0 0 0 0 0
 0 0 0 0 0 0 0 0 0 0
 3.12600000000009 2.93000000000006 3.11800000000005 3.1350000000001 4.245 2.55700000000002 3.05499999999995 3.09400000000005 2.9849999999999 2.50700000000006
 0.0110000000000028 0.0429999999999993 0.00600000000000023 0.00800000000000267 0.0829999999999984 0.00699999999999079 0.0120000000000005 0.063999999999993 0.00799999999999557 0.00799999999999557
 3.1389999999999 2.97500000000014 3.12800000000016 3.14499999999998 4.3309999999999 2.56700000000001 3.06999999999994 3.16000000000008 2.99499999999989 2.51700000000005
 0 0 0 0 0 0 0 0 0 0
 0 0 0 0 0 0 0 0 0 0
 0.58299999999997 0.553999999999974 0.581999999999994 0.573999999999955 0.680000000000064 0.524999999999977 0.586000000000013 0.534000000000106 0.594000000000051 0.506999999999834
 0.0140000000000029 0 0.0120000000000005 0.000999999999997669 0.000999999999997669 0.0100000000000051 0.00100000000000477 0 0.00100000000000477 0.00300000000000011
 0.59900000000016 0.55399999999986 0.593999999999824 0.576000000000022 0.680000000000064 0.536000000000058 0.586999999999989 0.533999999999878 0.595000000000027 0.509999999999991
 0 0 0 0 0 0 0 0 0 0
 0 0 0 0 0 0 0 0 0 0
 9.46900000000005 9.56200000000001 10.0880000000001 9.02100000000007 11.0970000000001 7.59399999999994 9.14599999999996 8.12899999999991 8.73900000000003 7.31799999999998
 0.109999999999999 0.167999999999999 0.0859999999999985 0.0649999999999977 0.144999999999996 0.070999999999998 0.078000000000003 0.131 0.0670000000000073 0.0739999999999981
 9.58699999999999 9.73700000000008 10.182 9.09299999999985 11.2489999999998 7.67100000000005 9.23099999999999 8.26699999999983 8.81200000000013 7.39899999999989
 0 0 0 0 0 0 0 0 0 0
 0 0 0 0 0 0 0 0 0 0
 31.285 30.766 34.7439999999999 39.521 34.082 37.202 33.432 34.0060000000001 33.808 30.1389999999999
 2.257 2.41399999999999 2.442 2.65 2.69200000000001 9.22799999999999 2.43899999999999 2.322 2.553 2.108
 47.5359999999998 46.7649999999999 52.173 55.0530000000001 71.511 102.629 50.8760000000002 49.3380000000002 49.953 64.133
 615.829 538.099999999999 636.132000000001 558.092999999999 385.684000000001 1814.35 586.059999999998 566.283000000003 578.789999999997 404.189000000002
 61.9759999999999 49.8150000000001 69.328 48.489 629.108 524.189 48.2009999999996 49.9460000000004 47.9209999999998 615.866
