V1 V2 V3 V4 V5 V6 V7 V8 V9 V10
sam 2.52700000000004 2.43499999999995 2.41700000000037 2.41999999999962 2.45900000000029 2.4970000000003 2.45600000000013 2.45100000000002 2.89600000000019 4.10199999999986
geode 0.0420000000000016 0.0250000000000057 0.046999999999997 0.046999999999997 0.0439999999999827 0.0490000000000066 0.0449999999999875 0.0409999999999968 0.0390000000000157 0.0769999999999982
ref 2.57099999999991 2.46299999999974 2.46600000000035 2.46900000000005 2.50600000000031 2.54700000000048 2.50399999999991 2.49300000000039 2.93700000000081 4.18199999999979
infog 0 0 0 0 0 0 0 0 0 0
func 0 0 0 0 0 0 0 0 0 0
EFSOS 0.883000000000266 0.840999999999894 0.846999999999753 0.847999999999956 0.869999999999891 0.850999999999658 0.855999999999767 0.800999999999931 1.08600000000024 1.69800000000032
EFSIS 0.0190000000000055 0.0240000000000009 0.0199999999999818 0.0190000000000055 0.0240000000000009 0.0209999999999866 0.021000000000015 0.0180000000000007 0 0.0430000000000064
 0.902999999999793 0.864999999999782 0.867999999999483 0.868000000000393 0.895000000000437 0.872999999999593 0.876999999999498 0.819999999999709 1.08599999999933 1.74300000000039
 0 0 0 0 0 0 0 0 0 0
 0 0 0 0 0 0 0 0 0 0
 2.50900000000001 2.0590000000002 2.01499999999987 2.05700000000024 2.07899999999972 2.19100000000026 2.15099999999984 2.13700000000017 2.51599999999962 3.40099999999984
 0.103000000000009 0.007000000000005 0.0160000000000196 0.0120000000000005 0.0200000000000102 0.01400000000001 0.0199999999999818 0.00500000000002387 0.0029999999999859 0.0849999999999795
 2.61500000000024 2.06800000000021 2.03200000000015 2.07099999999991 2.09999999999945 2.20700000000033 2.17199999999957 2.14400000000023 2.52100000000064 3.48800000000028
 0 0 0 0 0 0 0 0 0 0
 0 0 0 0 0 0 0 0 0 0
 0.423999999999978 0.442000000000007 0.442000000000007 0.454000000000178 0.430000000000291 0.429999999999836 0.427000000000135 0.442999999999756 0.496000000000095 0.596000000000004
 0 0.0130000000000052 0.00899999999998613 0 0 0.00899999999998613 0.00900000000001455 0.000999999999976353 0.00300000000001432 0
 0.423000000000229 0.454999999999927 0.451000000000022 0.453999999999724 0.430000000000291 0.438999999999396 0.436000000000604 0.444999999999709 0.500999999999294 0.596000000000458
 0 0 0 0 0 0 0 0 0 0
 0 0 0 0 0 0 0 0 0 0
 6.72400000000016 6.1579999999999 6.09100000000035 6.1569999999997 6.22000000000025 6.35699999999997 6.279 6.21399999999994 7.43900000000031 10.3029999999999
 0.167000000000002 0.0690000000000168 0.0919999999999845 0.078000000000003 0.0879999999999939 0.0929999999999893 0.0949999999999989 0.0649999999999977 0.0450000000000159 0.204999999999984
 6.89699999999993 6.23300000000017 6.1869999999999 6.24099999999999 6.3130000000001 6.45500000000084 6.37899999999991 6.28300000000036 7.48900000000049 10.5169999999998
 0 0 0 0 0 0 0 0 0 0
 0 0 0 0 0 0 0 0 0 0
 28.3339999999998 27.453 28.2079999999996 28.0329999999999 28.5989999999997 28.6730000000002 28.7750000000001 32.174 32.3440000000001 33.3720000000003
 1.953 1.976 5.733 1.92599999999999 1.94399999999999 2.10900000000001 1.91499999999999 1.99700000000001 2.434 2.75999999999999
 39.5279999999998 38.8459999999995 64.4629999999997 39.5730000000003 40.2370000000001 41.0779999999995 41.1929999999993 44.0219999999999 49.1589999999997 51.0300000000007
 393.5 392.639999999999 1259.268 404.102999999996 409.502 446.080000000002 433.18 398.231999999996 625.802000000003 596.398999999998
 46.54 45.0300000000007 137.946999999999 45.8380000000006 47.4920000000002 46.8949999999995 46.0950000000003 45.6489999999994 71.2380000000003 72.7030000000004
