V1 V2 V3 V4 V5 V6 V7 V8 V9 V10
sam 2.41100000000006 2.40099999999984 3.07999999999993 2.52099999999973 2.44199999999955 2.49699999999984 2.48000000000002 2.39799999999968 2.36099999999988 2.88999999999987
geode 0.054000000000002 0.0480000000000018 0.125 0.0309999999999775 0.0410000000000252 0.0460000000000207 0.0490000000000066 0.0340000000000202 0.061000000000007 0.146999999999991
ref 2.46600000000035 2.44999999999982 3.20800000000008 2.55400000000009 2.48399999999992 2.54600000000028 2.53099999999995 2.4350000000004 2.42500000000018 3.03800000000001
infog 0 0 0 0 0 0 0 0 0 0
func 0 0 0 0 0 0 0 0 0 0
EFSOS 0.8449999999998 0.826000000000022 0.856999999999971 0.849999999999909 0.863000000000284 0.856000000000222 0.853999999999814 0.838000000000193 0.826000000000022 0.827000000000226
EFSIS 0.018999999999977 0.0349999999999966 0.025999999999982 0.01400000000001 0.0219999999999914 0.0199999999999818 0.0190000000000055 0.0179999999999723 0.0180000000000007 0.0169999999999959
 0.864999999999782 0.862999999999829 0.882999999999811 0.865999999999985 0.885999999999967 0.875999999999749 0.873000000000047 0.855999999999767 0.844000000000051 0.846000000000004
 0 0 0 0 0 0 0 0 0 0
 0 0 0 0 0 0 0 0 0 0
 2.00800000000027 2.03900000000021 2.01199999999972 2.49200000000019 2.03999999999996 2.17499999999973 2.57000000000016 1.95899999999983 1.95600000000013 1.97199999999975
 0.0160000000000196 0.0150000000000148 0.007000000000005 0.108000000000004 0.00999999999999091 0.0120000000000005 0.0319999999999823 0.00900000000001455 0.0130000000000052 0.0130000000000052
 2.02500000000009 2.05600000000004 2.01999999999998 2.60100000000011 2.05200000000013 2.18899999999985 2.60500000000002 1.9699999999998 1.971 1.98600000000033
 0 0 0 0 0 0 0 0 0 0
 0 0 0 0 0 0 0 0 0 0
 0.451999999999771 0.430999999999585 0.423999999999978 0.440999999999804 0.445000000000164 0.449000000000069 0.429000000000087 0.434999999999945 0.420000000000073 0.421000000000276
 0.00999999999999091 0.0139999999999816 0.00899999999998613 0.00100000000000477 0 0.007000000000005 0.00800000000000978 0 0 0
 0.463999999999942 0.446000000000367 0.434000000000196 0.442999999999756 0.445000000000164 0.456000000000131 0.436999999999898 0.437000000000353 0.419999999999618 0.422000000000025
 0 0 0 0 0 0 0 0 0 0
 0 0 0 0 0 0 0 0 0 0
 6.09500000000025 6.07699999999977 6.75399999999991 6.68399999999974 6.16399999999976 6.36299999999983 6.721 5.9989999999998 5.93499999999995 6.47800000000007
 0.0989999999999895 0.111999999999995 0.168999999999983 0.155000000000001 0.0730000000000075 0.085000000000008 0.108000000000004 0.061000000000007 0.092000000000013 0.177999999999997
 6.19900000000007 6.19499999999971 6.92799999999988 6.84400000000005 6.24200000000019 6.45299999999997 6.83500000000004 6.06500000000005 6.03200000000015 6.66100000000006
 0 0 0 0 0 0 0 0 0 0
 0 0 0 0 0 0 0 0 0 0
 27.6900000000001 26.7730000000001 26.8539999999998 27.4070000000002 29.5480000000002 27.895 26.4589999999998 26.3960000000002 26.402 27.2449999999999
 3.577 2.005 2.13300000000001 2.10199999999998 2.18000000000001 2.02799999999999 2.04599999999999 2.065 1.77199999999999 1.84899999999999
 50.3890000000001 37.3990000000003 37.6860000000001 38.9450000000002 41.0349999999999 39.5500000000002 37.96 38.0100000000002 36.8709999999996 37.7470000000003
 804.961000000003 377.021000000001 376.161999999997 396.332000000002 402.927000000003 407.157999999996 398.080000000002 404.763999999996 375.538 369.069000000003
 90.4740000000002 30.9349999999995 33.902 47.6260000000002 44.9790000000003 44.875 46.0299999999997 46.3999999999996 33.5050000000001 34.625
