V1 V2 V3 V4 V5 V6 V7 V8 V9 V10
sam 2.44299999999976 2.90099999999984 2.22899999999981 2.18899999999985 2.75400000000036 2.28899999999976 2.45600000000013 2.81099999999969 2.32499999999982 2.27099999999973
geode 0.177000000000135 0.235000000000127 0.208000000000084 0.238000000000284 0.30600000000004 0.231999999999971 0.226000000000113 0.236000000000331 0.179000000000087 0.168999999999869
ref 2.62100000000009 3.13900000000012 2.44000000000051 2.42799999999988 3.0619999999999 2.52300000000105 2.68299999999908 3.04899999999907 2.50400000000081 2.4429999999993
infog 0 0 0 0 0 0 0 0 0 0
func 0 0 0 0 0 0 0 0 0 0
EFSOS 0.186999999999898 0.695000000000164 0.201000000000022 0.0590000000001965 0.768000000000029 0.802000000000135 0.792999999999665 0.9350000000004 0.753999999999905 0.775000000000546
EFSIS 3.89400000000001 4.06299999999987 4.52399999999989 21.1169999999997 0.101999999999862 0.0929999999998472 0.0879999999997381 0.0940000000000509 0.0749999999998181 0.0700000000001637
 6.29299999999967 7.90999999999985 9.51299999999992 35.759 0.8700000000008 0.894999999998618 0.882999999999811 1.03100000000086 0.831000000000131 0.845000000001164
 0 0 0 0 0 0 0 0 0 0
 0 0 0 0 0 0 0 0 0 0
 2.28300000000036 1.02500000000009 0.413000000000011 0 2.32199999999966 2.07600000000002 2.10000000000036 2.17500000000018 1.92900000000009 1.95399999999972
 0.183999999999969 1.14499999999998 0.745000000000346 0 0.273000000000138 0.210000000000036 0.19399999999996 0.182000000000244 0.149000000000342 0.145999999999731
 2.67299999999977 2.1880000000001 2.1899999999996 2.92000000000007 2.59799999999996 2.28800000000047 2.29700000000048 2.35899999999856 2.07899999999972 2.10299999999916
 0 0 0 0 0 0 0 0 0 0
 0 0 0 0 0 0 0 0 0 0
 0.402999999999793 0.399999999999636 0.411999999999807 0 0.405999999999949 0.411999999999807 0.442000000000007 0.393999999999323 0.41399999999976 0.398000000000138
 0.0289999999999964 0.0340000000001055 0.0389999999997599 0 0.0540000000000873 0.0419999999999163 0.0410000000001673 0.0329999999999018 0.0339999999996508 0.0370000000002619
 0.431000000000495 0.434999999999491 0.451000000000022 0.429999999999382 0.459999999999127 0.453999999999724 0.481999999999971 0.427000000001499 0.449999999998909 0.434999999999491
 0 0 0 0 0 0 0 0 0 0
 0 0 0 0 0 0 0 0 0 0
 5.69499999999971 5.38400000000001 3.59899999999971 2.24800000000005 6.58699999999999 6.31700000000001 6.16300000000047 6.6840000000002 5.77999999999975 5.74600000000009
 4.31100000000015 5.50600000000009 5.54800000000023 23.1600000000003 0.771999999999935 0.65099999999984 0.583000000000084 0.577000000000226 0.465000000000146 0.446999999999662
 12.424 14.0640000000003 14.9710000000005 41.9359999999997 7.36499999999978 6.97400000000016 6.75299999999879 7.26599999999962 6.25 6.19800000000032
 0 0 0 0 0 0 0 0 0 0
 0 0 0 0 0 0 0 0 0 0
 225.605 195.249 185.505 263.347 334.617 335.904 362.396 359.023 353.351 349.851
 248.124 301.388 384.949 238.412 36.3560000000002 33.2750000000001 33.0339999999997 29.9360000000001 27.3629999999998 25.1980000000003
 669.293 756.343 881.438999999999 666.634 371.282000000001 369.475 395.754000000001 389.306 381.018 375.350999999999
 0 0 0 0 0 0 0 0 0 0
 0 0 0 0 0 0 0 0 0 0
