V1 V2 V3 V4 V5 V6 V7 V8 V9 V10
sam 2.44000000000233 2.37800000000061 2.42900000000009 2.42199999999866 3.28299999999945 3.28600000000006 3.25200000000041 0 2.35699999999997 3.01199999999881
geode 0.000999999999976353 0.000999999999976353 0.000999999999976353 0.00399999999990541 0.00199999999995271 0.00199999999995271 0.00199999999995271 0 0.00599999999985812 0.00999999999976353
ref 2.4429999999993 2.38100000000122 2.43400000000111 2.42699999999968 3.28800000000047 3.29099999999744 3.25600000000122 2.48700000000099 2.36499999999796 3.02399999999761
infog 0 0 0 0 0 0 0 0 0 0
func 0 0 0 0 0 0 0 0 0 0
EFSOS 0.860000000000582 0.834000000002561 0.863000000001193 0.84400000000096 1.3650000000016 1.32000000000335 0.245999999999185 0 0.158999999999651 0.545000000001892
EFSIS 0.0260000000000673 0.0220000000001619 0.0199999999999818 0.0190000000000055 0.0319999999999254 0.0319999999999254 30.107 28.425 50.415 4.10600000000022
 0.886999999998807 0.858000000000175 0.882999999997992 0.862999999997555 1.39799999999741 1.35300000000279 35.9709999999977 54.6039999999994 56.8479999999981 9.63999999999942
 0 0 0 0 0 0 0 0 0 0
 0 0 0 0 0 0 0 0 0 0
 2.35599999999977 2.36199999999735 2.04699999999866 2.01900000000023 2.97699999999895 2.77399999999761 0 0 0 0
 0.000999999999976353 0.00199999999995271 0.00299999999992906 0.012000000000171 0.00200000000018008 0.00199999999995271 0 0 0 3.89999999999964
 2.35800000000017 2.36499999999796 2.05099999999948 2.03299999999945 2.98099999999977 2.77799999999843 3.24200000000201 2.0570000000007 2.04300000000512 2.04000000000087
 0 0 0 0 0 0 0 0 0 0
 0 0 0 0 0 0 0 0 0 0
 0.431999999997061 0.409999999999854 0.773000000001048 0.433000000000902 0.559000000001106 0.570999999999913 0 0 0 0
 0.0080000000000382 0.00199999999995271 0 0.00899999999978718 0.000999999999976353 0 0 0 0 0
 0.441000000002532 0.412000000000262 0.773000000001048 0.444000000003143 0.56000000000131 0.572000000000116 0.593999999997322 0.425999999999476 0.422999999995227 0.408999999999651
 0 0 0 0 0 0 0 0 0 0
 0 0 0 0 0 0 0 0 0 0
 6.45100000000093 6.36900000000242 6.48300000000017 6.08599999999933 8.70200000000114 8.45900000000256 3.49799999999959 0 2.51599999999962 3.5570000000007
 0.0370000000000346 0.0270000000000437 0.0239999999998872 0.0450000000000728 0.0370000000000346 0.0369999999998072 30.1089999999999 28.425 50.4209999999998 8.01599999999962
 6.49299999999857 6.40100000000166 6.51199999999881 6.1359999999986 8.74599999999919 8.50299999999697 43.6519999999982 59.9660000000003 62.0329999999958 15.4809999999998
 0 0 0 0 0 0 0 0 0 0
 0 0 0 0 0 0 0 0 0 0
 314.374 320.439999999999 317.874 390.351000000002 425.261999999999 424.312999999998 53.6460000000006 1.84900000000198 137.214 261.066999999999
 1.41499999999996 1.27500000000009 1.57300000000009 1.56999999999994 1.82399999999984 1.82300000000009 577.296 556.916 315.038 234.154
 316.042000000001 321.970000000001 319.704000000002 392.243999999999 427.422999999999 426.470000000001 923.130000000001 881.333000000002 650.042000000001 624.714
 0 0 0 0 0 0 0 0 0 0
 0 0 0 0 0 0 0 0 0 0
