V1 V2 V3 V4 V5 V6 V7 V8 V9 V10
sam 2.46799999999985 2.42200000000003 2.92900000000009 2.49299999999994 2.55000000000018 2.52199999999993 2.76200000000017 2.42999999999984 3.28499999999985 3.45599999999968
geode 0.0250000000000057 0.0380000000000109 0.0289999999999964 0.0300000000000011 0.0339999999999918 0.0349999999999966 0.0160000000000196 0.0360000000000014 0.0360000000000014 0.0450000000000159
ref 2.49499999999989 2.46299999999974 2.96100000000024 2.52400000000034 2.58600000000024 2.55999999999949 2.78200000000015 2.46799999999985 3.32400000000052 3.50400000000081
infog 0 0 0 0 0 0 0 0 0 0
func 0 0 0 0 0 0 0 0 0 0
EFSOS 0.840000000000146 0.830000000000382 1.34900000000016 0.858999999999924 0.877999999999702 0.847000000000207 0.855000000000018 0.833000000000084 1.32400000000007 1.07800000000043
EFSIS 0.0149999999999864 0.0180000000000007 0.0240000000000009 0.0190000000000055 0.0220000000000198 0.0200000000000102 0.0199999999999818 0.0250000000000057 0.0279999999999916 0.0250000000000057
 0.854999999999563 0.847999999999956 1.3739999999998 0.878999999999905 0.899999999999636 0.867000000000189 0.875 0.859000000000378 1.35199999999986 1.10399999999936
 0 0 0 0 0 0 0 0 0 0
 0 0 0 0 0 0 0 0 0 0
 2.07400000000007 2.11199999999963 2.44499999999971 2.1850000000004 2.11100000000033 2.11999999999989 2.39600000000019 2.03800000000001 2.98700000000008 3.09199999999964
 0.0120000000000005 0.00600000000000023 0.0889999999999986 0.00399999999999068 0.00600000000000023 0.0130000000000052 0.0790000000000077 0.00399999999999068 0.0109999999999957 0.106999999999999
 2.08800000000065 2.1200000000008 2.53600000000006 2.1899999999996 2.11999999999989 2.13500000000022 2.47800000000007 2.04299999999967 3.0010000000002 3.20100000000002
 0 0 0 0 0 0 0 0 0 0
 0 0 0 0 0 0 0 0 0 0
 0.422999999999774 0.430000000000291 0.432999999999993 0.449999999999818 0.434999999999945 0.458000000000084 0.425000000000182 0.423999999999978 0.561999999999898 0.492999999999938
 0 0 0 0 0.00199999999998113 0.00199999999998113 0.00499999999999545 0.00100000000000477 0.007000000000005 0.0129999999999768
 0.423999999999978 0.429999999999382 0.432999999999993 0.449999999999818 0.436999999999898 0.460999999999331 0.430000000000291 0.42699999999968 0.570999999999913 0.506000000000313
 0 0 0 0 0 0 0 0 0 0
 0 0 0 0 0 0 0 0 0 0
 6.1869999999999 6.1840000000002 7.529 6.38599999999997 6.36000000000013 6.31800000000021 6.80000000000018 6.11000000000013 8.65499999999975 8.57699999999977
 0.0519999999999925 0.0620000000000118 0.146999999999991 0.0529999999999973 0.063999999999993 0.0699999999999932 0.121000000000009 0.0660000000000025 0.0819999999999936 0.192000000000007
 6.24499999999989 6.2510000000002 7.68199999999979 6.44400000000041 6.42900000000009 6.39300000000003 6.92700000000059 6.18099999999959 8.7440000000006 8.77600000000075
 0 0 0 0 0 0 0 0 0 0
 0 0 0 0 0 0 0 0 0 0
 29.4059999999999 30.578 27.5950000000003 29.2380000000003 29.3819999999996 27.6590000000001 28.1569999999997 31.1420000000003 38.6019999999999 34.8630000000003
 3.74299999999999 3.68100000000001 2 2.02500000000001 2.07000000000002 2.035 1.886 1.88 2.779 4.898
 51.3090000000002 51.2920000000004 38.3490000000002 40.9769999999999 40.299 38.5729999999994 43.3939999999993 41.6170000000002 54.4299999999994 65.8009999999995
 769.266000000003 736.796999999999 379.413999999997 398.633000000002 385.237999999998 384.895000000004 358.563000000002 375.669999999998 554.123999999996 1121.421
 77.7119999999995 64.2540000000008 35.3849999999984 49.773000000001 33.4300000000003 33.6090000000004 171.281999999999 34.3450000000012 49.5 107.617999999999
