V1 V2 V3 V4 V5 V6 V7 V8 V9 V10
sam 2.43000000000029 2.71699999999691 2.86899999999878 3.22499999999854 2.87199999999575 2.54699999999866 2.56300000000192 2.36299999999756 2.46999999999389 2.6710000000021
geode 0 0 0 0 0 0 0 0.000999999999990564 0 0
ref 2.43000000000029 2.71799999999348 2.87099999999919 3.22800000000279 2.875 2.54899999999907 2.56399999999849 2.36499999999796 2.47099999999773 2.6730000000025
infog 0 0 0 0 0 0 0 0 0 0
func 0 0 0 0 0 0 0 0 0 0
EFSIS 0.84599999999773 0.845000000001164 0.868999999998778 0.813999999998487 0.897000000004482 0.838999999999942 0.870999999999185 0.832000000002154 0.802000000003318 0.838000000003376
 0.0240000000000009 0.0229999999999961 0.0190000000000055 0.0190000000000055 0.0170000000000101 0.0180000000000007 0.0200000000000102 0.0250000000000057 0.0220000000000056 0.0189999999999912
 0.872000000003027 0.869000000006054 0.889999999999418 0.832000000002154 0.915000000000873 0.858000000000175 0.891999999999825 0.859000000004016 0.825000000004366 0.856999999996333
 0 0 0 0 0 0 0 0 0 0
 0 0 0 0 0 0 0 0 0 0
 3.23099999999977 3.79499999999825 3.33600000000297 2.96499999999651 3.82099999999627 3.18499999999767 3.17500000000291 2.85300000000279 2.96699999999691 3.26499999999942
 0.00100000000000477 0.00300000000000011 0.00600000000000023 0.0159999999999911 0.00600000000000023 0.00499999999999545 0.00499999999999545 0.0100000000000051 0.00600000000000023 0.00100000000000477
 2.34100000000035 2.86899999999878 2.37299999999959 2.10599999999977 2.90600000000268 2.26199999999517 2.23599999999715 1.99199999999837 2.12900000000081 2.39400000000023
 0 0 0 0 0 0 0 0 0 0
 0 0 0 0 0 0 0 0 0 0
 0.436000000001513 0.493000000002212 0.44999999999709 0.440000000002328 0.476999999998952 0.502999999996973 0.447999999996682 0.447999999996682 0.434000000001106 0.463999999999942
 0 0 0 0 0 0 0 0 0 0
 0.436999999998079 0.493000000002212 0.44999999999709 0.438999999998487 0.47899999999936 0.502000000000407 0.447000000000116 0.449000000000524 0.434000000001106 0.463999999999942
 0 0 0 0 0 0 0 0 0 0
 0 0 0 0 0 0 0 0 0 0
 7.30999999999767 8.22899999999936 7.92399999999907 7.83099999999831 8.48399999999674 7.44499999999971 7.4539999999979 6.85199999999895 7.06099999999424 7.63799999999901
 0.0250000000000057 0.0259999999999962 0.0250000000000057 0.0349999999999966 0.0230000000000103 0.0229999999999961 0.0250000000000057 0.0360000000000014 0.0280000000000058 0.0210000000000008
 6.44800000000396 7.3289999999979 6.98399999999674 6.99300000000221 7.59200000000419 6.54400000000169 6.53800000000047 6.02000000000407 6.24700000000303 6.78800000000047
 0 0 0 0 0 0 0 0 0 0
 0 0 0 0 0 0 0 0 0 0
 375.533000000003 381.260000000002 391.639999999999 383.317999999999 389.806000000004 390.225999999995 381.889000000003 371.200000000004 392.855000000003 381.341
 1.206 1.09699999999999 1.136 1.29700000000001 1.09999999999999 1.071 1.13800000000001 1.39399999999999 1.11099999999999 1.163
 331.411 337.084000000003 346.347000000002 340.110000000001 344.826000000001 344.951000000001 337.464 328.529999999999 349.163 337.299999999996
 0 0 0 0 0 0 0 0 0 0
 0 0 0 0 0 0 0 0 0 0
