V1 V2 V3 V4 V5 V6 V7 V8 V9 V10
sam 2.38799999999901 2.36899999999878 4.21000000000276 3.7609999999986 2.5669999999991 2.62700000000041 2.50800000000163 6.28499999999985 2.42099999999846 2.42799999999988
geode 0.0230000000001382 0.0219999999999345 0.0850000000000364 0.0329999999999018 0.0219999999999345 0.0219999999999345 0.0199999999999818 0.0500000000001819 0.0189999999997781 0.0180000000000291
ref 2.41500000000087 2.39199999999983 4.29899999999907 3.79799999999886 2.59100000000035 2.65200000000186 2.52999999999884 6.34000000000015 2.4429999999993 2.44799999999668
infog 0 0 0 0 0 0 0 0 0 0
func 0 0 0 0 0 0 0 0 0 0
EFSOS 0.931000000000495 0.922000000002299 0.953999999997905 1.02400000000125 0.954000000001543 0.841000000000349 1.08299999999872 0.937999999998283 0.947000000000116 0.805000000000291
EFSIS 0.0280000000002474 0.0289999999999964 0.0299999999997453 0.0260000000002947 0.0289999999999964 0.0250000000000909 0.0329999999999018 0.0279999999997926 0.0289999999999964 0.0219999999999345
 0.958999999998923 0.952999999997701 0.985000000000582 1.05099999999948 0.984000000000378 0.86699999999837 1.11700000000201 0.966999999996915 0.975000000002183 0.827000000001135
 0 0 0 0 0 0 0 0 0 0
 0 0 0 0 0 0 0 0 0 0
 1.91599999999744 2.02799999999843 1.94399999999951 2.44399999999951 2.23400000000038 2.67499999999927 2.83499999999913 2.76100000000224 3.20400000000154 2.04000000000087
 0.0189999999997781 0.0199999999999818 0.0460000000002765 0.0219999999999345 0.0199999999999818 0.0229999999996835 0.0239999999998872 0.0219999999999345 0.0250000000000909 0.0150000000003274
 1.93700000000172 2.05000000000291 1.99099999999817 2.46700000000055 2.25600000000122 2.69900000000052 2.86100000000079 2.78600000000006 3.23199999999997 2.05600000000049
 0 0 0 0 0 0 0 0 0 0
 0 0 0 0 0 0 0 0 0 0
 0.452000000001135 0.408999999999651 0.423000000002503 0.414000000000669 0.467999999997119 0.40599999999904 0.626000000000204 0.412000000000262 0.422999999998865 0.404999999998836
 0.00500000000010914 0.00299999999970169 0.01299999999992 0.00399999999990541 0.00399999999990541 0.00600000000031287 0.00500000000010914 0.00800000000026557 0.00399999999990541 0.00399999999990541
 0.456999999998516 0.412999999996828 0.436000000001513 0.418000000001484 0.471999999997934 0.413000000000466 0.630999999997584 0.420000000001892 0.427999999999884 0.411000000000058
 0 0 0 0 0 0 0 0 0 0
 0 0 0 0 0 0 0 0 0 0
 6.11099999999715 6.08499999999913 7.88999999999942 8.06499999999869 6.61399999999776 6.92199999999866 7.79200000000128 10.7379999999976 7.44499999999971 6.06299999999828
 0.0790000000001783 0.0779999999999745 0.177000000000135 0.0880000000001928 0.0779999999999745 0.0789999999997235 0.0879999999997381 0.111000000000331 0.0799999999999272 0.0610000000001492
 6.19599999999991 6.16799999999785 8.07400000000052 8.15999999999985 6.69700000000012 7.00700000000143 7.88600000000224 10.8580000000002 7.53100000000268 6.12899999999718
 0 0 0 0 0 0 0 0 0 0
 0 0 0 0 0 0 0 0 0 0
 371.944000000003 362.471000000001 352.559000000001 383.900000000001 362.446 372.462 370.521000000001 370.334000000003 349.179 309.862000000001
 4.89699999999993 4.83300000000008 4.09799999999996 4.4069999999997 4.096 4.04600000000028 4.31100000000015 3.98199999999997 3.74699999999984 3.18199999999979
 377.150000000001 367.602000000003 356.947999999997 388.635999999999 366.838 376.857 375.159 374.632999999998 353.220999999998 313.293000000001
 0 0 0 0 0 0 0 0 0 0
 0 0 0 0 0 0 0 0 0 0
