V1 V2 V3 V4 V5 V6 V7 V8 V9 V10
sam 2.54300000000001 3.10000000000002 2.57299999999998 2.51799999999997 2.42899999999997 2.58499999999992 2.57600000000002 3.14599999999996 3.09800000000007 2.50999999999999
geode 0.0410000000000004 0.135999999999996 0.0350000000000037 0.0339999999999989 0.0420000000000016 0.0290000000000035 0.0420000000000016 0.105000000000004 0.0330000000000013 0.0249999999999986
ref 2.58600000000001 3.23800000000006 2.61000000000001 2.55500000000006 2.471 2.61400000000003 2.62099999999998 3.25400000000002 3.13400000000001 2.53700000000003
infog 0 0 0 0 0 0 0 0 0 0
func 0 0 0 0 0 0 0 0 0 0
EFSOS 0.848000000000013 0.827999999999975 0.855000000000018 0.847000000000037 0.882999999999981 0.882000000000062 0.870999999999981 0.836999999999989 0.860000000000014 0.835000000000036
EFSIS 0.022000000000002 0.0200000000000031 0.0169999999999959 0.0189999999999984 0.0219999999999985 0.0149999999999935 0.0229999999999961 0.019999999999996 0.0180000000000007 0.0159999999999982
 0.870000000000005 0.849999999999909 0.872999999999934 0.865999999999985 0.907000000000039 0.898000000000025 0.894000000000005 0.858000000000061 0.878000000000043 0.850000000000023
 0 0 0 0 0 0 0 0 0 0
 0 0 0 0 0 0 0 0 0 0
 2.452 2.07000000000005 2.71099999999996 2.18199999999996 2.03500000000003 2.27800000000002 2.25800000000004 2.13900000000001 2.35299999999995 2.18700000000001
 0.0179999999999971 0.0110000000000028 0.0640000000000001 0.0129999999999981 0.00900000000000034 0.00800000000000267 0.0140000000000029 0.0150000000000006 0.0069999999999979 0.00900000000000034
 2.47300000000007 2.08100000000002 2.77500000000009 2.197 2.04499999999996 2.28700000000003 2.27500000000009 2.15599999999995 2.36299999999994 2.20000000000005
 0 0 0 0 0 0 0 0 0 0
 0 0 0 0 0 0 0 0 0 0
 0.456999999999994 0.438999999999965 0.44300000000004 0.44300000000004 0.439999999999998 0.439999999999941 0.465000000000032 0.423000000000002 0.456999999999994 0.428999999999974
 0 0 0 0.00800000000000267 0.00800000000000267 0.00600000000000023 0 0.0100000000000051 0 0.00399999999999778
 0.456999999999994 0.441000000000031 0.44399999999996 0.450999999999908 0.450000000000045 0.447999999999979 0.463999999999942 0.432000000000016 0.456999999999994 0.432999999999993
 0 0 0 0 0 0 0 0 0 0
 0 0 0 0 0 0 0 0 0 0
 6.69600000000003 6.83000000000004 6.95399999999995 6.38599999999997 6.16699999999997 6.58299999999997 6.56700000000001 6.93499999999995 7.75300000000004 6.35000000000002
 0.0809999999999995 0.170000000000002 0.116 0.0739999999999981 0.0810000000000031 0.0630000000000024 0.0790000000000006 0.150000000000006 0.117000000000004 0.0539999999999949
 6.78300000000002 7.00599999999997 7.07499999999993 6.46500000000003 6.25300000000004 6.65100000000007 6.65200000000004 7.0920000000001 7.87700000000007 6.40900000000011
 0 0 0 0 0 0 0 0 0 0
 0 0 0 0 0 0 0 0 0 0
 26.348 26.511 26.896 27.552 27.259 28.2330000000001 25.9200000000001 27.104 25.953 26.572
 3.876 1.91999999999999 3.658 2.017 1.991 3.43 2.11199999999999 2.014 2.073 1.941
 48.8150000000001 37.455 48.1510000000001 38.904 39.248 51.4209999999999 37.479 37.524 36.443 37.9589999999999
 795.204 382.101000000001 745.195 399.797 430.866 840.968999999999 402.4 368.232 362.267 401.218000000001
 90.248 33.23 66.641 44.974 46.0559999999999 89.0419999999999 45.3790000000001 32.8219999999999 33.8910000000001 46.9760000000001
