V1 V2 V3 V4 V5 V6 V7 V8 V9 V10
sam 2.6850000000004 2.52099999999973 2.51599999999962 2.75699999999961 2.55500000000029 2.76100000000042 2.59000000000015 2.67000000000007 2.30900000000111 2.92000000000007
geode 0 0 0 0.000999999999997669 0.000999999999997669 0 0 0 0 0
ref 2.6869999999999 2.52300000000014 2.52000000000044 2.76099999999951 2.55799999999999 2.76399999999921 2.59299999999894 2.67199999999866 2.31099999999969 2.92200000000048
infog 0 0 0 0 0 0 0 0 0 0
func 0 0 0 0 0 0 0 0 0 0
EFSIS 0.859999999999673 0.837999999999738 0.854999999999563 0.878000000000611 0.870999999999185 0.924999999999272 0.865999999999985 0.831000000000131 0.813000000000102 0.929000000000087
 0.0210000000000008 0.0169999999999995 0.0169999999999995 0.0200000000000031 0.0190000000000055 0.0210000000000008 0.017000000000003 0.017000000000003 0.0200000000000031 0.0210000000000008
 0.88300000000072 0.855999999999767 0.870999999999185 0.899000000000342 0.890000000000327 0.945999999999913 0.884000000000015 0.847000000001572 0.833000000000538 0.948999999998705
 0 0 0 0 0 0 0 0 0 0
 0 0 0 0 0 0 0 0 0 0
 3.15499999999975 3.11400000000049 3.16599999999926 3.23199999999997 3.78000000000065 3.59900000000016 3.14899999999943 3.08500000000095 2.74099999999999 3.84699999999975
 0.00199999999999889 0.00399999999999778 0.00399999999999778 0.0139999999999993 0.00399999999999778 0.00200000000000244 0.00300000000000011 0.0150000000000006 0.00199999999999534 0.00199999999999534
 2.23199999999997 2.19700000000012 2.2480000000005 2.27099999999973 2.84099999999944 2.6820000000007 2.22299999999996 2.20200000000114 1.87699999999859 2.73800000000119
 0 0 0 0 0 0 0 0 0 0
 0 0 0 0 0 0 0 0 0 0
 0.456000000000131 0.480999999999767 0.446000000001732 0.498999999999796 0.480999999999767 0.478000000000975 0.451000000000931 0.457000000000335 0.451999999999316 0.476000000000568
 0 0 0.00200000000000244 0 0 0.00300000000000011 0 0 0 0
 0.456999999999425 0.480999999999767 0.448999999999614 0.497999999999593 0.480999999999767 0.483000000000175 0.452000000001135 0.458000000000538 0.452000000001135 0.475999999998749
 0 0 0 0 0 0 0 0 0 0
 0 0 0 0 0 0 0 0 0 0
 7.57800000000043 7.74399999999969 7.31999999999971 7.75200000000041 8.0669999999991 8.14900000000125 7.45700000000033 7.45600000000013 6.67200000000048 8.58899999999994
 0.0240000000000009 0.0209999999999972 0.0240000000000009 0.0350000000000001 0.0240000000000009 0.0260000000000034 0.0200000000000031 0.0320000000000036 0.0219999999999985 0.0229999999999961
 6.68199999999979 6.84799999999996 6.42600000000039 6.8159999999998 7.15000000000055 7.26100000000042 6.55500000000029 6.59299999999894 5.82899999999972 7.50300000000061
 0 0 0 0 0 0 0 0 0 0
 0 0 0 0 0 0 0 0 0 0
 367.061 354.163 383.063 375.249 375.178 384.538999999999 377.385999999999 357.817000000001 362.136 362.899000000001
 1.103 1.126 1.188 1.377 1.135 1.224 1.245 1.245 1.07400000000001 1.153
 322.633000000001 310.195000000001 338.458 331.804 329.681 339.235999999999 332.824999999999 314.786 318.137000000001 318.537999999999
 0 0 0 0 0 0 0 0 0 0
 0 0 0 0 0 0 0 0 0 0
