V1 V2 V3 V4 V5 V6 V7 V8 V9 V10
sam 2.52199999999993 2.3760000000002 2.53700000000026 2.51400000000012 3.46100000000024 2.49299999999948 2.65700000000015 2.58500000000004 2.51900000000023 2.60800000000017
geode 0 0 0.000999999999997669 0 0.00400000000000134 0 0 0.00100000000000122 0.000999999999997669 0
ref 2.52500000000009 2.3779999999997 2.53999999999996 2.51599999999962 3.46900000000005 2.4950000000008 2.65900000000056 2.58799999999974 2.52199999999993 2.60899999999947
infog 0 0 0 0 0 0 0 0 0 0
func 0 0 0 0 0 0 0 0 0 0
EFSIS 0.884999999999764 0.835000000000036 0.884000000000015 0.832999999999629 0.903000000000247 0.86200000000008 0.908000000000357 0.820999999999913 0.83600000000024 0.832999999999629
 0.0200000000000014 0.0239999999999991 0.017000000000003 0.027000000000001 0.0210000000000008 0.0180000000000007 0.0200000000000031 0.0219999999999985 0.0180000000000007 0.0259999999999998
 0.904999999999745 0.860000000000127 0.90099999999984 0.859999999999673 0.923999999999978 0.8799999999992 0.927999999999884 0.844000000000051 0.853000000000065 0.859999999999673
 0 0 0 0 0 0 0 0 0 0
 0 0 0 0 0 0 0 0 0 0
 2.92300000000023 2.89900000000034 3.43099999999959 3.45200000000023 3.12299999999959 3.09400000000005 3.36099999999988 3.43199999999979 2.99499999999989 3.5029999999997
 0.00599999999999845 0.00200000000000067 0.00499999999999901 0.0180000000000007 0.027000000000001 0.00300000000000011 0.00399999999999778 0.0169999999999995 0.00100000000000122 0.00400000000000134
 2.02600000000029 1.99400000000014 2.51099999999997 2.5600000000004 2.1850000000004 2.14900000000034 2.4360000000006 2.51800000000003 2.12100000000009 2.59400000000005
 0 0 0 0 0 0 0 0 0 0
 0 0 0 0 0 0 0 0 0 0
 0.444999999999709 0.443999999999505 0.451000000000022 0.431999999999789 0.489999999999782 0.431999999999789 0.451000000000022 0.444000000000415 0.4399999999996 0.450000000000728
 0 0 0.00199999999999889 0.00200000000000244 0.00899999999999679 0 0.00300000000000011 0.00600000000000023 0.00199999999999889 0.00499999999999901
 0.444999999999709 0.444999999999709 0.452000000000226 0.434000000000196 0.5 0.431999999999789 0.456000000000131 0.451000000000022 0.442000000000007 0.456000000000131
 0 0 0 0 0 0 0 0 0 0
 0 0 0 0 0 0 0 0 0 0
 7.20499999999993 6.90900000000056 7.67399999999998 7.63199999999961 8.36200000000008 7.27300000000014 7.73900000000049 7.68199999999979 7.18299999999999 7.77499999999964
 0.0259999999999998 0.0259999999999998 0.0249999999999986 0.0480000000000018 0.0609999999999999 0.0210000000000008 0.027000000000001 0.0459999999999994 0.0219999999999985 0.0350000000000001
 6.33100000000013 6.03099999999995 6.77599999999984 6.77199999999993 7.46299999999974 6.34799999999996 6.84300000000076 6.80200000000059 6.33300000000054 6.89999999999964
 0 0 0 0 0 0 0 0 0 0
 0 0 0 0 0 0 0 0 0 0
 365.72 363.53 372.934 369.578 389.572 363.824 374.208 363.416 371.876 368.605
 1.084 1.137 1.163 1.483 1.169 1.159 1.25 1.714 1.294 1.12
 321.617 319.652 327.885 325.86 344.824000000001 319.05 329.759999999999 320.665999999999 328.295 324.115
 0 0 0 0 0 0 0 0 0 0
 0 0 0 0 0 0 0 0 0 0
