V1 V2 V3 V4 V5 V6 V7 V8 V9 V10
sam 3.86100000003353 3.75900000007823 4.375 3.82300000009127 3.85800000000745 3.81299999996554 3.85999999998603 3.80400000000373 3.83000000007451 3.80400000000373
geode 0.0389999999897555 0.0389999999897555 0.0430000000051223 0.0380000000004657 0.0399999999935972 0.0380000000004657 0.0400000000081491 0.036999999996624 0.0380000000004657 0.036999999996624
ref 3.90199999976903 3.80099999997765 4.42199999978766 3.86299999989569 3.90100000007078 3.85299999965355 3.90199999976903 3.84300000034273 3.87199999997392 3.84400000004098
infog 0 0 0 0 0 0 0 0 0 0
func 0 0 0 0 0 0 0 0 0 0
EFSIS 0.920999999972992 0.851999999955297 0.856000000028871 0.853999999933876 0.880000000004657 0.883000000030734 0.881000000052154 0.917999999946915 0.866999999969266 0.858000000007451
 0.00900000000547152 0.00800000000162981 0.0089999999909196 0.00800000000162981 0.00800000000162981 0.0089999999909196 0.00800000000162981 0.00900000000547152 0.0100000000093132 0.00900000000547152
 0.929999999701977 0.861000000033528 0.865999999921769 0.864000000059605 0.888999999966472 0.893000000156462 0.890000000130385 0.927999999839813 0.877000000327826 0.868000000249594
 0 0 0 0 0 0 0 0 0 0
 0 0 0 0 0 0 0 0 0 0
 4.23100000002887 3.35400000005029 3.37299999990501 3.45000000006985 3.94799999997485 3.92799999995623 3.37099999992643 4.27600000007078 3.77199999999721 3.52299999992829
 0.0529999999998836 0.0390000000043074 0.0370000000111759 0.0590000000083819 0.0449999999982538 0.0490000000136206 0.0380000000004657 0.0619999999908032 0.0439999999944121 0.0390000000043074
 3.02399999974295 2.09700000006706 2.09000000031665 2.15800000028685 2.73699999973178 2.67900000000373 2.20000000018626 3.10300000011921 2.5910000000149 2.27799999993294
 0 0 0 0 0 0 0 0 0 0
 0 0 0 0 0 0 0 0 0 0
 0.444000000017695 0.419999999925494 0.435000000055879 0.44399999990128 0.423000000067987 0.822000000043772 0.440999999991618 0.432999999960884 0.422000000020489 0.444000000017695
 0.00500000000465661 0.00400000000081491 0.00400000000081491 0.00399999998626299 0.00500000000465661 0.0079999999870779 0.0049999999901047 0.00400000000081491 0.00400000000081491 0.00400000000081491
 0.441000000108033 0.423999999649823 0.439000000245869 0.449000000022352 0.428000000305474 0.830999999772757 0.446999999694526 0.436999999918044 0.423999999649823 0.447999999858439
 0 0 0 0 0 0 0 0 0 0
 0 0 0 0 0 0 0 0 0 0
 9.88199999998324 8.8190000000177 9.45499999995809 8.99800000002142 9.54700000002049 9.92999999993481 8.99600000004284 9.86800000001676 9.33400000003166 9.61800000001676
 0.110000000000582 0.0939999999973224 0.0970000000088476 0.114000000001397 0.101999999998952 0.10899999999674 0.0950000000011642 0.11699999999837 0.101000000009662 0.0990000000019791
 8.72799999965355 7.62099999981001 8.23899999959394 7.7660000002943 8.3980000000447 8.7449999996461 7.8859999999404 8.75399999972433 8.21100000012666 8.43800000008196
 0 0 0 0 0 0 0 0 0 0
 0 0 0 0 0 0 0 0 0 0
 462.511000000057 456.668999999994 468.099000000046 460.746000000043 465.265000000014 461.55700000003 456.85699999996 460.19299999997 464.706999999937 464.736999999965
 4.89199999999255 4.8179999999993 4.99499999999534 5.05199999999604 4.94399999998859 4.86800000000221 4.80299999999988 5.04499999999825 4.86299999999756 4.88899999999558
 405.359000000171 397.708000000101 407.729999999981 402.458999999799 405.898999999743 404.969000000041 399.117000000086 404.39400000032 407.308000000194 407.398000000045
 0 0 0 0 0 0 0 0 0 0
 0 0 0 0 0 0 0 0 0 0
