V1 V2 V3 V4 V5 V6 V7 V8 V9 V10
sam 2.55099999999999 2.84499999999997 2.44599999999997 3.39299999999997 3.20400000000001 2.91899999999998 2.52699999999993 3.80000000000007 3.07800000000009 2.90999999999997
geode 0.0219999999999985 0.022000000000002 0.0389999999999944 0.0970000000000013 0.119999999999997 0.034000000000006 0.0379999999999967 0.101999999999997 0.0399999999999991 0.0200000000000031
ref 2.577 2.86900000000003 2.48700000000008 3.49400000000003 3.32799999999997 2.95399999999995 2.56600000000003 3.90499999999997 3.12099999999998 2.9319999999999
infog 0 0 0 0 0 0 0 0 0 0
func 0 0 0 0 0 0 0 0 0 0
EFSOS 0.841999999999985 0.864000000000033 0.884999999999991 0.830000000000041 0.858000000000004 0.851999999999975 0.908000000000015 1.69099999999992 1.70899999999995 1.05200000000002
EFSIS 0.0180000000000007 0.0169999999999995 0.0160000000000053 0.0249999999999986 0.0189999999999984 0.0210000000000008 0.0130000000000052 0.0279999999999987 0.0870000000000033 0.0240000000000009
 0.86099999999999 0.882000000000062 0.903999999999996 0.856999999999971 0.878000000000043 0.873000000000047 0.921000000000049 1.72000000000003 1.798 1.077
 0 0 0 0 0 0 0 0 0 0
 0 0 0 0 0 0 0 0 0 0
 3.09299999999996 2.959 2.62900000000002 2.09799999999996 2.08600000000001 2.31600000000003 2.49199999999996 4.28000000000009 2.99800000000005 2.79399999999998
 0.0970000000000013 0.122 0.0169999999999959 0.00999999999999801 0.00900000000000034 0.0119999999999933 0.0229999999999961 0.0120000000000005 0.0300000000000011 0.00500000000000256
 3.19299999999998 3.08299999999997 2.64699999999993 2.10900000000004 2.096 2.33199999999999 2.51799999999992 4.29700000000003 3.02999999999997 2.803
 0 0 0 0 0 0 0 0 0 0
 0 0 0 0 0 0 0 0 0 0
 0.438000000000045 0.43199999999996 0.857000000000028 0.441000000000031 0.448000000000036 0.449000000000069 0.455000000000041 0.557999999999993 0.501999999999953 0.561000000000035
 0.00999999999999801 0.0120000000000005 0.0120000000000005 0.00999999999999801 0 0.0100000000000051 0.00800000000000267 0.00500000000000256 0 0.0129999999999981
 0.447999999999979 0.44399999999996 0.870000000000005 0.450000000000045 0.447999999999979 0.45799999999997 0.464000000000055 0.562999999999988 0.503000000000043 0.574000000000069
 0 0 0 0 0 0 0 0 0 0
 0 0 0 0 0 0 0 0 0 0
 7.31700000000001 7.52299999999997 7.17099999999999 7.13099999999997 6.96300000000002 6.92999999999995 6.74799999999993 10.85 8.71000000000004 7.83399999999995
 0.146999999999998 0.179000000000002 0.0849999999999937 0.141999999999996 0.147999999999996 0.0770000000000053 0.0829999999999984 0.146999999999998 0.158000000000001 0.0620000000000047
 7.471 7.70800000000008 7.26200000000006 7.28000000000009 7.11599999999999 7.01199999999994 6.83600000000001 11.005 8.87599999999998 7.90299999999991
 0 0 0 0 0 0 0 0 0 0
 0 0 0 0 0 0 0 0 0 0
 26.822 27.251 25.917 25.469 27.301 27.4480000000001 25.874 29.383 31.532 30.0500000000001
 1.794 7.638 1.627 1.591 3.164 1.791 1.601 3.543 2.098 2.297
 37.782 85.173 37.24 37.478 51.7529999999999 39.2420000000001 37.471 45.91 48.208 49.6060000000001
 390.824000000001 2086.133 409.464 434.057000000001 912.840999999999 434.024000000001 422.025 604.862999999999 581.568000000001 681.93
 30.51 197.704 42.528 42.085 83.578 39.8579999999999 41.583 61.4470000000001 47.105 66.453
