V1 V2 V3 V4 V5 V6 V7 V8 V9 V10
sam 2.62999999999738 2.58399999999529 2.58499999999913 2.52700000000186 2.51200000000244 3.41199999999662 2.89600000000064 2.63300000000163 2.7239999999947 2.58899999999994
geode 0.00100000000000477 0 0.00499999999999545 0 0 0 0 0 0 0
ref 2.6339999999982 2.58699999999953 2.59199999999691 2.52900000000227 2.51299999999901 3.41300000000047 2.90000000000146 2.63500000000204 2.72600000000239 2.58999999999651
infog 0 0 0 0 0 0 0 0 0 0
func 0 0 0 0 0 0 0 0 0 0
EFSIS 0.838000000003376 0.857000000003609 0.885000000002037 0.81699999999546 0.836999999999534 0.847000000001572 0.892999999996391 0.828999999997905 0.878000000004249 0.838999999999942
 0.0229999999999961 0.0240000000000009 0.0169999999999959 0.0169999999999959 0.0180000000000007 0.0190000000000055 0.01400000000001 0.0180000000000007 0.019999999999996 0.0160000000000053
 0.86200000000099 0.879999999997381 0.903000000005704 0.833999999995285 0.855999999999767 0.86699999999837 0.907999999995809 0.847000000001572 0.898999999997613 0.857000000003609
 0 0 0 0 0 0 0 0 0 0
 0 0 0 0 0 0 0 0 0 0
 3.84199999999691 3.2239999999947 3.18600000000151 3.05400000000373 3.11200000000099 3.2589999999982 3.72600000000239 3.6140000000014 3.30999999999767 3.64099999999598
 0.00100000000000477 0.00400000000000489 0.00400000000000489 0.0169999999999959 0.00200000000000955 0.00399999999999068 0.00300000000000011 0.0130000000000052 0.00300000000000011 0.00199999999999534
 2.95600000000559 2.30999999999767 2.27900000000227 2.17700000000332 2.18699999999808 2.35700000000361 2.85700000000361 2.66700000000128 2.42499999999563 2.75200000000041
 0 0 0 0 0 0 0 0 0 0
 0 0 0 0 0 0 0 0 0 0
 0.451999999997497 0.469000000004598 0.468999999997322 0.47099999999773 0.449000000000524 0.459999999999127 0.474999999998545 0.438000000001921 0.465000000003783 0.463999999999942
 0.000999999999990564 0 0 0 0 0 0 0 0 0
 0.452999999994063 0.470000000001164 0.468999999997322 0.472000000001572 0.449000000000524 0.459999999999127 0.474999999998545 0.437999999994645 0.465000000003783 0.4629999999961
 0 0 0 0 0 0 0 0 0 0
 0 0 0 0 0 0 0 0 0 0
 8.15999999999622 7.50699999999779 7.4890000000014 7.23999999999796 7.2980000000025 8.38500000000204 8.40499999999884 7.90800000000309 7.79899999999907 7.93400000000111
 0.0259999999999962 0.0280000000000058 0.0259999999999962 0.0339999999999918 0.0200000000000102 0.0229999999999961 0.0180000000000007 0.0310000000000059 0.0229999999999961 0.0180000000000007
 7.30400000000373 6.62099999999919 6.60899999999674 6.38199999999779 6.39400000000023 7.50500000000466 7.55500000000029 6.98300000000017 6.93800000000192 7.06300000000192
 0 0 0 0 0 0 0 0 0 0
 0 0 0 0 0 0 0 0 0 0
 387.787000000004 381.962999999996 386.491999999998 386.188000000002 389.885000000002 390.784999999996 392.241999999998 373.159 382.18 371.507999999994
 1.081 1.139 1.087 1.258 1.121 1.08 1.131 1.35299999999999 1.068 1.17700000000001
 344.066999999995 338.550999999999 340.867000000006 342.042000000001 344.705000000002 345.470999999998 347.464 330.627 339.341 327.488999999994
 0 0 0 0 0 0 0 0 0 0
 0 0 0 0 0 0 0 0 0 0
