V1 V2 V3 V4 V5 V6 V7 V8 V9 V10
sam 2.4539999999979 2.52999999999884 2.72299999999814 2.50599999999395 3.03100000000268 3.29900000000634 2.46399999999994 2.38100000000122 2.79599999999482 3.38999999999942
geode 0 0 0.000999999999997669 0 0 0.000999999999997669 0 0 0 0
ref 2.45600000023842 2.53300000028685 2.72700000042096 2.50700000021607 3.0339999999851 3.30300000030547 2.46700000017881 2.38199999975041 2.79800000041723 3.3929999996908
infog 0 0 0 0 0 0 0 0 0 0
func 0 0 0 0 0 0 0 0 0 0
EFSIS 0.864000000001397 0.875999999996566 0.927999999999884 0.895000000004075 1.02899999999499 0.883999999998196 0.919999999998254 0.814999999995052 0.921999999998661 1.20500000000175
 0 0 0 0 0.00199999999999534 0 0 0.00100000000000477 0 0.000999999999997669
 0.864000000059605 0.876999999862164 0.929999999701977 0.896999999880791 1.03200000012293 0.884000000078231 0.919999999925494 0.817999999970198 0.922999999951571 1.20600000023842
 0 0 0 0 0 0 0 0 0 0
 0 0 0 0 0 0 0 0 0 0
 3.04599999999482 2.95200000000477 3.22099999999773 2.97499999999854 2.95400000000518 2.88199999999779 3.02599999999802 2.82300000000396 3.1710000000021 4.47800000000279
 0.00100000000000477 0.00300000000000011 0.00399999999999778 0.0140000000000029 0.00400000000000489 0 0 0.0120000000000005 0.00499999999999545 0.00300000000000011
 2.19900000002235 2.09700000006706 2.37199999997392 2.12399999983609 2.10300000011921 2.02199999988079 2.1999999997206 1.98700000019744 2.27199999988079 3.58799999998882
 0 0 0 0 0 0 0 0 0 0
 0 0 0 0 0 0 0 0 0 0
 0.472000000001572 0.437999999994645 0.436000000001513 0.446000000003551 0.426999999996042 0.480999999999767 0.442000000002736 0.440999999998894 0.467000000004191 0.485999999997148
 0 0 0 0 0 0 0 0 0 0
 0.473999999929219 0.438000000081956 0.438000000081956 0.444999999832362 0.425999999977648 0.481000000145286 0.442000000271946 0.441999999806285 0.467000000178814 0.486000000033528
 0 0 0 0 0 0 0 0 0 0
 0 0 0 0 0 0 0 0 0 0
 7.19599999999627 7.18000000000029 7.69599999999627 7.21399999999994 7.83099999999831 7.91800000000512 7.21800000000076 6.80199999999604 7.79099999999744 9.99799999999959
 0.00100000000000477 0.00300000000000011 0.00499999999999545 0.0140000000000029 0.00600000000000023 0.000999999999997669 0 0.0130000000000052 0.00499999999999545 0.00399999999999778
 6.35200000042096 6.33000000007451 6.85499999998137 6.36799999978393 6.98599999956787 7.0620000003837 6.39500000001863 5.96999999973923 6.89600000018254 9.1140000000596
 0 0 0 0 0 0 0 0 0 0
 0 0 0 0 0 0 0 0 0 0
 388.402999999998 386.301999999996 385.101000000002 395.606 390.421000000002 395.443999999996 397.145000000004 385.409 395.985000000001 390.608
 0.239999999999995 0.172000000000004 0.164000000000001 0.271000000000001 0.107999999999997 0.129000000000005 0.120999999999995 0.326000000000001 0.147000000000006 0.137999999999998
 345.13199999975 343.391000000294 341.877000000328 352.387000000104 346.837999999989 353.246999999974 353.388000000268 342.174999999814 351.334999999963 349.967999999877
 0 0 0 0 0 0 0 0 0 0
 0 0 0 0 0 0 0 0 0 0
