V1 V2 V3 V4 V5 V6 V7 V8 V9 V10
sam 4.27500000000146 4.88099999999758 4.51199999999881 3.33100000000195 2.57300000000032 3.28800000000047 2.6359999999986 2.98600000000079 4.30400000000009 4.24399999999878
geode 0 0 0 0 0 0 0.00100000000000477 0 0.00600000000000023 0
ref 4.335999999661 4.9429999999702 6.22299999976531 3.33300000010058 2.57599999988452 3.29300000006333 2.63899999996647 2.9890000000596 6.22000000020489 4.95500000007451
infog 0 0 0 0 0 0 0 0 0 0
func 0 0 0 0 0 0 0 0 0 0
EFSIS 0.93999999999869 1.73199999999997 1.71700000000055 1.39999999999782 0.864000000001397 0.89600000000064 0.903999999998632 0.819999999999709 1.6260000000002 1.37299999999959
 0 0 0 0.000999999999997669 0 0 0 0 0.000999999999997669 0
 0.942000000271946 2.06099999975413 3.08399999979883 5.57700000004843 42.50400000019 0.895000000018626 0.905999999959022 0.819999999832362 1.68499999959022 1.41899999976158
 0 0 0 0 0 0 0 0 0 0
 0 0 0 0 0 0 0 0 0 0
 3.1919999999991 3.95800000000236 5.13000000000102 4.12400000000343 2.84100000000035 3.01800000000003 3.16300000000047 3.125 4.5010000000002 3.01900000000023
 0.00199999999999889 0.00600000000000023 0.00500000000000256 0.0160000000000053 0.00600000000000023 0.0179999999999936 0.00999999999999801 0.007000000000005 0 0.00200000000000244
 2.27600000007078 4.77200000034645 5.66900000022724 4.30899999989197 2 2.1410000002943 2.27700000023469 2.26500000013039 4.38300000037998 2.13400000007823
 0 0 0 0 0 0 0 0 0 0
 0 0 0 0 0 0 0 0 0 0
 0.590000000000146 0.820999999999913 0.802999999999884 0.813999999998487 0.440999999998894 0.567999999999302 0.457000000002154 0.432000000000698 0.656999999999243 0.677999999999884
 0 0 0 0.000999999999997669 0 0 0 0 0 0.0150000000000006
 0.588999999687076 1.23999999975786 1.03500000014901 1.04999999981374 0.441999999806285 0.569999999832362 0.458000000100583 0.432999999728054 0.746999999973923 0.69400000013411
 0 0 0 0 0 0 0 0 0 0
 0 0 0 0 0 0 0 0 0 0
 9.72400000000198 12.1219999999994 12.8509999999987 10.372000000003 7.08200000000215 8.11899999999878 7.5669999999991 7.79599999999846 11.7369999999974 10.0599999999977
 0.00199999999999889 0.00600000000000023 0.00600000000000023 0.0180000000000007 0.00600000000000023 0.0179999999999936 0.0110000000000028 0.007000000000005 0.0069999999999979 0.0450000000000017
 9.0910000000149 13.9790000002831 16.7489999998361 15.2399999997579 47.8840000000782 7.24699999997392 6.68699999991804 6.93899999978021 13.8169999998063 9.97599999979138
 0 0 0 0 0 0 0 0 0 0
 0 0 0 0 0 0 0 0 0 0
 529.967000000001 533.606 535.902000000002 448.552 420.266 409.117000000002 428.821 560.158000000003 552.064000000002 539.887000000002
 1.49 1.358 0.549999999999997 1.55 0.262 0.363 0.695999999999998 2.214 0.895000000000003 0.378
 550.683999999892 569.220000000205 633.720999999903 478.606000000145 450.983999999706 559.692000000272 485.81399999978 661.13599999994 612.689000000246 558.791000000201
 0 0 0 0 0 0 0 0 0 0
 0 0 0 0 0 0 0 0 0 0
