V1 V2 V3 V4 V5 V6 V7 V8 V9 V10
sam 2.61200000000099 2.67799999999988 2.41400000000067 2.69700000000012 2.46600000000035 2.71299999999974 2.41700000000128 2.56300000000192 2.48099999999977 2.7129999999961
geode 0 0 0 0 0 0 0 0 0 0
ref 2.61399999999776 2.68100000000049 2.41600000000108 2.69800000000032 2.46700000000055 2.71600000000035 2.41899999999805 2.56599999999889 2.48199999999997 2.71399999999994
infog 0 0 0 0 0 0 0 0 0 0
func 0 0 0 0 0 0 0 0 0 0
EFSIS 0.885999999998603 0.870999999999185 0.849999999998545 0.903000000002066 0.879000000000815 0.880000000001019 0.877000000000407 0.8379999999961 0.827000000004773 0.917000000001281
 0.0249999999999915 0.0180000000000007 0.0180000000000007 0.0230000000000103 0.0210000000000008 0.027000000000001 0.0109999999999957 0.012999999999991 0.0229999999999961 0.0180000000000007
 0.912000000000262 0.889999999999418 0.867999999998574 0.925999999999476 0.901999999998225 0.908999999999651 0.886999999998807 0.851999999998952 0.850999999998749 0.934999999997672
 0 0 0 0 0 0 0 0 0 0
 0 0 0 0 0 0 0 0 0 0
 3.00900000000183 3.15299999999843 2.88200000000143 3.64199999999983 3.28299999999945 3.51299999999901 2.93700000000536 3.07600000000093 3.02700000000186 4.05199999999604
 0.00600000000000023 0.000999999999990564 0.00100000000000477 0.00900000000000034 0.01400000000001 0.00199999999999534 0.00200000000000955 0.0109999999999957 0.00200000000000955 0.00200000000000955
 2.06499999999869 2.20700000000215 1.99199999999837 2.74200000000201 2.38400000000183 2.62700000000041 2.00800000000163 2.16100000000006 2.13600000000224 3.12700000000041
 0 0 0 0 0 0 0 0 0 0
 0 0 0 0 0 0 0 0 0 0
 0.433000000000902 0.484000000000378 0.422999999998865 0.519999999996799 0.424999999999272 0.443000000002939 0.435999999994237 0.435000000004948 0.428999999996449 0.43300000000454
 0 0 0 0.00300000000000011 0.00799999999999557 0 0 0 0 0.00199999999999534
 0.433000000000902 0.486000000000786 0.422000000002299 0.523000000001048 0.433000000000902 0.442999999999302 0.436000000001513 0.43500000000131 0.429000000000087 0.43500000000131
 0 0 0 0 0 0 0 0 0 0
 0 0 0 0 0 0 0 0 0 0
 7.32900000000154 7.61599999999817 6.92099999999846 8.18700000000172 7.41600000000108 7.95000000000073 7.0260000000053 7.30800000000454 7.16500000000087 8.50499999999738
 0.0309999999999917 0.0189999999999912 0.0190000000000055 0.0350000000000108 0.0430000000000064 0.0289999999999964 0.0130000000000052 0.0249999999999915 0.0250000000000057 0.0230000000000103
 6.41299999999683 6.69300000000294 6.05199999999968 7.31500000000233 6.54899999999907 7.09799999999814 6.10999999999694 6.40899999999965 6.29899999999907 7.60299999999916
 0 0 0 0 0 0 0 0 0 0
 0 0 0 0 0 0 0 0 0 0
 388.965 361.649000000001 374.065000000002 378.514999999999 357.050999999999 373.043000000001 377.752999999997 380.502999999997 370.873 367.451000000001
 1.23400000000001 1.04000000000001 1.083 1.42299999999999 1.11 1.14700000000001 1.22799999999999 1.355 1.07799999999999 1.276
 344.589 317.944 329.352999999999 335.284 312.226000000002 328.268 333.067000000003 338.207999999999 327.105 323.482
 0 0 0 0 0 0 0 0 0 0
 0 0 0 0 0 0 0 0 0 0
