V1 V2 V3 V4 V5 V6 V7 V8 V9 V10
sam 2.63799999999901 2.66000000000349 3.44399999999587 2.60499999999593 3.04599999999482 2.50400000000081 2.61300000000483 2.94199999999546 2.71099999999569 2.57800000000134
geode 0 0 0 0 0 0 0 0.000999999999997669 0.00200000000000244 0.000999999999997669
ref 2.64000000013039 2.66300000017509 3.44599999999627 2.60499999998137 3.04700000025332 2.50499999988824 2.61499999975786 2.94700000016019 2.71499999985099 2.58299999963492
infog 0 0 0 0 0 0 0 0 0 0
func 0 0 0 0 0 0 0 0 0 0
EFSIS 0.881000000001222 0.86200000000099 1.07099999999627 0.864000000001397 1.29300000000512 0.885999999998603 0.9629999999961 0.906000000002678 0.872000000003027 0.904999999998836
 0 0 0 0 0 0 0 0 0.00200000000000244 0.00100000000000477
 0.881000000052154 0.861000000033528 1.07200000016019 0.865000000223517 1.29600000008941 0.885999999940395 0.964000000152737 0.906999999657273 0.876000000163913 0.907000000122935
 0 0 0 0 0 0 0 0 0 0
 0 0 0 0 0 0 0 0 0 0
 3.09599999999773 3.40099999999802 3.43800000000192 3.03699999999662 3.45899999999529 3.26499999999942 3.10700000000361 3.60499999999593 3.08599999999569 3.15699999999924
 0.00300000000000011 0.00300000000000011 0.00900000000000034 0.00600000000000023 0.000999999999997669 0.000999999999997669 0 0.0159999999999982 0 0.000999999999997669
 2.2320000003092 2.54699999978766 2.57400000002235 2.14500000001863 2.62000000011176 2.3179999999702 2.23600000003353 2.7390000000596 2.22099999990314 2.28800000017509
 0 0 0 0 0 0 0 0 0 0
 0 0 0 0 0 0 0 0 0 0
 0.508999999998196 0.430000000000291 0.436999999998079 0.477000000006228 0.438000000001921 0.461999999999534 0.440999999998894 0.459000000002561 0.491000000001804 0.430999999996857
 0 0 0 0 0 0 0 0 0.000999999999997669 0
 0.50899999961257 0.432000000029802 0.436999999918044 0.475999999791384 0.438999999780208 0.462999999988824 0.441999999806285 0.459999999962747 0.490999999921769 0.432000000029802
 0 0 0 0 0 0 0 0 0 0
 0 0 0 0 0 0 0 0 0 0
 7.48500000000058 7.71500000000378 8.75399999999354 7.35399999999936 8.58599999999569 7.52100000000064 7.54100000000471 8.32600000000093 7.53899999999703 7.45300000000134
 0.00399999999999778 0.00300000000000011 0.00900000000000034 0.00600000000000023 0.000999999999997669 0.000999999999997669 0 0.0169999999999959 0.00600000000000023 0.00300000000000011
 6.62300000013784 6.86500000022352 7.89199999999255 6.46400000015274 7.75100000016391 6.57599999988452 6.67400000011548 7.46700000017881 6.68399999989197 6.59299999987707
 0 0 0 0 0 0 0 0 0 0
 0 0 0 0 0 0 0 0 0 0
 404.745999999999 394.667000000001 377.719000000005 391.423999999999 392.936000000002 389.529000000002 392.385999999999 390.216999999997 394.610999999997 391.629999999997
 0.106999999999999 0.238 0.125999999999998 0.249000000000002 0.233000000000004 0.134 0.139000000000003 0.411999999999999 0.179000000000002 0.146999999999998
 360.729999999981 351.149999999907 334.18200000003 347.578000000212 349.669999999925 346.748000000138 347.287999999709 347.795999999624 351.590000000317 348.052000000142
 0 0 0 0 0 0 0 0 0 0
 0 0 0 0 0 0 0 0 0 0
