V1 V2 V3 V4 V5 V6 V7 V8 V9 V10
sam 2.39100000000008 2.38999999999987 2.87999999999965 2.44500000000016 2.4409999999998 3.44299999999976 2.45899999999983 2.50999999999976 2.41300000000001 2.38800000000037
geode 0.0319999999999823 0.0279999999999916 0.0190000000000055 0.0339999999999918 0.0389999999999873 0.0600000000000023 0.0229999999999961 0.0240000000000009 0.0219999999999914 0.0180000000000007
ref 2.42399999999998 2.42000000000007 2.89999999999964 2.48199999999997 2.48099999999977 3.50600000000031 2.48500000000058 2.53700000000026 2.43599999999969 2.40799999999945
infog 0 0 0 0 0 0 0 0 0 0
func 0 0 0 0 0 0 0 0 0 0
EFSOS 0.805999999999585 0.833000000000084 0.855000000000018 0.836999999999989 0.850000000000364 0.963999999999942 0.84900000000016 0.811999999999898 0.827000000000226 0.826000000000022
EFSIS 0.0200000000000102 0.0159999999999911 0.0180000000000007 0.0169999999999959 0.0190000000000055 0.0190000000000055 0.0219999999999914 0.0200000000000102 0.0149999999999864 0.0190000000000055
 0.827000000000226 0.850000000000364 0.872999999999593 0.855000000000473 0.869000000000597 0.984000000000378 0.871999999999389 0.832000000000335 0.844000000000051 0.846999999999753
 0 0 0 0 0 0 0 0 0 0
 0 0 0 0 0 0 0 0 0 0
 2.00800000000027 2.07200000000012 2.9340000000002 2.17299999999977 2.12300000000005 2.65599999999995 2.28600000000006 2.26200000000017 2.50399999999991 2.55299999999988
 0.00800000000000978 0.00300000000001432 0.0649999999999977 0.0040000000000191 0.00300000000001432 0.0789999999999793 0.00900000000001455 0.00799999999998136 0.0830000000000268 0.063999999999993
 2.01800000000003 2.07600000000002 3.00300000000061 2.17900000000009 2.12899999999991 2.73700000000008 2.29600000000028 2.27199999999993 2.58899999999994 2.61700000000019
 0 0 0 0 0 0 0 0 0 0
 0 0 0 0 0 0 0 0 0 0
 0.424999999999727 0.427000000000135 0.746999999999844 0.444000000000415 0.453999999999724 0.440000000000055 0.442000000000007 0.43100000000004 0.420000000000073 0.423999999999978
 0.00899999999998613 0 0.00899999999998613 0.00399999999999068 0.00799999999998136 0 0.00100000000000477 0.007000000000005 0.00199999999998113 0
 0.433999999999287 0.427999999999884 0.756999999999607 0.447999999999411 0.462999999999738 0.442000000000007 0.443999999999505 0.438999999999396 0.423000000000684 0.426000000000386
 0 0 0 0 0 0 0 0 0 0
 0 0 0 0 0 0 0 0 0 0
 6.01099999999997 6.10699999999997 7.78399999999965 6.26900000000023 6.23599999999988 7.88599999999997 6.42000000000007 6.37899999999991 6.54199999999992 6.54900000000043
 0.0689999999999884 0.046999999999997 0.114000000000004 0.0600000000000023 0.0689999999999884 0.159999999999997 0.0550000000000068 0.0589999999999975 0.126999999999981 0.105000000000018
 6.08500000000004 6.15900000000056 7.90299999999934 6.33500000000004 6.3100000000004 8.05300000000079 6.48000000000047 6.44400000000041 6.67500000000018 6.65999999999985
 0 0 0 0 0 0 0 0 0 0
 0 0 0 0 0 0 0 0 0 0
 29.172 27.4780000000001 28.6200000000003 29.0859999999998 28.5440000000003 28.1300000000001 29.2950000000001 26.8739999999998 26.75 28.3329999999996
 5.58600000000001 2.01399999999998 7.66999999999999 2.059 1.977 2.08500000000001 2 1.91300000000001 1.95700000000002 1.828
 61.1089999999995 38.2439999999997 72.7190000000001 41.7979999999998 42.701 39.5049999999992 40.5859999999993 37.4989999999998 37.3379999999997 38.7439999999997
 1124.106 379.329999999994 1481.17400000001 408.597999999998 377.273000000001 392.928999999996 396.315999999999 369.762000000002 369.112999999998 375.631000000001
 102.056 36.0499999999993 156.141000000001 62.6630000000005 104.860999999997 35.492000000002 46.0030000000006 33.0629999999983 35.510000000002 33.6749999999993
