V1 V2 V3 V4 V5 V6 V7 V8 V9 V10
sam 2.91500000000087 3.20799999999872 2.5630000000001 2.75 2.58699999999953 3.76900000000023 3.08899999999994 3.0049999999992 3.21800000000076 12.3169999999991
geode 0 0 0 0.00100000000000122 0 0 0.00100000000000122 0.00100000000000122 0.00100000000000122 0.00900000000000034
ref 2.91699999989942 3.20999999996275 2.56499999994412 2.75499999988824 2.58799999998882 3.7730000000447 3.0910000000149 3.00900000007823 3.27400000020862 17.0879999999888
infog 0 0 0 0 0 0 0 0 0 0
func 0 0 0 0 0 0 0 0 0 0
EFSIS 0.963999999999942 0.81000000000131 0.855999999999767 0.94800000000032 0.923999999999069 1.40999999999985 0.881999999999607 1.70200000000114 1.22400000000016 1.64600000000064
 0 0 0 0.00300000000000011 0 0 0 0 0 0
 0.964999999850988 0.811999999918044 0.854999999981374 0.950999999884516 0.924999999813735 1.41200000001118 0.884000000078231 1.70200000004843 1.22500000009313 1.78800000017509
 0 0 0 0 0 0 0 0 0 0
 0 0 0 0 0 0 0 0 0 0
 3.18499999999949 3.58899999999994 3.11999999999898 3.15400000000045 3.16300000000047 3.20100000000093 2.8760000000002 4.07999999999993 3.97799999999916 4.64400000000023
 0.00400000000000134 0 0.00499999999999901 0.0129999999999981 0.00400000000000134 0.00400000000000134 0.000999999999997669 0.00600000000000023 0 0.00600000000000023
 2.25 2.73500000033528 2.24800000013784 2.27500000037253 2.28000000026077 2.31400000024587 1.98199999984354 3.12600000016391 3.08899999968708 4.79499999992549
 0 0 0 0 0 0 0 0 0 0
 0 0 0 0 0 0 0 0 0 0
 0.467000000000553 0.444999999999709 0.43500000000131 0.487999999999374 0.490999999999985 0.470999999999549 0.453999999999724 0.783999999999651 0.555000000000291 0.707000000000335
 0 0 0 0.00100000000000122 0 0 0 0 0 0
 0.467000000178814 0.445999999996275 0.435999999754131 0.489999999757856 0.493999999947846 0.470999999903142 0.453999999910593 0.785000000149012 0.557000000029802 0.708000000100583
 0 0 0 0 0 0 0 0 0 0
 0 0 0 0 0 0 0 0 0 0
 7.95100000000093 8.43199999999888 7.35099999999875 7.73400000000038 7.59499999999935 9.33300000000054 7.66699999999946 10.2659999999996 9.60100000000057 19.7399999999998
 0.00400000000000134 0 0.00499999999999901 0.0180000000000007 0.00400000000000134 0.00400000000000134 0.00199999999999889 0.00700000000000145 0.00100000000000122 0.0150000000000006
 7.02000000001863 7.58300000010058 6.48100000014529 6.86499999975786 6.71699999971315 8.45300000021234 6.77799999993294 9.31900000013411 8.77200000034645 24.8050000001676
 0 0 0 0 0 0 0 0 0 0
 0 0 0 0 0 0 0 0 0 0
 384.15 390.787 384.390000000001 394.441999999999 410.371999999999 421.504000000001 404.207 432.537 481.938 536.880999999999
 0.161000000000001 0.164999999999999 0.132999999999999 0.381 0.779999999999998 0.266999999999999 0.238 0.228999999999999 0.311 0.994
 341.574999999721 347.740999999922 340.865999999922 351.252000000328 367.309000000358 378.016999999993 360.668999999762 390.375 465.419999999925 560.353999999817
 0 0 0 0 0 0 0 0 0 0
 0 0 0 0 0 0 0 0 0 0
