V1 V2 V3 V4 V5 V6 V7 V8 V9 V10
sam 3.75899999996182 3.83799999998882 3.73300000000745 3.86300000001211 3.71199999994133 3.89199999999255 3.75199999997858 3.70199999993201 3.75699999998324 3.74800000002142
geode 0.0380000000004657 0.0400000000081491 0.0380000000004657 0.0389999999897555 0.0380000000004657 0.0399999999935972 0.0380000000004657 0.036999999996624 0.0380000000004657 0.0380000000004657
ref 3.80099999997765 3.87999999988824 3.7730000000447 3.90400000009686 3.75300000002608 3.93600000021979 3.79399999976158 3.74200000008568 3.79900000011548 3.78800000017509
infog 0 0 0 0 0 0 0 0 0 0
func 0 0 0 0 0 0 0 0 0 0
EFSIS 0.857000000076368 0.896999999997206 0.871999999973923 0.881000000052154 0.856000000028871 0.893999999971129 0.856000000028871 0.818000000086613 0.886000000056811 0.854000000050291
 0.00800000000162981 0.0089999999909196 0.00900000000547152 0.00800000000162981 0.00800000000162981 0.00900000000547152 0.0089999999909196 0.00900000000547152 0.0089999999909196 0.00800000000162981
 0.865999999921769 0.907999999821186 0.881999999750406 0.890000000130385 0.863999999593943 0.902999999932945 0.865000000223517 0.828000000212342 0.895000000018626 0.861999999731779
 0 0 0 0 0 0 0 0 0 0
 0 0 0 0 0 0 0 0 0 0
 2.96199999994133 2.99400000006426 3.00300000002608 3.47299999999814 2.99300000001676 3.5690000000177 3.01000000000931 2.94699999992736 2.96699999994598 3.21999999997206
 0.0299999999988358 0.0290000000095461 0.0339999999996508 0.0559999999968568 0.0380000000004657 0.0460000000020955 0.0290000000095461 0.0460000000020955 0.0280000000057044 0.0359999999927823
 2.07299999985844 2.11200000019744 2.10900000017136 2.585999999661 2.12100000027567 2.67799999983981 2.15199999976903 2.07699999958277 2.1589999999851 2.07200000016019
 0 0 0 0 0 0 0 0 0 0
 0 0 0 0 0 0 0 0 0 0
 0.464999999967404 0.427999999956228 0.415000000037253 0.427999999956228 0.493999999947846 0.450000000069849 0.494999999995343 0.488000000012107 0.454000000027008 0.444999999948777
 0.00400000000081491 0.00400000000081491 0.0049999999901047 0.00500000000465661 0.00500000000465661 0.0049999999901047 0.0049999999901047 0.0049999999901047 0.00400000000081491 0.00400000000081491
 0.470000000204891 0.432000000029802 0.421000000089407 0.434000000357628 0.498000000137836 0.455000000074506 0.501000000163913 0.493000000249594 0.458999999798834 0.450000000186265
 0 0 0 0 0 0 0 0 0 0
 0 0 0 0 0 0 0 0 0 0
 8.49300000001676 8.58900000003632 8.4660000000149 9.08700000005774 8.5 9.24699999997392 8.5570000000298 8.37199999997392 8.55000000004657 8.68599999998696
 0.0850000000064028 0.0860000000102445 0.0899999999965075 0.111999999993714 0.0930000000080327 0.103999999992084 0.0859999999956926 0.101999999998952 0.0839999999880092 0.0899999999965075
 7.66500000003725 7.76899999985471 7.63199999975041 8.26000000024214 7.68599999975413 8.41899999976158 7.7609999999404 7.56199999991804 7.80299999983981 7.59500000020489
 0 0 0 0 0 0 0 0 0 0
 0 0 0 0 0 0 0 0 0 0
 432.937000000034 431.597999999998 439.234000000055 451.736999999965 444.503999999957 440.280000000028 433.390999999945 440.469999999972 443.407999999938 442.127000000095
 4.54200000000128 4.50099999998929 4.58000000000175 4.78299999999581 4.58899999999267 4.54499999999825 4.53699999999662 4.6530000000057 4.60400000000664 4.63899999999558
 392.788999999873 391.552000000142 398.300999999978 411.918999999762 404.040000000037 399.323000000324 392.81399999978 402.145000000019 399.548000000417 387.347999999765
 0 0 0 0 0 0 0 0 0 0
 0 0 0 0 0 0 0 0 0 0
