V1 V2 V3 V4 V5 V6 V7 V8 V9 V10
sam 4.44700000000012 7.09499999999935 3.76300000000083 3.81400000000031 3.89400000000023 4.17799999999988 5.41599999999926 4.51199999999881 4.60900000000038 5.26900000000023
geode 0 0.00100000000000122 0 0 0 0.00399999999999778 0.00100000000000477 0.000999999999997669 0 0.00400000000000489
ref 5.40999999999985 7.49699999999939 3.77700000000004 3.87400000000162 3.94100000000071 5.44800000000032 5.77700000000004 4.54900000000089 4.78399999999965 6.6190000000006
infog 0 0 0 0 0 0 0 0 0 0
func 0 0 0 0 0 0 0 0 0 0
EFSIS 1.56099999999969 2.55000000000109 1.38899999999921 1.28199999999924 1.39299999999821 2.02499999999964 1.51500000000124 1.42699999999968 1.71199999999953 1.60100000000057
 0.0250000000000021 0.0380000000000003 0.0189999999999984 0.0259999999999998 0.0200000000000031 0.0310000000000059 0.0219999999999985 0.0200000000000031 0.017000000000003 0.0229999999999961
 2.29999999999927 2.59100000000035 1.41799999999967 1.30799999999908 1.41500000000087 2.05699999999888 1.56400000000031 1.85299999999916 1.72999999999956 2.11799999999857
 0 0 0 0 0 0 0 0 0 0
 0 0 0 0 0 0 0 0 0 0
 4.67300000000068 10.0779999999995 4.1869999999999 4.20399999999972 4.22800000000097 5.41200000000026 5.128999999999 4.3640000000014 3.93499999999949 4.11399999999958
 0.00399999999999778 0.00499999999999901 0.00300000000000011 0.0210000000000008 0.00499999999999545 0.00600000000000023 0.00399999999999778 0.019999999999996 0.0069999999999979 0.00200000000000244
 4.75600000000122 9.27000000000044 3.20400000000154 3.1820000000007 3.26499999999942 4.69000000000051 4.13600000000042 3.55600000000049 2.78100000000086 3.46299999999974
 0 0 0 0 0 0 0 0 0 0
 0 0 0 0 0 0 0 0 0 0
 0.816999999999098 1.14300000000003 0.782999999999447 0.748000000001412 0.748999999999796 1.10200000000077 0.757999999999811 0.76299999999901 0.576000000000931 0.853000000000975
 0 0 0 0 0 0 0 0 0 0
 1.1349999999984 1.34699999999975 0.782999999999447 0.751000000000204 0.748999999999796 1.16499999999905 0.758999999998196 0.764999999999418 0.57799999999952 1.05900000000111
 0 0 0 0 0 0 0 0 0 0
 0 0 0 0 0 0 0 0 0 0
 12.2240000000002 22.6980000000003 10.728000000001 10.6689999999999 10.8819999999996 13.8130000000001 13.4400000000005 11.744999999999 11.1830000000009 12.4779999999992
 0.0289999999999999 0.0440000000000005 0.0219999999999985 0.0470000000000006 0.0249999999999986 0.0410000000000039 0.027000000000001 0.0409999999999968 0.0240000000000009 0.0290000000000035
 14.5730000000003 22.5689999999995 9.79500000000007 9.74099999999999 10.0040000000008 14.8400000000001 12.9799999999996 11.4490000000005 10.2240000000002 14.1869999999999
 0 0 0 0 0 0 0 0 0 0
 0 0 0 0 0 0 0 0 0 0
 856.84 741.358 622.112999999999 596.942999999999 598.817999999999 601.74 614.828 621.012000000001 525.091999999999 598.630999999999
 1.941 1.658 1.471 1.749 1.319 1.319 1.341 1.581 1.241 1.486
 877.779999999999 734.109 621.653 581.451000000001 589.552 590.254999999999 596.958000000001 604.624 510.539999999999 658.244999999999
 0 0 0 0 0 0 0 0 0 0
 0 0 0 0 0 0 0 0 0 0
