V1 V2 V3 V4 V5 V6 V7 V8 V9 V10
sam 2.41500000000008 2.40600000000006 2.51099999999997 2.42900000000009 2.42499999999995 2.43399999999997 2.51800000000003 2.37199999999996 2.38400000000001 2.38599999999997
geode 0.0459999999999994 0.0439999999999969 0.0330000000000013 0.0260000000000105 0.0429999999999922 0.0459999999999923 0.0229999999999961 0.0430000000000064 0.054000000000002 0.0450000000000017
ref 2.46399999999994 2.45100000000002 2.54500000000007 2.4559999999999 2.47000000000003 2.48300000000017 2.54099999999994 2.41700000000014 2.43999999999983 2.4340000000002
infog 0 0 0 0 0 0 0 0 0 0
func 0 0 0 0 0 0 0 0 0 0
EFSOS 0.851999999999975 0.838999999999942 0.88900000000001 0.841000000000008 0.865000000000009 0.863000000000056 0.881999999999948 0.814000000000078 0.805999999999926 0.828999999999951
EFSIS 0.0210000000000008 0.0229999999999961 0.0259999999999962 0.019999999999996 0.0180000000000007 0.0240000000000009 0.0260000000000105 0.019999999999996 0.0339999999999918 0.0159999999999911
 0.873000000000047 0.864000000000033 0.91800000000012 0.863000000000056 0.884999999999991 0.88799999999992 0.911000000000058 0.836000000000013 0.841000000000122 0.8449999999998
 0 0 0 0 0 0 0 0 0 0
 0 0 0 0 0 0 0 0 0 0
 2.06399999999996 2.01600000000008 3.01600000000008 2.0809999999999 2.06700000000001 2.05700000000002 3.01099999999997 2.00399999999991 1.952 1.99400000000003
 0.00500000000000256 0.01400000000001 0.106999999999999 0.00199999999999534 0.0150000000000006 0.0160000000000053 0.0879999999999939 0.0120000000000005 0.0110000000000099 0.007000000000005
 2.07099999999991 2.03099999999995 3.1239999999998 2.08300000000008 2.08299999999986 2.07400000000007 3.10099999999989 2.01800000000003 1.96399999999994 2.00200000000018
 0 0 0 0 0 0 0 0 0 0
 0 0 0 0 0 0 0 0 0 0
 0.438999999999965 0.438999999999965 0.419999999999959 0.429000000000087 0.427999999999997 0.463999999999942 0.422000000000025 0.421000000000049 0.41700000000003 0.437000000000012
 0.00900000000000034 0.00499999999999545 0 0.00900000000000034 0.01400000000001 0 0.00199999999999534 0.00900000000000034 0.00999999999999091 0.007000000000005
 0.448000000000093 0.444000000000187 0.421000000000049 0.438999999999851 0.441000000000031 0.464999999999918 0.423000000000002 0.429999999999836 0.429000000000087 0.444999999999936
 0 0 0 0 0 0 0 0 0 0
 0 0 0 0 0 0 0 0 0 0
 6.173 6.07000000000005 7.19399999999996 6.15899999999999 6.16099999999994 6.19200000000001 7.21199999999999 5.98000000000002 5.92499999999995 6
 0.0859999999999985 0.0859999999999985 0.171000000000006 0.0570000000000022 0.0900000000000034 0.0859999999999985 0.141000000000005 0.0859999999999985 0.108999999999995 0.0750000000000028
 6.2639999999999 6.16100000000006 7.37100000000009 6.221 6.25699999999983 6.28400000000011 7.35899999999992 6.07000000000016 6.03999999999996 6.08000000000015
 0 0 0 0 0 0 0 0 0 0
 0 0 0 0 0 0 0 0 0 0
 26.905 24.712 25.3630000000001 25.5580000000001 26.7430000000001 24.9159999999999 24.424 24.749 25.327 24.521
 8.715 1.889 3.95999999999999 1.971 1.871 2.00999999999999 2.11399999999999 2.102 1.729 1.624
 82.6500000000001 36.5440000000001 46.549 37.7469999999998 38.0540000000001 36.3340000000001 35.107 36.1979999999999 36.425 35.9459999999999
 1970.411 408.477000000001 742.630999999999 435.092999999999 405.293000000001 398.018 366.25 395.581999999999 396.383000000002 422.804
 220.817 45.5459999999998 66.886 47.585 47.0710000000001 45.3499999999999 34.8720000000001 46.1369999999999 46.5409999999999 48.3790000000001
