V1 V2 V3 V4 V5 V6 V7 V8 V9 V10
sam 3.81999999994878 3.73599999991711 3.71400000003632 3.72399999992922 3.83299999998417 3.89099999994505 4.32600000000093 3.76199999998789 3.79899999999907 3.7730000000447
geode 0.0349999999889405 0.0339999999996508 0.0339999999996508 0.0339999999996508 0.0359999999927823 0.0350000000034925 0.0399999999935972 0.0349999999889405 0.0350000000034925 0.0339999999996508
ref 3.8589999997057 3.77200000034645 3.75099999969825 3.7609999999404 3.87099999981001 3.93000000016764 4.36799999978393 3.79900000011548 3.83699999982491 3.81000000005588
infog 0 0 0 0 0 0 0 0 0 0
func 0 0 0 0 0 0 0 0 0 0
EFSIS 0.851000000024214 0.852000000071712 0.858000000007451 0.82999999995809 0.875 0.879000000073574 0.852000000071712 0.839999999967404 0.868000000016764 0.853000000002794
 0.00900000000547152 0.00800000000162981 0.00800000000162981 0.00800000000162981 0.00800000000162981 0.0089999999909196 0.00800000000162981 0.00800000000162981 0.00800000000162981 0.00800000000162981
 0.860000000335276 0.860999999567866 0.867000000085682 0.839999999850988 0.885000000242144 0.88799999980256 0.861000000033528 0.850000000093132 0.877000000327826 0.86200000019744
 0 0 0 0 0 0 0 0 0 0
 0 0 0 0 0 0 0 0 0 0
 3.31099999998696 3.33899999991991 3.41700000001583 3.23199999995995 3.88300000003073 3.44499999994878 3.27999999991152 3.4100000000326 3.77599999995437 3.89500000001863
 0.036999999996624 0.0390000000043074 0.036999999996624 0.044000000008964 0.055000000007567 0.0380000000004657 0.0370000000111759 0.0510000000067521 0.0389999999897555 0.0409999999974389
 2.12399999983609 2.14000000013039 2.14400000032037 2.08499999996275 2.61799999978393 2.2160000000149 2.04199999989942 2.16699999989942 2.57400000002235 2.63400000007823
 0 0 0 0 0 0 0 0 0 0
 0 0 0 0 0 0 0 0 0 0
 0.427000000025146 0.44800000009127 0.419999999925494 0.423999999999069 0.420999999972992 0.445000000065193 0.43100000009872 0.427000000025146 0.430000000051223 0.422000000020489
 0.00400000000081491 0.0049999999901047 0.00400000000081491 0.00399999998626299 0.00400000000081491 0.00400000000081491 0.00400000000081491 0.00400000000081491 0.00400000000081491 0.00400000000081491
 0.430000000167638 0.453000000212342 0.422999999951571 0.428000000305474 0.427000000141561 0.450000000186265 0.436000000219792 0.429000000003725 0.435000000055879 0.425999999977648
 0 0 0 0 0 0 0 0 0 0
 0 0 0 0 0 0 0 0 0 0
 8.84499999997206 8.87599999993108 8.82999999995809 8.63699999998789 9.44800000009127 9.09699999995064 9.32799999997951 8.88199999998324 9.29200000001583 9.35400000005029
 0.0889999999926658 0.0910000000003492 0.0869999999995343 0.0939999999973224 0.107000000003609 0.0899999999965075 0.0929999999934807 0.101999999998952 0.0899999999965075 0.0910000000003492
 7.71199999982491 7.7320000003092 7.61100000003353 7.54399999976158 8.24099999992177 7.92599999997765 8.14999999990687 7.69200000027195 8.14600000018254 8.14700000034645
 0 0 0 0 0 0 0 0 0 0
 0 0 0 0 0 0 0 0 0 0
 491.939000000013 487.214000000036 487.620000000112 492.687999999966 497.257999999914 498.560999999987 497.303000000073 489.388000000035 490.267999999924 494.959999999963
 4.90200000000186 4.81299999999464 4.80199999999604 5.0789999999979 4.91300000000047 4.91500000000815 4.90200000000186 5.02000000000407 4.85700000000361 4.84700000000885
 436.228999999817 430.561999999918 428.895999999717 436.834000000264 439.831999999937 440.881000000052 439.259000000078 432.699999999721 433.115999999922 433.98499999987
 0 0 0 0 0 0 0 0 0 0
 0 0 0 0 0 0 0 0 0 0
