V1 V2 V3 V4 V5 V6 V7 V8 V9 V10
sam 2.78099999999904 3.86399999999776 3.18699999999808 3.34800000000178 4.89500000000044 2.80600000000049 3.05099999999948 2.71700000000055 2.87000000000262 3.01699999999983
geode 0 0 0 0.00100000000000477 0.000999999999997669 0 0 0 0 0.00199999999999534
ref 2.78200000012293 6.55400000000373 3.24000000022352 3.3519999999553 4.89999999990687 2.8070000000298 3.05200000014156 2.7210000003688 2.87300000013784 3.02199999988079
infog 0 0 0 0 0 0 0 0 0 0
func 0 0 0 0 0 0 0 0 0 0
EFSIS 1.00600000000122 1.63500000000204 1.43900000000212 0.97099999999773 0.950000000000728 0.912999999996828 0.940000000002328 0.944999999999709 0.906999999999243 1.00200000000041
 0 0 0 0 0 0 0.00100000000000477 0 0 0
 1.00700000021607 3.18299999972805 1.43999999994412 0.96999999973923 0.950000000186265 0.91399999987334 0.941999999806285 0.945999999996275 0.907000000122935 1.00199999986216
 0 0 0 0 0 0 0 0 0 0
 0 0 0 0 0 0 0 0 0 0
 3.27699999999822 4.23099999999977 3.99099999999817 3.81200000000172 3.81999999999971 3.34500000000116 3.51900000000023 3.40599999999904 3.13799999999901 3.95799999999872
 0.00300000000000011 0.00300000000000011 0.00300000000000011 0.0120000000000005 0.00500000000000256 0.00100000000000477 0.00300000000000011 0.0100000000000051 0.00500000000000256 0.00200000000000244
 2.38299999991432 5.20399999991059 3.66600000020117 2.83600000012666 2.92199999978766 2.47500000009313 2.62900000018999 2.53899999987334 2.26599999982864 3.04799999995157
 0 0 0 0 0 0 0 0 0 0
 0 0 0 0 0 0 0 0 0 0
 0.491000000001804 0.753000000000611 0.761000000002241 0.523999999997613 0.457999999998719 0.465000000000146 0.484999999996944 0.433000000000902 0.450000000000728 0.454000000001543
 0 0 0 0.00199999999999534 0 0 0 0 0 0
 0.490999999921769 1.32099999999627 1.00400000018999 0.527999999932945 0.458000000100583 0.464999999850988 0.484999999869615 0.433999999891967 0.450999999884516 0.454000000376254
 0 0 0 0 0 0 0 0 0 0
 0 0 0 0 0 0 0 0 0 0
 7.97399999999834 11.3420000000006 10.0489999999991 9.1160000000018 10.5459999999985 7.9519999999975 8.4330000000009 7.9330000000009 7.75900000000183 8.8269999999975
 0.00300000000000011 0.00300000000000011 0.00300000000000011 0.0150000000000006 0.00600000000000023 0.00100000000000477 0.00400000000000489 0.0100000000000051 0.00500000000000256 0.00399999999999778
 7.08300000010058 17.2669999999925 10.070000000298 8.14599999971688 9.65400000009686 7.08399999979883 7.54600000008941 7.07200000016019 6.89000000013039 7.92100000008941
 0 0 0 0 0 0 0 0 0 0
 0 0 0 0 0 0 0 0 0 0
 518.495999999999 558.758999999998 606.692999999999 577.972999999998 441.902000000002 419.843000000001 403.059000000001 414.656999999999 409.018 403.960000000003
 1.041 1.508 0.692999999999998 0.816000000000003 0.680999999999997 0.214999999999996 0.200999999999993 0.335999999999999 0.137 0.268999999999998
 536.935000000056 614.353000000119 681.850000000093 602.226000000257 406.986000000034 375.588000000454 358.941999999806 370.308999999892 365.382999999914 359.42799999984
 0 0 0 0 0 0 0 0 0 0
 0 0 0 0 0 0 0 0 0 0
