V1 V2 V3 V4 V5 V6 V7 V8 V9 V10
sam 2.89600000000064 2.46800000000076 3.28100000000268 2.73400000000038 2.51499999999942 2.51399999999921 2.81899999999951 2.6929999999993 2.55900000000111 2.54399999999805
geode 0 0 0 0 0 0 0.00200000000000244 0 0 0
ref 2.89900000000125 2.47000000000116 3.28199999999924 2.73800000000119 2.51900000000023 2.51699999999983 2.82500000000073 2.69499999999971 2.56199999999808 2.5460000000021
infog 0 0 0 0 0 0 0 0 0 0
func 0 0 0 0 0 0 0 0 0 0
EFSIS 0.819999999999709 0.834999999999127 0.868999999998778 0.903000000002066 0.859000000000378 0.868999999998778 0.885999999998603 0.81499999999869 0.861999999997352 0.843000000000757
 0.0189999999999984 0.0219999999999985 0.0229999999999961 0.0200000000000031 0.019999999999996 0.017000000000003 0.0249999999999986 0.0189999999999984 0.0169999999999959 0.0210000000000008
 0.838999999999942 0.856999999999971 0.893000000000029 0.922999999998865 0.878000000000611 0.886000000002241 0.912000000000262 0.834999999999127 0.879000000000815 0.864999999997963
 0 0 0 0 0 0 0 0 0 0
 0 0 0 0 0 0 0 0 0 0
 2.69900000000052 2.89199999999983 3.13799999999901 3.24299999999857 3.26599999999962 3.42399999999907 3.39400000000023 3.08000000000175 2.90300000000207 3.56400000000212
 0.000999999999997669 0.00200000000000244 0.00300000000000011 0.0120000000000005 0.00200000000000244 0.000999999999997669 0.00200000000000244 0.0140000000000029 0.00100000000000477 0.00199999999999534
 1.84699999999793 2.01199999999881 2.22599999999875 2.35699999999997 2.22899999999936 2.46600000000035 2.46099999999933 2.1830000000009 1.97799999999916 2.63400000000183
 0 0 0 0 0 0 0 0 0 0
 0 0 0 0 0 0 0 0 0 0
 0.449000000000524 0.442999999999302 0.458000000002357 0.495999999999185 0.472000000001572 0.507000000001426 0.479999999999563 0.470000000001164 0.494999999998981 0.43999999999869
 0 0 0.00100000000000477 0 0 0 0 0 0 0
 0.449000000000524 0.444999999999709 0.459999999999127 0.495999999999185 0.472000000001572 0.507999999997992 0.480999999999767 0.47099999999773 0.495000000002619 0.43999999999869
 0 0 0 0 0 0 0 0 0 0
 0 0 0 0 0 0 0 0 0 0
 7.22999999999956 7.00600000000122 8.15000000000146 7.76000000000204 7.48199999999997 7.68000000000029 8.00500000000102 7.43499999999767 7.17399999999907 7.78600000000006
 0.0209999999999937 0.0249999999999986 0.027000000000001 0.0320000000000036 0.0219999999999985 0.0180000000000007 0.0290000000000035 0.0330000000000013 0.0180000000000007 0.0229999999999961
 6.40000000000146 6.15200000000186 7.26399999999921 6.89800000000105 6.46900000000096 6.74400000000242 7.10399999999936 6.56199999999808 6.27000000000044 6.88000000000102
 0 0 0 0 0 0 0 0 0 0
 0 0 0 0 0 0 0 0 0 0
 366.037 367.155999999999 390.163 380.548999999999 378.668999999998 392.244999999999 390.666999999998 376.117000000002 376.232 392.775999999998
 1.142 1.093 1.13999999999999 1.315 1.087 1.096 1.141 1.321 1.074 1.10300000000001
 322.559000000001 322.970999999998 344.666000000001 336.900999999998 333.617999999999 347.045999999998 345.704000000002 332.542000000001 332.441999999999 348.117000000002
 0 0 0 0 0 0 0 0 0 0
 0 0 0 0 0 0 0 0 0 0
