V1 V2 V3 V4 V5 V6 V7 V8 V9 V10
sam 3.01099999999997 2.57799999999997 2.59399999999982 2.54299999999989 2.53699999999981 2.577 2.55700000000002 3.19200000000001 2.596 2.42000000000007
geode 0.111000000000004 0.0420000000000016 0.0359999999999872 0.0409999999999968 0.0339999999999918 0.0420000000000016 0.0450000000000017 0.105999999999995 0.027000000000001 0.032999999999987
ref 3.125 2.62100000000009 2.63099999999986 2.58699999999999 2.57399999999984 2.62100000000009 2.60400000000004 3.30199999999991 2.625 2.45600000000013
infog 0 0 0 0 0 0 0 0 0 0
func 0 0 0 0 0 0 0 0 0 0
EFSOS 0.843000000000075 0.832000000000107 0.906000000000176 0.853000000000065 0.873000000000047 0.881000000000085 0.875999999999976 0.823999999999842 0.826000000000022 0.811999999999898
EFSIS 0.0190000000000055 0.0179999999999865 0.0240000000000009 0.019999999999996 0.0170000000000101 0.019999999999996 0.0200000000000102 0.0210000000000008 0.027000000000001 0.0200000000000102
 0.863000000000056 0.850999999999885 0.93100000000004 0.874000000000024 0.889000000000124 0.901000000000067 0.897000000000162 0.845000000000027 0.852000000000089 0.83199999999988
 0 0 0 0 0 0 0 0 0 0
 0 0 0 0 0 0 0 0 0 0
 2.00099999999998 2.6869999999999 2.72799999999984 2.20700000000011 2.21100000000001 2.21699999999987 2.21599999999989 2.17700000000013 2.80499999999984 2.12400000000002
 0.0120000000000005 0.114000000000004 0.119 0.0150000000000006 0.0120000000000005 0.0150000000000006 0.0109999999999957 0.007000000000005 0.0799999999999983 0.007000000000005
 2.0139999999999 2.80300000000011 2.85100000000011 2.22399999999993 2.22599999999989 2.23399999999992 2.22899999999981 2.18600000000015 2.88799999999992 2.13400000000001
 0 0 0 0 0 0 0 0 0 0
 0 0 0 0 0 0 0 0 0 0
 0.427999999999997 0.433999999999969 0.439000000000078 0.464999999999918 0.441000000000031 0.456000000000131 0.448000000000093 0.446999999999889 0.437000000000126 0.442999999999984
 0.00799999999999557 0 0.00100000000000477 0.007000000000005 0.0109999999999957 0.00800000000000978 0.0100000000000051 0.00300000000000011 0 0
 0.435999999999922 0.434999999999945 0.439999999999827 0.471000000000004 0.451999999999998 0.463999999999942 0.457000000000107 0.449999999999818 0.437000000000126 0.443000000000211
 0 0 0 0 0 0 0 0 0 0
 0 0 0 0 0 0 0 0 0 0
 6.66899999999998 6.93200000000002 7.05899999999997 6.45900000000006 6.46199999999999 6.53099999999995 6.49199999999996 7.01999999999998 7.06299999999987 6.16200000000003
 0.150000000000006 0.173999999999992 0.180999999999997 0.0829999999999984 0.0739999999999981 0.085000000000008 0.0860000000000127 0.137999999999991 0.135000000000005 0.0600000000000023
 6.82399999999984 7.11200000000008 7.24599999999987 6.548 6.54099999999994 6.62100000000009 6.58300000000008 7.16300000000001 7.20400000000018 6.22600000000011
 0 0 0 0 0 0 0 0 0 0
 0 0 0 0 0 0 0 0 0 0
 26.577 27.0260000000001 27.598 26.7279999999998 27.338 28.221 26.778 27.8869999999999 26.0140000000001 24.77
 3.867 9.376 12.952 2.035 2.155 1.96899999999999 2.10199999999999 3.86200000000001 5.896 1.821
 47.6800000000001 79.3410000000001 101.431 38.097 38.7749999999999 39.816 38.172 49.759 57.1900000000001 36.1259999999997
 743.613999999998 1803.599 2551.468 401.200999999997 398.921000000002 410.290999999997 398.101000000002 764.146000000001 1059.891 407.772000000001
 65.5239999999999 169.226 231.077 43.703 45.5079999999998 46.4120000000003 45.616 78.739 99.5839999999998 47.0459999999998
