V1 V2 V3 V4 V5 V6 V7 V8 V9 V10
sam 3.03699999999981 2.6869999999999 2.93000000000006 3.25899999999979 4.17599999999993 2.56899999999996 2.43399999999997 2.92599999999993 2.34999999999991 2.42499999999995
geode 0.027000000000001 0.0249999999999915 0.0409999999999968 0.0210000000000008 0.027000000000001 0.0300000000000011 0.0250000000000057 0.027000000000001 0.0319999999999965 0.0150000000000006
ref 3.06600000000003 2.71399999999994 2.97300000000018 3.28200000000015 4.20700000000033 2.60199999999986 2.46100000000024 2.95499999999993 2.38400000000001 2.44299999999976
infog 0 0 0 0 0 0 0 0 0 0
func 0 0 0 0 0 0 0 0 0 0
EFSOS 1.08500000000004 0.930000000000064 1.15299999999979 1.07100000000014 1.69100000000003 0.8900000000001 0.855999999999995 1.0920000000001 0.813000000000102 0.828999999999951
EFSIS 0.0250000000000057 0.0180000000000007 0.0229999999999961 0.0259999999999962 0.0300000000000011 0.0250000000000057 0.0180000000000007 0.0190000000000055 0.0170000000000101 0.0169999999999959
 1.1099999999999 0.951000000000022 1.17699999999991 1.09799999999996 1.721 0.916000000000167 0.873999999999796 1.11300000000028 0.831000000000131 0.846000000000004
 0 0 0 0 0 0 0 0 0 0
 0 0 0 0 0 0 0 0 0 0
 3.13800000000015 2.40300000000002 2.7800000000002 3.03199999999993 3.10300000000007 2.19000000000005 2.59999999999991 2.00999999999999 2.25299999999993 2.12700000000018
 0.0660000000000025 0.00400000000000489 0.0210000000000008 0.0769999999999982 0.0100000000000051 0.00600000000000023 0.0669999999999931 0.00499999999999545 0.0119999999999862 0.0100000000000051
 3.20600000000013 2.40800000000013 2.80400000000009 3.11199999999963 3.11599999999999 2.19700000000012 2.66900000000032 2.01699999999983 2.26699999999983 2.14000000000033
 0 0 0 0 0 0 0 0 0 0
 0 0 0 0 0 0 0 0 0 0
 0.517999999999802 0.535000000000082 0.608999999999924 0.496000000000095 0.592999999999847 0.463999999999942 0.436000000000149 0.421000000000049 0.423999999999978 0.442000000000007
 0.00199999999999534 0.0109999999999957 0.0150000000000006 0.00200000000000955 0.00600000000000023 0.0100000000000051 0.00200000000000955 0.00500000000000966 0.00100000000000477 0.00199999999999534
 0.520999999999958 0.545999999999822 0.625 0.498000000000047 0.59900000000016 0.472999999999956 0.438999999999851 0.425999999999931 0.425000000000182 0.444999999999709
 0 0 0 0 0 0 0 0 0 0
 0 0 0 0 0 0 0 0 0 0
 8.22799999999984 6.96800000000007 8 8.25999999999999 10.0909999999999 6.49700000000007 6.69100000000003 6.81999999999994 6.21699999999987 6.19799999999987
 0.124000000000009 0.0579999999999927 0.0999999999999943 0.129000000000005 0.0730000000000075 0.0710000000000122 0.117000000000004 0.0560000000000116 0.0619999999999976 0.0439999999999969
 8.35799999999995 7.03199999999993 8.10699999999997 8.39499999999998 10.172 6.57400000000007 6.8130000000001 6.88200000000006 6.28500000000031 6.24800000000005
 0 0 0 0 0 0 0 0 0 0
 0 0 0 0 0 0 0 0 0 0
 27.808 29.2459999999999 31.5999999999999 34.3729999999998 27.383 26.402 26.963 26.412 26.3210000000001 26.318
 2.212 4.75500000000001 2.349 2.13 2.58699999999999 3.556 1.848 2.00399999999999 1.771 2.02500000000001
 78.23 162.085 52.4890000000003 65.558 77.1089999999999 93.529 73.1020000000003 60.723 36.98 78.587
 406.985000000001 775.300999999999 514.524999999998 406.865000000002 369.177 538.48 256.98 264.391 377.794000000002 355.077999999998
 1022.166 3029.768 214.894 562.857 1029.337 1376.489 986.850999999999 697.499 33.3280000000013 1145.837
