V1 V2 V3 V4 V5 V6 V7 V8 V9 V10
sam 2.4950000000008 2.36899999999878 2.44099999999889 2.39400000000023 2.47199999999975 3.02600000000166 2.43299999999908 3.00900000000001 2.43400000000111 2.51900000000023
geode 0.0879999999997381 0.0790000000001783 0.081000000000131 0.0730000000003201 0.0729999999998654 0.0850000000000364 0.0660000000002583 0.0789999999997235 0.0599999999999454 0.0599999999999454
ref 2.58599999999933 2.44900000000052 2.52399999999943 2.46899999999914 2.54700000000048 3.11300000000119 2.5010000000002 3.08899999999994 2.49599999999919 2.58100000000195
infog 0 0 0 0 0 0 0 0 0 0
func 0 0 0 0 0 0 0 0 0 0
EFSOS 0.84099999999853 0.804000000000087 0.829000000001543 0.808000000000902 0.834999999999127 0.834999999999127 0.83600000000115 0.779000000000451 0.809999999999491 0.870999999999185
EFSIS 0.0470000000000255 0.0430000000001201 0.0429999999996653 0.0409999999997126 0.0399999999999636 0.0380000000000109 0.0379999999995562 0.0350000000003092 0.0370000000002619 0.0369999999998072
 0.888999999999214 0.84900000000016 0.872999999999593 0.84900000000016 0.875 0.872999999999593 0.873999999999796 0.815999999998894 0.846999999997934 0.907999999999447
 0 0 0 0 0 0 0 0 0 0
 0 0 0 0 0 0 0 0 0 0
 2.74200000000019 2.06600000000071 2.19499999999971 2.11099999999897 2.67799999999988 2.04700000000048 2.16299999999865 1.96600000000035 2.09399999999914 2.70600000000013
 0.117000000000189 0.0709999999999127 0.0799999999999272 0.0650000000000546 0.0999999999999091 0.0579999999999927 0.0580000000004475 0.0519999999996799 0.0519999999996799 0.0650000000000546
 2.86000000000058 2.13700000000063 2.27599999999984 2.17900000000009 2.78000000000065 2.10800000000017 2.22500000000218 2.01900000000023 2.14900000000125 2.77300000000105
 0 0 0 0 0 0 0 0 0 0
 0 0 0 0 0 0 0 0 0 0
 0.441000000000713 0.411000000000058 0.433999999999287 0.441000000000713 0.420000000000073 0.438000000000102 0.441000000000713 0.427999999999884 0.413000000000466 0.436999999999898
 0.0239999999998872 0.0139999999996689 0.024000000000342 0.0140000000001237 0.0130000000003747 0.0189999999997781 0.0119999999997162 0.0150000000003274 0.0100000000002183 0.0109999999999673
 0.467000000000553 0.425999999999476 0.458000000000538 0.453999999999724 0.433999999999287 0.457000000000335 0.453000000001339 0.443999999999505 0.422999999998865 0.447999999996682
 0 0 0 0 0 0 0 0 0 0
 0 0 0 0 0 0 0 0 0 0
 6.89400000000023 6.03499999999985 6.29999999999927 6.1190000000006 6.76999999999862 6.71100000000115 6.2559999999994 6.54299999999967 6.13999999999942 6.95899999999892
 0.28899999999976 0.220000000000255 0.240999999999985 0.204000000000178 0.23700000000008 0.210999999999785 0.184999999999945 0.190999999999804 0.168999999999869 0.182999999999993
 7.18999999999869 6.25900000000001 6.54600000000028 6.32799999999952 7.01200000000063 6.9280000000017 6.44600000000355 6.73899999999776 6.31399999999849 7.14700000000084
 0 0 0 0 0 0 0 0 0 0
 0 0 0 0 0 0 0 0 0 0
 312.844999999999 318.467000000001 316.404 314.548999999999 316.761 320.267 317.037 313.346 317.897000000001 379.187
 11.741 11.5650000000001 10.8780000000002 10.6089999999999 10.3029999999999 9.69900000000007 9.36599999999999 9.04300000000012 8.77199999999993 10.2549999999997
 324.849 330.294000000002 327.539999999999 325.412 327.322 330.225 326.660999999996 322.643 326.928 389.758000000002
 0 0 0 0 0 0 0 0 0 0
 0 0 0 0 0 0 0 0 0 0
