V1 V2 V3 V4 V5 V6 V7 V8 V9 V10
sam 2.50699999999961 2.52800000000025 2.47500000000036 2.63299999999981 2.57600000000093 2.63899999999921 2.95299999999952 2.66200000000026 2.47299999999996 2.44900000000052
geode 0 0 0 0 0 0 0.000999999999997669 0.00100000000000477 0 0
ref 2.5099999999984 2.53000000000065 2.47599999999875 2.63500000000022 2.57700000000114 2.64199999999983 2.95800000000054 2.66399999999885 2.47599999999875 2.45199999999932
infog 0 0 0 0 0 0 0 0 0 0
func 0 0 0 0 0 0 0 0 0 0
EFSIS 0.811999999999898 0.840000000000146 0.869999999998981 0.842000000000553 0.882999999999811 0.884000000000015 0.863999999999578 0.82300000000032 0.82300000000032 0.854999999999563
 0.0189999999999984 0.0249999999999986 0.0210000000000008 0.0210000000000008 0.0239999999999938 0.0189999999999984 0.0109999999999957 0.0180000000000007 0.0200000000000031 0.0240000000000009
 0.831000000000131 0.865999999999985 0.890999999999622 0.863999999999578 0.907999999999447 0.903000000000247 0.875 0.842000000000553 0.84400000000096 0.879000000000815
 0 0 0 0 0 0 0 0 0 0
 0 0 0 0 0 0 0 0 0 0
 3.02800000000025 3.05199999999968 3.01699999999983 2.97199999999975 3.60499999999956 3.20300000000134 2.90800000000127 3.03899999999885 3.13000000000102 2.96900000000096
 0.00400000000000489 0.00300000000000011 0.00300000000000011 0.0159999999999982 0.00100000000000477 0.00300000000000011 0.00200000000000244 0.00999999999999801 0.00200000000000244 0.000999999999997669
 2.10900000000038 2.1260000000002 2.09100000000035 2.10200000000077 2.72600000000057 2.23700000000099 1.97199999999975 2.12299999999959 2.24300000000039 2.05299999999988
 0 0 0 0 0 0 0 0 0 0
 0 0 0 0 0 0 0 0 0 0
 0.438000000000102 0.472999999999956 0.463999999999942 0.435999999999694 0.435999999999694 0.458999999998923 0.477999999999156 0.427999999999884 0.510000000000218 0.450999999999112
 0 0 0 0 0 0 0 0 0 0
 0.439000000000306 0.47400000000016 0.462999999999738 0.438000000000102 0.435999999999694 0.458999999998923 0.47899999999936 0.42699999999968 0.509999999998399 0.451000000000931
 0 0 0 0 0 0 0 0 0 0
 0 0 0 0 0 0 0 0 0 0
 7.17699999999968 7.31000000000131 7.22699999999895 7.27800000000025 7.89000000000124 7.58799999999974 7.57499999999891 7.36299999999937 7.34500000000116 7.11200000000099
 0.0230000000000032 0.0279999999999987 0.0240000000000009 0.036999999999999 0.0249999999999986 0.0229999999999961 0.0139999999999958 0.0290000000000035 0.0220000000000056 0.0249999999999986
 6.28099999999904 6.41300000000047 6.32300000000032 6.43299999999908 7.03800000000047 6.64700000000084 6.65500000000065 6.46799999999894 6.48199999999997 6.22400000000016
 0 0 0 0 0 0 0 0 0 0
 0 0 0 0 0 0 0 0 0 0
 378.882 384.492999999999 378.322 380.862999999999 376.696 372.207 372.067000000001 361.818000000001 375.803 378.809999999999
 1.221 1.081 1.199 1.379 1.153 1.05200000000001 1.065 1.297 1.166 1.18
 335.375 340.258 333.677 337.474 331.784 326.903 326.963 318.342000000001 332.197 334.614
 0 0 0 0 0 0 0 0 0 0
 0 0 0 0 0 0 0 0 0 0
