V1 V2 V3 V4 V5 V6 V7 V8 V9 V10
sam 4.32900000002701 3.85899999993853 3.75800000003073 4.60300000000279 3.90500000002794 3.70000000006985 4.19700000004377 3.67199999990407 3.70399999991059 3.8070000000298
geode 0.0420000000012806 0.0380000000004657 0.036999999996624 0.0460000000020955 0.0380000000004657 0.0360000000073342 0.0409999999974389 0.0359999999927823 0.0360000000073342 0.0380000000004657
ref 4.37399999983609 3.90100000007078 3.79799999995157 4.65100000007078 3.94599999999627 3.73999999975786 4.24299999978393 3.71199999982491 3.74199999962002 3.84699999960139
infog 0 0 0 0 0 0 0 0 0 0
func 0 0 0 0 0 0 0 0 0 0
EFSIS 0.851999999955297 0.908999999985099 0.858000000007451 0.85999999998603 0.929000000003725 0.85999999998603 0.858000000007451 0.839000000036322 0.851000000024214 0.861000000033528
 0.00900000000547152 0.00999999999476131 0.00900000000547152 0.00800000000162981 0.00900000000547152 0.00900000000547152 0.00800000000162981 0.00800000000162981 0.00800000000162981 0.00800000000162981
 0.86200000019744 0.919000000227243 0.868000000249594 0.870000000111759 0.939000000245869 0.869000000413507 0.865999999921769 0.847000000067055 0.861000000033528 0.871000000275671
 0 0 0 0 0 0 0 0 0 0
 0 0 0 0 0 0 0 0 0 0
 3.25600000005215 4.36600000003818 3.42499999993015 3.10100000002421 4.09499999997206 3.18599999998696 3.17999999993481 3.18000000005122 3.30299999995623 3.97199999995064
 0.0339999999996508 0.0470000000059372 0.0399999999935972 0.0500000000029104 0.047999999995227 0.0429999999905704 0.036999999996624 0.0420000000012806 0.0439999999944121 0.0380000000004657
 2.03599999984726 3.04999999981374 2.17999999970198 2.02900000009686 3.03500000014901 2.05999999959022 2.06100000021979 2.07400000002235 2.09200000017881 2.67900000000373
 0 0 0 0 0 0 0 0 0 0
 0 0 0 0 0 0 0 0 0 0
 0.435999999986961 0.415000000037253 0.417000000015832 0.432999999960884 0.690999999991618 0.427000000025146 0.440999999991618 0.42699999990873 0.441000000108033 0.432000000029802
 0.00400000000081491 0.00400000000081491 0.00500000000465661 0.00400000000081491 0.00699999999778811 0.00400000000081491 0.00400000000081491 0.00400000000081491 0.00400000000081491 0.00400000000081491
 0.438999999780208 0.419999999925494 0.42200000025332 0.435999999754131 0.697999999858439 0.431000000331551 0.444999999832362 0.430000000167638 0.44400000013411 0.429999999701977
 0 0 0 0 0 0 0 0 0 0
 0 0 0 0 0 0 0 0 0 0
 9.30100000009406 9.98699999996461 8.88300000003073 9.43900000001304 10.0400000000373 8.59400000004098 9.09799999999814 8.55999999993946 8.71999999997206 9.52700000000186
 0.0939999999973224 0.103999999992084 0.0950000000011642 0.112000000008265 0.105999999999767 0.0960000000050059 0.0950000000011642 0.0950000000011642 0.0960000000050059 0.0930000000080327
 8.14600000018254 8.73499999986961 7.6980000003241 8.43299999972805 9.04200000036508 7.52499999990687 8.04199999989942 7.5109999999404 7.56399999978021 8.28700000001118
 0 0 0 0 0 0 0 0 0 0
 0 0 0 0 0 0 0 0 0 0
 476.50299999991 469.489999999991 473.177999999956 464.547999999952 457.95299999998 449.861000000034 459.998000000021 455.429000000004 457.089999999967 471.35400000005
 5.00400000000081 4.93899999999849 4.97999999999593 5.05999999999767 4.75100000000384 4.69800000000396 4.76299999999173 5.03599999999278 4.77199999999721 4.9149999999936
 415.770000000019 411.566999999806 417.305999999866 414.00800000038 405.277999999933 398.149000000209 407.351999999955 400.672999999952 399.021000000183 415.074999999721
 0 0 0 0 0 0 0 0 0 0
 0 0 0 0 0 0 0 0 0 0
