V1 V2 V3 V4 V5 V6 V7 V8 V9 V10
sam 5.49300000001676 3.65600000007544 3.64699999999721 3.66099999996368 3.78899999998976 3.72900000005029 3.70699999993667 3.74599999992643 3.70799999998417 3.67599999997765
geode 0.226999999998952 0.0380000000004657 0.0370000000111759 0.0380000000004657 0.0390000000043074 0.0389999999897555 0.0390000000043074 0.0380000000004657 0.0380000000004657 0.036999999996624
ref 11.4550000000745 3.70300000021234 3.68800000008196 3.70100000035018 3.83199999993667 3.77000000001863 3.74900000030175 3.78700000001118 3.74799999967217 3.7160000000149
infog 0 0 0 0 0 0 0 0 0 0
func 0 0 0 0 0 0 0 0 0 0
EFSIS 0.866000000038184 0.831000000005588 0.851000000024214 0.851000000024214 0.885999999940395 0.863000000012107 0.853000000002794 0.842000000062399 0.847000000067055 0.82999999995809
 0.0130000000062864 0.0089999999909196 0.0089999999909196 0.0089999999909196 0.0089999999909196 0.00900000000547152 0.00900000000547152 0.00900000000547152 0.00900000000547152 0.00900000000547152
 0.976000000257045 0.838999999687076 0.859999999869615 0.861000000033528 0.895000000018626 0.874000000301749 0.861999999731779 0.853000000119209 0.857000000309199 0.838999999687076
 0 0 0 0 0 0 0 0 0 0
 0 0 0 0 0 0 0 0 0 0
 4.00899999996182 3.48799999989569 2.94699999992736 3.28999999992084 3.35400000005029 3.24599999992643 3.10900000005495 3.07999999995809 3.07699999993201 3.12800000002608
 0.152999999991152 0.0410000000119908 0.0320000000065193 0.0510000000067521 0.0400000000081491 0.0339999999996508 0.036999999996624 0.0470000000059372 0.036999999996624 0.0380000000004657
 4.93800000008196 2.4370000003837 1.89699999988079 2.20599999977276 2.07099999999627 2.17299999995157 1.97999999998137 2.13100000005215 2.02699999976903 2.01200000010431
 0 0 0 0 0 0 0 0 0 0
 0 0 0 0 0 0 0 0 0 0
 0.449000000022352 0.779000000096858 0.420999999972992 0.650000000023283 0.447000000043772 0.538000000058673 0.452999999979511 0.437000000034459 0.435000000055879 0.424999999930151
 0.0210000000079162 0.0089999999909196 0.0049999999901047 0.00699999999778811 0.0049999999901047 0.00500000000465661 0.0049999999901047 0.00399999998626299 0.00400000000081491 0.0049999999901047
 0.876000000163913 0.78899999987334 0.427000000141561 0.657000000122935 0.450000000186265 0.54300000006333 0.456000000238419 0.441999999806285 0.438000000081956 0.430000000167638
 0 0 0 0 0 0 0 0 0 0
 0 0 0 0 0 0 0 0 0 0
 11.2719999999972 9.17900000000373 8.28499999991618 8.94899999990594 8.88899999996647 8.82700000004843 8.52700000000186 8.53700000001118 8.47200000006706 8.48999999999069
 0.420000000012806 0.100999999995111 0.0869999999995343 0.110000000000582 0.0969999999942956 0.091999999989639 0.0950000000011642 0.101999999998952 0.092000000004191 0.0929999999934807
 18.7099999999627 8.19700000016019 7.29499999992549 7.92700000014156 7.66600000020117 7.81600000010803 7.45700000040233 7.64900000020862 7.47899999981746 7.4320000000298
 0 0 0 0 0 0 0 0 0 0
 0 0 0 0 0 0 0 0 0 0
 409.670999999973 415.124000000069 434.627000000095 436.293000000063 435.168000000063 439.50299999991 491.162999999942 453.591000000015 431.792999999947 439.814999999944
 4.67399999999907 4.54499999999825 4.77000000000407 4.92199999999139 4.73600000000442 4.71400000000722 5.26800000001094 5.26400000001013 4.64899999999034 4.69700000000012
 363.132000000216 365.024999999907 381.950000000186 384.785000000149 382.101999999955 386.549999999814 438.233999999706 407.705999999773 381.435000000056 387.830000000075
 0 0 0 0 0 0 0 0 0 0
 0 0 0 0 0 0 0 0 0 0
