V1 V2 V3 V4 V5 V6 V7 V8 V9 V10
sam 2.32900000000018 2.32999999999993 2.46500000000015 2.39799999999968 2.65399999999954 2.60400000000027 2.44599999999991 3.04600000000028 2.50400000000081 2.71999999999935
geode 0.00799999999999912 0 0 0 0 0 0 0 0 0
ref 2.78599999984726 2.33000000007451 2.46799999987707 2.40000000037253 2.65599999995902 2.60400000028312 2.44799999985844 3.04700000025332 2.50600000005215 2.72200000006706
infog 0 0 0 0 0 0 0 0 0 0
func 0 0 0 0 0 0 0 0 0 0
EFSIS 0.837999999999738 0.849999999999909 0.905999999999949 0.873000000000047 0.977000000000771 0.902000000000044 0.880000000000109 0.820999999999913 0.831000000000131 0.885000000000218
 0.0199999999999996 0 0 0 0 0.00200000000000244 0 0 0 0
 0.907999999821186 0.850999999791384 0.90500000026077 0.873999999836087 0.978000000119209 0.904999999795109 0.879999999888241 0.820999999996275 0.83199999993667 0.885999999940395
 0 0 0 0 0 0 0 0 0 0
 0 0 0 0 0 0 0 0 0 0
 2.73100000000022 2.75900000000001 3.18899999999985 2.84900000000016 3.14999999999964 3.11399999999958 2.91399999999976 3.99099999999999 3.09699999999975 3.1850000000004
 0.0519999999999996 0.00100000000000122 0 0.00499999999999901 0.00499999999999901 0.00600000000000023 0.00600000000000023 0.00500000000000256 0 0.00300000000000011
 2.64600000018254 1.88500000024214 2.32799999974668 2.02100000018254 2.24200000008568 2.23699999973178 2.03099999995902 3.10000000009313 2.20399999991059 2.33900000015274
 0 0 0 0 0 0 0 0 0 0
 0 0 0 0 0 0 0 0 0 0
 0.414999999999964 0.430000000000291 0.419000000000324 0.44399999999996 0.476999999999862 0.796000000000276 0.42200000000048 0.690000000000509 0.426000000000386 0.457999999999629
 0 0 0 0 0 0 0 0 0 0
 0.439000000245869 0.429999999701977 0.41800000006333 0.442999999970198 0.478000000119209 0.796000000089407 0.42200000025332 0.689999999944121 0.425000000279397 0.45699999993667
 0 0 0 0 0 0 0 0 0 0
 0 0 0 0 0 0 0 0 0 0
 6.65700000000015 6.78099999999995 7.35200000000032 6.9369999999999 7.66200000000026 7.86700000000019 7.01499999999942 9.06600000000071 7.23800000000028 7.69699999999921
 0.0799999999999983 0.00100000000000122 0 0.00499999999999901 0.00499999999999901 0.00800000000000267 0.00600000000000023 0.00500000000000256 0 0.00300000000000011
 7.12399999983609 5.91000000014901 6.49399999994785 6.11100000003353 6.75800000037998 6.99399999994785 6.13499999977648 8.17700000014156 6.34800000023097 6.85499999998137
 0 0 0 0 0 0 0 0 0 0
 0 0 0 0 0 0 0 0 0 0
 358.889 388.44 376.117 383.993 393.324 388.624 398.428000000001 386.182 383.771 383.719
 0.384 0.161999999999999 0.115000000000002 0.289000000000001 0.175999999999998 0.161999999999999 0.529999999999998 0.282999999999998 0.132000000000001 0.474999999999998
 318.294000000227 344.98900000006 332.419000000227 341.203000000212 351.403999999631 344.927000000142 359.731999999844 343.759000000078 341.311999999918 349.912000000011
 0 0 0 0 0 0 0 0 0 0
 0 0 0 0 0 0 0 0 0 0
