V1 V2 V3 V4 V5 V6 V7 V8 V9 V10
sam 2.73899999999958 2.38800000000083 2.66600000000108 2.53800000000047 2.63699999999881 2.76800000000003 2.37700000000041 2.4429999999993 2.49400000000242 2.7599999999984
geode 0 0 0 0 0 0 0 0 0 0.00100000000000477
ref 2.74200000000019 2.38900000000103 2.66700000000128 2.54100000000108 2.63800000000083 2.76900000000023 2.37800000000061 2.44400000000132 2.496000000001 2.76399999999921
infog 0 0 0 0 0 0 0 0 0 0
func 0 0 0 0 0 0 0 0 0 0
EFSIS 0.89600000000064 0.817999999999302 0.855999999999767 0.881999999999607 0.864000000001397 0.933999999997468 0.847000000001572 0.817999999999302 0.859999999996944 0.850000000002183
 0.0269999999999939 0.017000000000003 0.0169999999999959 0.0180000000000007 0.0180000000000007 0.0210000000000008 0.0169999999999959 0.0200000000000031 0.0210000000000008 0.0169999999999959
 0.923999999999069 0.835999999999331 0.873999999999796 0.898999999999432 0.880999999999403 0.956000000000131 0.864999999999782 0.838999999999942 0.881999999999607 0.868000000002212
 0 0 0 0 0 0 0 0 0 0
 0 0 0 0 0 0 0 0 0 0
 3.18599999999969 2.87099999999919 3.14899999999943 3.34399999999914 3.19900000000052 3.22999999999956 2.84699999999793 3.04300000000148 3.01300000000265 3.12899999999718
 0.00600000000000023 0.00200000000000244 0.00500000000000256 0.0150000000000006 0.00399999999999778 0.000999999999997669 0.00500000000000256 0.00600000000000023 0.000999999999997669 0.00400000000000489
 2.28600000000006 1.95800000000054 2.22199999999975 2.38299999999981 2.31600000000071 2.25900000000001 1.93299999999908 2.10099999999875 2.11800000000039 2.22199999999793
 0 0 0 0 0 0 0 0 0 0
 0 0 0 0 0 0 0 0 0 0
 0.510000000000218 0.46100000000115 0.444000000001324 0.566000000000713 0.444999999999709 0.47700000000259 0.434000000001106 0.438999999998487 0.453999999997905 0.471000000001368
 0 0 0 0.00199999999999534 0 0 0 0 0 0
 0.511000000000422 0.461999999999534 0.444999999999709 0.572000000000116 0.444999999999709 0.476999999998952 0.43500000000131 0.440000000000509 0.454999999999927 0.471000000001368
 0 0 0 0 0 0 0 0 0 0
 0 0 0 0 0 0 0 0 0 0
 7.7489999999998 6.90300000000025 7.51500000000124 7.68100000000049 7.54000000000087 7.8289999999979 6.88600000000224 7.11499999999796 7.22500000000218 7.62700000000041
 0.0329999999999941 0.0190000000000055 0.0219999999999985 0.0349999999999966 0.0219999999999985 0.0219999999999985 0.0219999999999985 0.027000000000001 0.0229999999999961 0.0230000000000032
 6.8809999999994 6.01000000000022 6.61000000000058 6.7450000000008 6.67500000000109 6.88199999999961 5.99200000000019 6.19700000000012 6.35599999999977 6.74200000000201
 0 0 0 0 0 0 0 0 0 0
 0 0 0 0 0 0 0 0 0 0
 362.194 379.925999999999 377.800999999999 369.876999999999 372.766 392.369999999999 373.460999999999 370.337 386.073999999997 366.822
 1.082 1.153 1.084 1.291 1.059 1.149 1.047 1.343 1.1 1.123
 317.288 335.608 332.405000000001 325.955 327.197 346.718000000001 328.389000000001 327.387000000001 342.691000000001 322.565999999999
 0 0 0 0 0 0 0 0 0 0
 0 0 0 0 0 0 0 0 0 0
