V1 V2 V3 V4 V5 V6 V7 V8 V9 V10
sam 2.65999999999985 2.89899999999761 3.02500000000146 2.72399999999834 3.0089999999982 2.87199999999939 2.73600000000079 2.72599999999875 2.60499999999956 2.54399999999805
geode 0 0 0.00300000000000011 0 0.00600000000000023 0 0 0 0 0
ref 2.66300000017509 2.90100000007078 3.03099999995902 2.72500000009313 3.01599999982864 2.87600000016391 2.73799999989569 2.7269999999553 2.60699999984354 2.54600000008941
infog 0 0 0 0 0 0 0 0 0 0
func 0 0 0 0 0 0 0 0 0 0
EFSIS 0.969999999997526 0.881000000001222 0.979999999999563 0.936000000001513 0.976000000002387 0.937000000001717 0.983000000000175 0.889999999999418 0.912000000000262 0.863000000001193
 0 0 0 0 0.00300000000000011 0 0 0 0 0
 0.96999999973923 0.881999999750406 0.982000000309199 0.936999999918044 0.981000000145286 0.937999999616295 0.984999999869615 0.890999999828637 0.913000000175089 0.86200000019744
 0 0 0 0 0 0 0 0 0 0
 0 0 0 0 0 0 0 0 0 0
 3.63600000000224 3.45899999999892 3.32500000000073 3.25599999999758 3.55299999999988 3.66899999999805 3.6239999999998 3.25200000000041 3.18000000000029 3.25200000000041
 0.00200000000000244 0.00200000000000244 0.00200000000000244 0.0100000000000051 0.0110000000000028 0.00300000000000011 0.00100000000000477 0.0110000000000028 0.00199999999999534 0.00100000000000477
 2.77400000020862 2.60300000011921 2.44499999983236 2.34700000006706 2.64699999988079 2.77900000009686 2.76800000015646 2.36100000003353 2.29000000003725 2.41299999970943
 0 0 0 0 0 0 0 0 0 0
 0 0 0 0 0 0 0 0 0 0
 0.429000000000087 0.452000000001135 0.481999999999971 0.497000000003027 0.601999999998952 0.450000000000728 0.445999999999913 0.481999999999971 0.481999999999971 0.432000000000698
 0 0 0 0 0 0 0 0 0 0
 0.429000000003725 0.453000000212342 0.483000000007451 0.498000000137836 0.601999999955297 0.445000000298023 0.447999999858439 0.481000000145286 0.483000000007451 0.431000000331551
 0 0 0 0 0 0 0 0 0 0
 0 0 0 0 0 0 0 0 0 0
 8.08199999999852 8.05199999999968 8.19000000000233 7.81199999999808 8.53800000000047 8.34600000000137 8.16200000000026 7.77599999999802 7.57200000000012 7.45100000000093
 0.00200000000000244 0.00200000000000244 0.00500000000000256 0.0100000000000051 0.0200000000000031 0.00300000000000011 0.00100000000000477 0.0110000000000028 0.00199999999999534 0.00100000000000477
 7.22200000006706 7.20100000035018 7.3179999999702 6.90500000026077 7.64399999985471 7.45599999977276 7.31099999975413 6.88800000026822 6.68600000021979 6.61300000036135
 0 0 0 0 0 0 0 0 0 0
 0 0 0 0 0 0 0 0 0 0
 421.493999999999 407.088 423.175999999999 403.553 414.870999999999 412.197 402.888999999999 398.800999999999 411.704000000002 387.490999999998
 0.180999999999997 0.175999999999995 0.250999999999998 0.260999999999996 0.167000000000002 0.262999999999998 0.222999999999999 0.317 0.128 0.141999999999996
 376.473999999929 362.878999999724 379.611000000034 359.319999999832 370.959000000264 368.162000000011 359.208000000101 355.898999999743 368.050999999978 343.898000000045
 0 0 0 0 0 0 0 0 0 0
 0 0 0 0 0 0 0 0 0 0
