V1 V2 V3 V4 V5 V6 V7 V8 V9 V10
sam 4.33199999993667 3.77500000002328 3.88699999998789 3.8190000000177 3.85899999993853 3.81800000008661 3.92000000004191 4.25199999997858 3.77899999998044 4.32099999999627
geode 0.0420000000012806 0.036999999996624 0.036999999996624 0.036999999996624 0.0370000000111759 0.0370000000111759 0.0380000000004657 0.0420000000012806 0.0360000000073342 0.0409999999974389
ref 4.37600000016391 3.81499999994412 3.92599999997765 3.86000000033528 3.90100000007078 3.85699999984354 3.96199999982491 4.29799999995157 3.81699999980628 4.36700000008568
infog 0 0 0 0 0 0 0 0 0 0
func 0 0 0 0 0 0 0 0 0 0
EFSIS 0.853000000002794 0.871999999973923 0.940999999991618 0.84699999995064 0.873999999952503 0.875999999931082 0.88800000003539 0.839999999967404 0.82999999995809 0.846000000019558
 0.0079999999870779 0.00800000000162981 0.0100000000093132 0.00800000000162981 0.0089999999909196 0.0079999999870779 0.0089999999909196 0.00800000000162981 0.00800000000162981 0.00900000000547152
 0.861999999731779 0.881000000052154 0.952000000048429 0.856999999843538 0.884000000078231 0.885999999940395 0.897000000346452 0.848999999929219 0.839000000152737 0.856999999843538
 0 0 0 0 0 0 0 0 0 0
 0 0 0 0 0 0 0 0 0 0
 3.37699999997858 4.01600000006147 4.45499999995809 3.38500000000931 3.53900000010617 3.76100000005681 3.90500000002794 3.27100000006612 3.23999999999069 3.32299999997485
 0.0390000000043074 0.0460000000020955 0.0460000000020955 0.0540000000037253 0.0449999999982538 0.0449999999982538 0.044000000008964 0.0449999999982538 0.036999999996624 0.0380000000004657
 2.039000000339 2.75699999975041 3.12999999988824 2.21999999973923 2.20899999979883 2.30099999997765 2.56399999978021 2.02100000018254 2.03200000012293 2.12000000011176
 0 0 0 0 0 0 0 0 0 0
 0 0 0 0 0 0 0 0 0 0
 0.418999999994412 0.434000000008382 0.42000000004191 0.494999999995343 0.431999999913387 0.537000000011176 0.440999999991618 0.419999999925494 0.506000000052154 0.425000000046566
 0.00500000000465661 0.0049999999901047 0.00400000000081491 0.0049999999901047 0.00400000000081491 0.00500000000465661 0.00400000000081491 0.00400000000081491 0.00500000000465661 0.00400000000081491
 0.422999999951571 0.439000000245869 0.424000000115484 0.5 0.435999999754131 0.541000000201166 0.447000000160187 0.423999999649823 0.510999999940395 0.430000000167638
 0 0 0 0 0 0 0 0 0 0
 0 0 0 0 0 0 0 0 0 0
 9.38799999991897 9.51699999999255 10.1439999999711 9.05000000004657 9.19599999999627 9.39500000001863 9.58300000010058 9.22199999995064 8.7829999999376 9.35999999998603
 0.0979999999981374 0.0999999999912689 0.103000000002794 0.10899999999674 0.100000000005821 0.100000000005821 0.0999999999912689 0.103000000002794 0.0900000000110595 0.0969999999942956
 8.11200000019744 8.31499999994412 8.87800000002608 7.94599999999627 7.92799999983981 7.98999999975786 8.30400000000373 8.03499999968335 7.63199999975041 8.22300000023097
 0 0 0 0 0 0 0 0 0 0
 0 0 0 0 0 0 0 0 0 0
 465.484000000055 478.679000000004 477.915000000037 471.828999999911 468.355999999912 484.487000000081 478.696999999927 458.834999999963 454.508000000031 465.41399999999
 4.83000000000175 4.96800000000803 4.94599999999627 5.07799999999406 4.86699999999837 5.02099999999336 4.90600000000268 4.9320000000007 4.66899999999441 4.7960000000021
 406.267999999691 420.186999999918 417.043999999762 411.719000000041 406.983000000007 421.67799999984 416.120000000112 401.734000000171 396.44000000041 408.003999999724
 0 0 0 0 0 0 0 0 0 0
 0 0 0 0 0 0 0 0 0 0
