V1 V2 V3 V4 V5 V6 V7 V8 V9 V10
sam 2.60800000000017 4.85499999999956 2.40300000000025 2.5619999999999 2.45100000000093 2.74699999999939 3.35599999999977 2.40700000000106 2.48100000000159 2.52499999999964
geode 0.0600000000004002 0.105999999999767 0.0499999999997272 0.0520000000001346 0.0480000000002292 0.0510000000003856 0.0599999999999454 0.0409999999997126 0.0410000000001673 0.0410000000001673
ref 2.66800000000148 4.96500000000015 2.45500000000175 2.61699999999837 2.50199999999677 2.80099999999948 3.41800000000148 2.44900000000052 2.52500000000146 2.56700000000274
infog 0 0 0 0 0 0 0 0 0 0
func 0 0 0 0 0 0 0 0 0 0
EFSOS 0.82799999999952 0.934000000001106 1.14400000000023 0.869000000000597 0.861000000000786 1.54299999999967 0.886000000000422 1.01800000000003 1.09699999999975 0.867000000000189
EFSIS 0.0329999999999018 0.0390000000002146 0.0470000000000255 0.0339999999996508 0.0389999999997599 0.0519999999996799 0.0329999999999018 0.0360000000000582 0.0349999999998545 0.0289999999999964
 0.863999999997759 0.974999999998545 1.1919999999991 0.903000000002066 0.900000000001455 1.59599999999773 0.919999999998254 1.05600000000049 1.13299999999799 0.89799999999741
 0 0 0 0 0 0 0 0 0 0
 0 0 0 0 0 0 0 0 0 0
 2.85699999999997 2.56999999999971 2.36999999999898 2.23799999999937 2.11699999999837 3.06800000000112 2.12200000000121 3.36899999999878 2.36399999999958 3.05400000000009
 0.0659999999998035 0.056999999999789 0.0509999999999309 0.0460000000002765 0.0410000000001673 0.0579999999999927 0.0390000000002146 0.0590000000001965 0.0389999999997599 0.0500000000001819
 2.92500000000291 2.62900000000081 2.42399999999907 2.28600000000006 2.15999999999985 3.12700000000041 2.16300000000047 3.43100000000049 2.40400000000227 3.10499999999956
 0 0 0 0 0 0 0 0 0 0
 0 0 0 0 0 0 0 0 0 0
 0.42200000000048 0.904999999998836 0.426000000001295 0.44800000000032 0.447000000000116 0.747999999999593 0.417999999999665 0.46100000000115 0.617000000000189 0.460999999999331
 0.0100000000002183 0.0199999999999818 0.00900000000001455 0.00900000000001455 0.00799999999981083 0.0140000000001237 0.00799999999981083 0.00799999999981083 0.0100000000002183 0.0069999999996071
 0.430999999996857 0.924999999999272 0.434000000001106 0.456999999998516 0.454000000001543 0.763000000002648 0.42699999999968 0.468000000000757 0.627999999996973 0.46900000000096
 0 0 0 0 0 0 0 0 0 0
 0 0 0 0 0 0 0 0 0 0
 7.68399999999929 9.98899999999958 6.73799999999937 6.49200000000019 6.25300000000061 8.53800000000047 7.21200000000135 7.64600000000064 7.15800000000127 7.33699999999953
 0.191000000000258 0.236999999999625 0.164999999999964 0.148999999999887 0.144000000000233 0.182999999999993 0.146999999999935 0.15099999999984 0.134999999999764 0.134000000000015
 7.88100000000122 10.2350000000006 6.90899999999965 6.64500000000044 6.40199999999822 8.72799999999916 7.3640000000014 7.80299999999988 7.29999999999927 7.47500000000218
 0 0 0 0 0 0 0 0 0 0
 0 0 0 0 0 0 0 0 0 0
 386.038 368.643 364.501 368.503999999999 359.134 363.394 381.968999999999 361.781000000001 379.097 375.194000000001
 10.1399999999999 8.87900000000036 8.91899999999987 8.46300000000019 7.77799999999979 7.61500000000024 7.79199999999992 7.11500000000024 7.13000000000011 6.971
 396.507999999998 377.826999999997 373.720000000001 377.285 367.206000000002 371.310999999998 390.078999999998 369.203000000001 386.538 382.477999999999
 0 0 0 0 0 0 0 0 0 0
 0 0 0 0 0 0 0 0 0 0
