V1 V2 V3 V4 V5 V6 V7 V8 V9 V10
sam 2.44999999999982 2.47900000000004 2.49299999999994 3.11099999999988 2.56099999999992 2.53700000000003 2.46799999999985 2.3760000000002 2.93299999999999 2.46599999999989
geode 0.0370000000000061 0.0409999999999968 0.0439999999999827 0.100999999999999 0.025999999999982 0.0300000000000011 0.0360000000000014 0.0449999999999875 0.0790000000000077 0.0300000000000011
ref 2.48900000000003 2.52100000000019 2.53899999999976 3.21500000000015 2.58899999999994 2.56899999999996 2.50599999999986 2.42299999999977 3.01499999999987 2.49800000000005
infog 0 0 0 0 0 0 0 0 0 0
func 0 0 0 0 0 0 0 0 0 0
EFSOS 0.844000000000051 0.830999999999904 0.855999999999995 0.829999999999927 0.895000000000209 0.86200000000008 0.87700000000018 0.815999999999804 0.841000000000122 0.831000000000131
EFSIS 0.0200000000000102 0.0160000000000196 0.0160000000000196 0.0199999999999818 0.0220000000000198 0.0169999999999959 0.0109999999999957 0.0150000000000148 0.0219999999999914 0.0310000000000059
 0.864999999999782 0.846999999999753 0.871000000000095 0.850999999999658 0.91800000000012 0.880000000000109 0.88799999999992 0.831000000000131 0.864000000000033 0.862999999999829
 0 0 0 0 0 0 0 0 0 0
 0 0 0 0 0 0 0 0 0 0
 2.04300000000012 2.096 2.15499999999997 2.05400000000009 2.85399999999981 2.24099999999999 2.18499999999995 2.01800000000003 2.03399999999988 2.38400000000001
 0.0209999999999866 0.0139999999999816 0.0120000000000005 0.0100000000000193 0.0960000000000036 0.0120000000000005 0.01400000000001 0.0180000000000007 0.0100000000000193 0.0919999999999845
 2.06700000000001 2.11300000000028 2.17099999999982 2.06600000000026 2.95199999999977 2.2529999999997 2.20100000000002 2.03800000000001 2.04400000000032 2.47800000000007
 0 0 0 0 0 0 0 0 0 0
 0 0 0 0 0 0 0 0 0 0
 0.450000000000045 0.423999999999978 0.446999999999889 0.450000000000045 0.449000000000069 0.445999999999913 0.440000000000055 0.442000000000007 0.427000000000135 0.422000000000025
 0.00999999999999091 0.0100000000000193 0.0139999999999816 0.00999999999999091 0 0.0109999999999957 0.0029999999999859 0 0 0
 0.460000000000036 0.434999999999945 0.460000000000036 0.458999999999833 0.449000000000069 0.460000000000036 0.443000000000211 0.440999999999804 0.427999999999884 0.422000000000025
 0 0 0 0 0 0 0 0 0 0
 0 0 0 0 0 0 0 0 0 0
 6.16699999999992 6.22399999999993 6.31799999999998 6.81700000000001 7.15900000000011 6.46900000000005 6.34999999999991 6.02000000000021 6.60699999999997 6.47299999999996
 0.0879999999999939 0.0810000000000173 0.0859999999999843 0.141999999999996 0.145999999999987 0.070999999999998 0.063999999999993 0.078000000000003 0.112000000000023 0.153999999999996
 6.25999999999976 6.30999999999995 6.40900000000011 6.96500000000015 7.30999999999995 6.54500000000007 6.41899999999987 6.10300000000007 6.72499999999991 6.63200000000006
 0 0 0 0 0 0 0 0 0 0
 0 0 0 0 0 0 0 0 0 0
 26.204 26.4880000000001 26.5639999999999 26.3399999999999 27.4019999999998 25.692 25.173 25.5319999999999 25.6090000000002 24.7529999999999
 1.929 1.99199999999999 3.72200000000001 2.07900000000001 2.011 2.08599999999998 2.23400000000001 1.959 5.32999999999998 1.81900000000002
 37.4500000000003 38.6610000000001 49.6959999999999 37.5209999999997 38.1179999999999 37.2909999999997 37.4760000000001 36.7959999999998 56.8780000000002 35.9969999999998
 396.078999999998 430.808000000001 821.896000000001 389.324000000001 378.638999999999 412.558999999997 427.140000000003 395.513999999999 1110.798 398.93
 45.5840000000003 46.2080000000001 88.5679999999998 46.8720000000003 33.5619999999999 44.7370000000001 46.7379999999998 46.3899999999999 99.1959999999999 46.0610000000001
