V1 V2 V3 V4 V5 V6 V7 V8 V9 V10
sam 2.6260000000002 2.63299999999799 2.97499999999854 2.6239999999998 2.67699999999968 2.47400000000198 2.81400000000212 2.59000000000015 2.47699999999895 2.90100000000166
geode 0 0 0.00100000000000477 0 0 0 0 0 0 0
ref 2.62800000000061 2.63500000000204 2.979000000003 2.625 2.68000000000029 2.47499999999854 2.81599999999889 2.59299999999712 2.47999999999956 2.90400000000227
infog 0 0 0 0 0 0 0 0 0 0
func 0 0 0 0 0 0 0 0 0 0
EFSIS 0.882000000001426 0.820999999999913 1.50900000000183 0.895000000000437 0.851999999998952 0.875 0.898000000001048 0.832000000002154 0.850999999998749 0.919999999998254
 0.0180000000000007 0.0139999999999958 0.019999999999996 0.0180000000000007 0.0180000000000007 0.019999999999996 0.0120000000000005 0.0180000000000007 0.0179999999999865 0.0210000000000008
 0.902000000001863 0.835999999999331 1.52999999999884 0.913000000000466 0.870999999999185 0.89600000000064 0.913000000000466 0.850000000002183 0.871000000002823 0.941999999999098
 0 0 0 0 0 0 0 0 0 0
 0 0 0 0 0 0 0 0 0 0
 2.9519999999975 3.09400000000096 3.15100000000166 3.54000000000087 3.38100000000122 3.40199999999822 3.69099999999889 3.25500000000102 2.95200000000114 3.30099999999948
 0.00400000000000489 0.00500000000000966 0.00400000000000489 0.0120000000000005 0.00499999999999545 0.00100000000000477 0 0.0120000000000005 0.00400000000000489 0.00399999999999068
 2.03299999999945 2.19700000000012 2.24299999999857 2.64700000000084 2.45899999999892 2.47100000000137 2.77500000000146 2.34499999999753 2.00599999999758 2.36000000000058
 0 0 0 0 0 0 0 0 0 0
 0 0 0 0 0 0 0 0 0 0
 0.492000000002008 0.463999999999942 0.474999999998545 0.447000000000116 0.479999999999563 0.455000000001746 0.438999999998487 0.443999999999505 0.479999999999563 0.468000000000757
 0 0 0 0 0 0 0 0 0 0
 0.49199999999837 0.463999999999942 0.476000000002387 0.447000000000116 0.480999999999767 0.454999999998108 0.43999999999869 0.445000000003347 0.47899999999936 0.469999999997526
 0 0 0 0 0 0 0 0 0 0
 0 0 0 0 0 0 0 0 0 0
 7.31000000000131 7.41699999999764 8.53199999999924 7.87800000000061 7.8070000000007 7.59600000000137 8.21500000000015 7.52300000000105 7.11599999999817 8.0109999999986
 0.0220000000000056 0.0190000000000055 0.0250000000000057 0.0300000000000011 0.0229999999999961 0.0220000000000056 0.0120000000000005 0.0300000000000011 0.0229999999999961 0.0249999999999915
 6.41300000000047 6.53700000000026 7.65000000000146 7.00500000000102 6.90699999999924 6.68899999999849 7.31599999999889 6.6349999999984 6.19200000000274 7.09800000000178
 0 0 0 0 0 0 0 0 0 0
 0 0 0 0 0 0 0 0 0 0
 368.032999999999 373.513000000003 382.307000000001 385.206000000002 388.412 381.471999999998 381.557000000001 390.146000000001 402.121999999999 388.384000000002
 1.05799999999999 1.075 1.045 1.321 1.104 1.119 1.054 1.36199999999999 1.14400000000001 1.08
 323.692999999999 329.344000000001 337.127 340.666999999998 342.559000000001 335.761000000002 336.712 347.006000000001 358.159 344.075000000001
 0 0 0 0 0 0 0 0 0 0
 0 0 0 0 0 0 0 0 0 0
