V1 V2 V3 V4 V5 V6 V7 V8 V9 V10
sam 2.48099999999999 2.52299999999991 2.50299999999993 2.37899999999991 2.39100000000008 2.51199999999994 2.54999999999995 2.41599999999994 3.06700000000001 2.38199999999983
geode 0.0130000000000052 0.041000000000011 0.012999999999991 0.0220000000000056 0.0259999999999962 0.0330000000000013 0.041000000000011 0.0470000000000113 0.0340000000000202 0.0339999999999918
ref 2.49600000000009 2.56500000000005 2.51900000000023 2.40300000000025 2.41800000000012 2.54599999999982 2.5920000000001 2.46499999999969 3.10300000000007 2.41800000000012
infog 0 0 0 0 0 0 0 0 0 0
func 0 0 0 0 0 0 0 0 0 0
EFSOS 0.824000000000069 0.84699999999998 0.968000000000075 0.826000000000022 0.846000000000004 0.88799999999992 0.849999999999909 0.798999999999978 0.826000000000022 0.833000000000084
EFSIS 0.0240000000000009 0.0179999999999865 0.0190000000000055 0.0150000000000006 0.019999999999996 0.0180000000000007 0.0159999999999911 0.0210000000000008 0.0190000000000055 0.01400000000001
 0.847999999999956 0.865999999999985 0.98700000000008 0.841999999999643 0.866999999999734 0.907999999999902 0.867999999999938 0.820999999999913 0.8449999999998 0.846999999999753
 0 0 0 0 0 0 0 0 0 0
 0 0 0 0 0 0 0 0 0 0
 2.02800000000002 2.14400000000001 2.50800000000004 2.02400000000011 1.98299999999995 2.54700000000003 2.14400000000001 2.07400000000007 2.67100000000005 2.05700000000002
 0.0120000000000005 0.00300000000000011 0.0739999999999981 0.00799999999999557 0.0139999999999958 0.0820000000000078 0.00300000000000011 0.00499999999999545 0.0699999999999932 0.00600000000000023
 2.04399999999987 2.14899999999989 2.58500000000004 2.03200000000015 1.99800000000005 2.63000000000011 2.14800000000014 2.08000000000038 2.74299999999994 2.06400000000031
 0 0 0 0 0 0 0 0 0 0
 0 0 0 0 0 0 0 0 0 0
 0.423000000000002 0.461999999999989 0.439999999999827 0.430000000000064 0.447000000000116 0.438000000000102 0.428000000000111 0.433999999999969 0.434999999999945 0.452999999999975
 0.00199999999999534 0 0.00100000000000477 0.00499999999999545 0.0100000000000051 0 0 0.00199999999999534 0.00199999999998113 0.00100000000000477
 0.424000000000433 0.461999999999989 0.4399999999996 0.436000000000149 0.45699999999988 0.440000000000055 0.427999999999884 0.434999999999945 0.436000000000149 0.454999999999927
 0 0 0 0 0 0 0 0 0 0
 0 0 0 0 0 0 0 0 0 0
 6.13699999999994 6.3599999999999 6.84799999999996 6.01299999999992 6.02300000000014 6.75800000000004 6.36099999999988 6.38199999999983 7.38100000000009 6.09799999999996
 0.0510000000000019 0.0619999999999976 0.111999999999995 0.0499999999999972 0.0699999999999932 0.13900000000001 0.0600000000000023 0.0750000000000028 0.12700000000001 0.0550000000000068
 6.19300000000021 6.42700000000013 6.96600000000035 6.06700000000001 6.09700000000021 6.90299999999979 6.42599999999993 6.46199999999999 7.51400000000012 6.1579999999999
 0 0 0 0 0 0 0 0 0 0
 0 0 0 0 0 0 0 0 0 0
 26.4830000000002 26.905 26.277 27.075 26.9069999999999 27.319 27.039 26.181 26.348 27.3679999999999
 1.91500000000001 1.878 2.038 2.02500000000001 1.986 3.598 2.048 1.84899999999999 3.77199999999999 1.97399999999999
 38.1709999999998 39.5059999999999 40.0949999999998 39.5880000000002 37.7139999999999 49.2310000000002 38.5310000000004 37.009 47.0610000000001 39.2190000000001
 425.921000000002 376.68 358.258999999998 402.094000000001 383.028999999999 744.643 406.580000000002 387.600999999999 735.555 421.968000000001
 47.2569999999996 71.3449999999993 104.966 61.2620000000006 33.9709999999995 86.2150000000001 45.8220000000001 35.9240000000009 68.0169999999998 44.9299999999985
