V1 V2 V3 V4 V5 V6 V7 V8 V9 V10
sam 2.46100000000001 2.49600000000009 2.75300000000016 3.33699999999999 2.94600000000014 2.39599999999996 2.88500000000022 2.54300000000012 2.91699999999992 2.49400000000014
geode 0.0300000000000011 0.0229999999999961 0.0279999999999916 0.113 0.0339999999999918 0.0249999999999773 0.078000000000003 0.0240000000000009 0.0450000000000159 0.0339999999999918
ref 2.49299999999994 2.52100000000019 2.78400000000011 3.45199999999977 2.98199999999997 2.42400000000043 2.96499999999969 2.56899999999996 2.96399999999994 2.529
infog 0 0 0 0 0 0 0 0 0 0
func 0 0 0 0 0 0 0 0 0 0
EFSOS 0.8599999999999 0.837999999999965 0.849999999999909 0.80399999999986 0.848999999999933 1.30600000000004 0.838999999999942 0.812999999999647 0.820999999999913 0.831000000000131
EFSIS 0.0190000000000055 0.0159999999999911 0.0200000000000102 0.0220000000000198 0.021000000000015 0.021000000000015 0.021000000000015 0.0169999999999959 0.0190000000000055 0.0190000000000055
 0.878999999999905 0.853999999999814 0.869999999999891 0.827000000000226 0.873000000000047 1.32799999999997 0.861000000000331 0.830999999999676 0.841000000000349 0.850999999999658
 0 0 0 0 0 0 0 0 0 0
 0 0 0 0 0 0 0 0 0 0
 2.08600000000001 2.19299999999998 2.12599999999998 1.95900000000006 2.18399999999997 2.02600000000007 1.99699999999984 2.42900000000009 2.22899999999981 2.58699999999999
 0.00499999999999545 0.0109999999999957 0.00499999999999545 0.00600000000000023 0.00600000000000023 0.00399999999999068 0.0109999999999957 0.0109999999999957 0.0109999999999957 0.0729999999999791
 2.09400000000005 2.20600000000013 2.13100000000031 1.9670000000001 2.19100000000026 2.02999999999975 2.00799999999981 2.44100000000026 2.24099999999999 2.66300000000001
 0 0 0 0 0 0 0 0 0 0
 0 0 0 0 0 0 0 0 0 0
 0.44399999999996 0.43100000000004 0.426000000000158 0.428000000000111 0.432999999999993 0.423000000000002 0.432999999999993 0.506000000000313 0.427000000000135 0.424999999999727
 0.00200000000000955 0.00500000000002387 0.00199999999998113 0 0.00100000000000477 0.00600000000000023 0 0.00100000000000477 0.00100000000000477 0.00300000000001432
 0.447000000000116 0.436999999999898 0.428000000000338 0.427999999999884 0.434999999999945 0.429999999999836 0.432999999999993 0.508000000000266 0.429000000000087 0.428000000000338
 0 0 0 0 0 0 0 0 0 0
 0 0 0 0 0 0 0 0 0 0
 6.24599999999987 6.34899999999993 6.52500000000009 6.90199999999982 6.80000000000018 6.50400000000013 6.52800000000025 6.68199999999979 6.76599999999962 6.72600000000011
 0.0560000000000116 0.0559999999999832 0.0549999999999784 0.14100000000002 0.0620000000000118 0.0559999999999832 0.113 0.0529999999999973 0.0760000000000218 0.131999999999977
 6.30599999999959 6.40999999999985 6.58500000000004 7.04799999999977 6.86900000000014 6.56600000000026 6.64499999999998 6.73999999999978 6.84899999999971 6.86400000000003
 0 0 0 0 0 0 0 0 0 0
 0 0 0 0 0 0 0 0 0 0
 26.893 28.4690000000001 27.2750000000001 27.1800000000001 26.098 26.972 26.6619999999998 26.7270000000003 26.404 26.248
 1.91499999999999 2.04000000000002 2.02900000000002 1.80699999999999 2.102 1.81899999999999 1.82500000000002 3.91 1.982 3.79100000000003
 37.5619999999999 78.2460000000001 38.4780000000001 37.7470000000003 37.7080000000001 37.7440000000001 37.2240000000002 49.8290000000002 37.1900000000001 47.1700000000001
 381.592000000001 290.259999999998 404.922000000002 378.811999999998 409.866000000002 389.935999999998 382.084999999999 795.237000000001 378.957000000002 736.617000000002
 35.3510000000006 1065.447 35.277 35.2270000000008 46.4329999999991 33.8919999999998 35.1980000000003 92.1419999999998 33.875 69.9490000000005
