V1 V2 V3 V4 V5 V6 V7 V8 V9 V10
sam 3.24400000000242 3.90400000000227 2.80400000000009 3.68100000000049 4.1260000000002 3.01799999999639 2.95700000000215 3.22800000000279 2.55400000000373 2.64899999999761
geode 0 0 0 0.00200000000000244 0 0 0 0 0 0
ref 3.24600000027567 3.90599999995902 2.80599999986589 3.68599999975413 4.16100000031292 3.02000000001863 2.96100000012666 3.23100000014529 2.55599999986589 2.64900000020862
infog 0 0 0 0 0 0 0 0 0 0
func 0 0 0 0 0 0 0 0 0 0
EFSIS 0.893000000000029 1.41999999999825 0.983000000000175 1.70899999999892 2.00500000000102 1.11000000000058 0.898999999997613 0.897999999993772 0.841000000000349 0.913000000000466
 0 0 0 0 0 0 0 0 0 0
 0.893999999854714 1.42200000025332 0.984000000171363 1.71100000012666 2.00999999977648 1.11100000003353 0.899999999906868 0.899000000208616 0.843000000342727 0.91399999987334
 0 0 0 0 0 0 0 0 0 0
 0 0 0 0 0 0 0 0 0 0
 2.81899999999951 3.90799999999945 4.74599999999919 3.76399999999921 7.14600000000064 3.36000000000058 2.96200000000681 3.06200000000536 3.2609999999986 3.12200000000303
 0.00300000000000011 0.000999999999997669 0.00300000000000011 0.00899999999999324 0.00600000000000023 0.00100000000000477 0.000999999999997669 0.0150000000000006 0.00199999999999534 0.00500000000000256
 2.01300000026822 2.9660000000149 3.73699999973178 2.8640000000596 6.11799999978393 2.42799999983981 2.08100000023842 2.25599999958649 2.34999999962747 2.10300000011921
 0 0 0 0 0 0 0 0 0 0
 0 0 0 0 0 0 0 0 0 0
 0.501000000000204 0.754000000000815 0.794999999998254 0.473999999998341 0.586999999999534 0.510999999998603 0.422999999995227 0.453999999997905 0.434999999997672 0.471999999994296
 0.000999999999997669 0 0 0 0.00199999999999534 0 0 0 0 0
 0.501999999862164 0.754999999888241 0.795000000391155 0.475000000093132 0.587000000290573 0.510999999940395 0.424000000115484 0.455000000074506 0.436000000219792 0.460999999660999
 0 0 0 0 0 0 0 0 0 0
 0 0 0 0 0 0 0 0 0 0
 7.97100000000137 10.4960000000028 9.87699999999677 10.0429999999978 14.5480000000025 8.55500000000029 7.60300000000279 8.06300000000192 7.5089999999982 7.57200000000012
 0.00399999999999778 0.000999999999997669 0.00300000000000011 0.0109999999999957 0.019999999999996 0.00100000000000477 0.000999999999997669 0.0150000000000006 0.00300000000000011 0.00500000000000256
 7.17000000039116 9.55900000035763 8.87300000013784 9.15100000007078 13.5790000003763 7.625 6.7269999999553 7.26200000010431 6.60300000011921 6.54400000022724
 0 0 0 0 0 0 0 0 0 0
 0 0 0 0 0 0 0 0 0 0
 425.508000000002 496.290999999997 512.692000000003 554.174999999999 460.082000000002 445.936000000002 383.991999999998 386.900999999998 396.618000000002 391.972000000002
 0.215000000000003 0.218000000000004 0.363 0.293000000000006 0.344999999999999 0.149999999999999 0.128 0.335999999999999 0.192 0.170999999999999
 381.55999999959 448.876999999862 468.049999999814 514.535999999847 413.697999999858 401.319999999832 340.658000000287 347.331999999937 353.688000000082 348.221999999601
 0 0 0 0 0 0 0 0 0 0
 0 0 0 0 0 0 0 0 0 0
