V1 V2 V3 V4 V5 V6 V7 V8 V9 V10
sam 2.54300000000148 2.48600000000079 2.69999999999709 2.5109999999986 2.58699999999953 2.70799999999872 3.50300000000061 2.73899999999776 2.4989999999998 2.70500000000175
geode 0 0 0 0 0 0 0 0.000999999999990564 0 0.000999999999990564
ref 2.54500000000189 2.48799999999756 2.70100000000093 2.51200000000244 2.59000000000015 2.70900000000256 3.50499999999738 2.74300000000221 2.5010000000002 2.70799999999872
infog 0 0 0 0 0 0 0 0 0 0
func 0 0 0 0 0 0 0 0 0 0
EFSIS 0.873999999999796 0.854999999999563 0.882000000001426 0.835000000002765 0.882000000001426 0.882000000001426 0.86200000000099 1.39900000000125 0.844999999997526 0.888999999999214
 0.0180000000000007 0.0160000000000053 0.0160000000000053 0.0170000000000101 0.019999999999996 0.0210000000000008 0.0150000000000006 0.0240000000000009 0.0180000000000007 0.0250000000000057
 0.890999999999622 0.872999999999593 0.898999999997613 0.85200000000259 0.901999999998225 0.903999999998632 0.879000000000815 1.42399999999907 0.864000000001397 0.915000000000873
 0 0 0 0 0 0 0 0 0 0
 0 0 0 0 0 0 0 0 0 0
 2.91899999999805 2.92199999999866 4.01499999999942 3.61599999999817 3.2400000000016 3.18999999999869 3.16299999999683 3.0099999999984 3.10499999999956 3.21900000000096
 0.00400000000000489 0.00199999999999534 0.00300000000000011 0.0109999999999957 0.00199999999999534 0.00199999999999534 0.00199999999999534 0.0180000000000007 0.00199999999999534 0.00300000000000011
 2 2.04400000000169 3.06100000000151 2.72899999999936 2.30600000000049 2.26699999999983 2.28399999999965 2.15799999999945 2.19599999999991 2.33899999999994
 0 0 0 0 0 0 0 0 0 0
 0 0 0 0 0 0 0 0 0 0
 0.489000000001397 0.452000000001135 0.462999999999738 0.439000000002125 0.489999999997963 0.495999999999185 0.478000000002794 0.507000000001426 0.457000000002154 0.474999999998545
 0 0 0 0 0 0 0 0 0 0
 0.488999999997759 0.451000000000931 0.462999999999738 0.438999999998487 0.490000000001601 0.496999999999389 0.47700000000259 0.507000000001426 0.456999999998516 0.474999999998545
 0 0 0 0 0 0 0 0 0 0
 0 0 0 0 0 0 0 0 0 0
 7.17599999999948 7.10399999999936 8.45099999999729 7.76499999999942 7.57400000000052 7.65899999999965 8.42699999999968 8.03099999999904 7.27899999999863 7.65799999999945
 0.0220000000000056 0.0180000000000007 0.0190000000000055 0.0280000000000058 0.0219999999999914 0.0229999999999961 0.0169999999999959 0.0429999999999922 0.019999999999996 0.0289999999999964
 6.27700000000186 6.24599999999919 7.51499999999942 6.89800000000105 6.66400000000067 6.76100000000224 7.5669999999991 7.21000000000276 6.39100000000326 6.8080000000009
 0 0 0 0 0 0 0 0 0 0
 0 0 0 0 0 0 0 0 0 0
 363.585000000003 380.548000000003 386.450000000001 375.248 380.329000000002 395.695 397.504000000001 378.937999999998 373.940999999999 383.481
 1.10599999999999 1.119 1.11999999999999 1.297 1.111 1.123 1.13900000000001 1.32300000000001 1.06400000000001 1.06999999999999
 319.330999999998 336.337 341.490000000002 331.48 335.492999999999 349.841 352.573 336.455999999998 330.779000000002 338.624
 0 0 0 0 0 0 0 0 0 0
 0 0 0 0 0 0 0 0 0 0
