V1 V2 V3 V4 V5 V6 V7 V8 V9 V10
sam 2.47200000000157 3.25700000000143 2.39099999999962 2.74500000000262 2.44700000000012 2.65899999999965 2.51499999999942 2.72899999999936 2.49099999999817 2.54199999999764
geode 0 0 0 0 0 0 0 0 0 0
ref 2.47499999999854 3.2599999999984 2.39300000000003 2.74699999999939 2.45000000000073 2.66200000000026 2.51699999999983 2.73099999999977 2.49199999999837 2.54399999999805
infog 0 0 0 0 0 0 0 0 0 0
func 0 0 0 0 0 0 0 0 0 0
EFSIS 0.835999999999331 0.953999999997905 0.877000000000407 0.873999999999796 0.860000000000582 0.871999999999389 0.876000000000204 0.860000000000582 0.83100000000195 0.838999999999942
 0.0189999999999984 0.0180000000000007 0.0189999999999912 0.0180000000000007 0.0230000000000103 0.0190000000000055 0.0210000000000008 0.0200000000000102 0.0150000000000006 0.01400000000001
 0.855999999999767 0.973000000001775 0.897000000000844 0.891999999999825 0.882999999997992 0.893000000000029 0.897000000000844 0.880000000001019 0.848000000001775 0.852999999999156
 0 0 0 0 0 0 0 0 0 0
 0 0 0 0 0 0 0 0 0 0
 2.98500000000058 4.29200000000128 2.86699999999837 3.17099999999846 2.93499999999767 3.73800000000119 3.08799999999974 3.48699999999735 3.0789999999979 3.61000000000058
 0.00300000000000011 0.00199999999999534 0.00600000000000023 0.0100000000000051 0.00499999999999545 0.00199999999999534 0.00199999999999534 0.0259999999999962 0.00100000000000477 0.00300000000000011
 2.06100000000151 3.36899999999878 1.97499999999854 2.29300000000148 2.03700000000026 2.82200000000012 2.20699999999852 2.6239999999998 2.21599999999671 2.67400000000271
 0 0 0 0 0 0 0 0 0 0
 0 0 0 0 0 0 0 0 0 0
 0.461999999999534 0.475999999998749 0.445999999999913 0.476999999998952 0.433000000000902 0.452000000001135 0.461999999999534 0.420000000001892 0.433000000000902 0.42500000000291
 0 0 0 0 0 0 0 0.0120000000000005 0 0
 0.460999999999331 0.475999999998749 0.445999999999913 0.475999999998749 0.433000000000902 0.453000000001339 0.461999999999534 0.432999999997264 0.434000000001106 0.425999999999476
 0 0 0 0 0 0 0 0 0 0
 0 0 0 0 0 0 0 0 0 0
 7.15200000000186 9.40299999999843 6.92099999999846 7.68600000000151 7.06000000000131 8.09899999999834 7.33799999999974 7.8839999999982 7.23600000000079 7.80299999999988
 0.0219999999999985 0.019999999999996 0.0249999999999915 0.0280000000000058 0.0280000000000058 0.0210000000000008 0.0229999999999961 0.0580000000000069 0.0160000000000053 0.0170000000000101
 6.2510000000002 8.50200000000041 6.05199999999968 6.82999999999811 6.19000000000233 7.20799999999872 6.47899999999936 7.05600000000049 6.39199999999983 6.8849999999984
 0 0 0 0 0 0 0 0 0 0
 0 0 0 0 0 0 0 0 0 0
 378.375999999997 378.344000000001 367.427 374.092000000001 374.323 377.118000000002 387.482 376.098999999998 364.752999999997 373.57
 1.20100000000001 1.11800000000001 1.074 1.29599999999999 1.133 1.17700000000001 1.148 1.29900000000001 1.07799999999999 1.14700000000001
 334.735999999997 334.061999999998 322.428 329.758000000002 329.835999999999 332.269 341.936000000002 332.631999999998 320.737999999998 329.221000000001
 0 0 0 0 0 0 0 0 0 0
 0 0 0 0 0 0 0 0 0 0
