V1 V2 V3 V4 V5 V6 V7 V8 V9 V10
sam 2.30799999999726 2.43099999999686 2.41900000000169 3.45900000000256 3.13999999999942 2.78800000000047 3.20499999999811 2.83699999999953 2.83100000000195 2.44799999999668
geode 0.00200000000006639 0.00300000000004275 0.00300000000004275 0.00499999999999545 0.00399999999990541 0.00299999999992906 0.00299999999992906 0.00299999999992906 0.00299999999992906 0.00199999999995271
ref 2.31199999999808 2.43599999999788 2.42400000000271 3.46800000000076 3.14600000000064 2.79300000000148 3.21100000000297 2.84200000000055 2.83599999999933 2.4519999999975
infog 0 0 0 0 0 0 0 0 0 0
func 0 0 0 0 0 0 0 0 0 0
EFSOS 0.82300000000032 0.842000000000553 0.843999999997322 1.020999999997 1.0789999999979 1.04100000000108 0.848000000001775 0.795000000001892 0.841000000000349 0.840000000000146
EFSIS 0.0169999999999391 0.0199999999999818 0.0219999999999345 0.0240000000000009 0.0289999999999964 0.01400000000001 0.0190000000000055 0.0170000000000528 0.0199999999999818 0.0210000000000719
 0.838999999999942 0.863000000001193 0.86699999999837 1.04499999999825 1.10699999999997 1.05600000000049 0.868999999998778 0.813999999998487 0.861000000000786 0.86200000000099
 0 0 0 0 0 0 0 0 0 0
 0 0 0 0 0 0 0 0 0 0
 1.89800000000105 2.10200000000259 2.07500000000073 2.40999999999985 3.19800000000032 2.70699999999852 2.65299999999843 2.01499999999942 2.25699999999779 2.03300000000309
 0.00300000000004275 0.00300000000004275 0.00300000000004275 0.00399999999990541 0.00499999999999545 0.0040000000000191 0.0040000000000191 0.00300000000004275 0.0040000000000191 0.00299999999992906
 1.90500000000247 2.10800000000017 2.07900000000154 2.41500000000087 3.20599999999831 2.71299999999974 2.65699999999924 2.01900000000023 2.26499999999942 2.03700000000026
 0 0 0 0 0 0 0 0 0 0
 0 0 0 0 0 0 0 0 0 0
 0.422999999998865 0.435999999997875 0.432000000000698 0.515999999999622 0.48700000000099 0.47700000000259 0.605999999999767 0.407999999999447 0.411000000000058 0.456999999998516
 0.000999999999976353 0.000999999999976353 0.000999999999976353 0 0 0.000999999999976353 0 0 0 0
 0.424999999999272 0.435999999997875 0.434999999997672 0.515999999999622 0.489000000001397 0.477999999999156 0.606999999999971 0.408000000003085 0.411000000000058 0.456999999998516
 0 0 0 0 0 0 0 0 0 0
 0 0 0 0 0 0 0 0 0 0
 5.80599999999686 6.21199999999953 6.15599999999904 7.87000000000262 8.3289999999979 7.40999999999985 7.67399999999907 6.4419999999991 6.72500000000218 6.17499999999927
 0.0230000000000246 0.02800000000002 0.0289999999999964 0.0339999999999918 0.0389999999999873 0.0219999999999345 0.02699999999993 0.0240000000000009 0.02699999999993 0.0259999999999536
 5.83399999999892 6.24499999999898 6.19000000000233 7.90999999999985 8.37299999999959 7.43700000000172 7.70700000000215 6.47200000000157 6.75799999999799 6.20499999999811
 0 0 0 0 0 0 0 0 0 0
 0 0 0 0 0 0 0 0 0 0
 309.536 315.434999999998 322.892 382.717999999997 381.701000000001 373.478999999999 318.948 319.274000000001 311.923999999999 324.734
 1.41800000000001 2.21600000000001 1.41399999999999 3.39299999999992 6.048 14.726 1.33800000000008 1.41599999999994 1.59800000000007 1.82000000000005
 311.201000000001 318.113000000001 324.563999999998 387.004000000001 390.819 393.744999999999 320.543999999998 320.949000000001 313.772000000001 326.817999999999
 0 0 0 0 0 0 0 0 0 0
 0 0 0 0 0 0 0 0 0 0
