V1 V2 V3 V4 V5 V6 V7 V8 V9 V10
sam 3.81700000003912 3.78700000001118 3.86199999996461 4.27800000004936 3.80299999995623 3.8420000000624 3.93500000005588 3.86499999999069 3.7269999999553 3.74699999997392
geode 0.036999999996624 0.0360000000073342 0.0370000000111759 0.0409999999974389 0.0370000000111759 0.0359999999927823 0.036999999996624 0.036999999996624 0.0350000000034925 0.0349999999889405
ref 3.85800000000745 3.82700000004843 3.90199999976903 4.32200000016019 3.84200000017881 3.87999999988824 3.97599999979138 3.90500000026077 3.76300000026822 3.78400000045076
infog 0 0 0 0 0 0 0 0 0 0
func 0 0 0 0 0 0 0 0 0 0
EFSIS 0.854999999981374 0.830000000074506 0.878999999957159 0.82999999995809 0.89000000001397 0.861000000033528 1.40000000002328 0.902000000001863 0.834000000031665 0.852000000071712
 0.00800000000162981 0.0079999999870779 0.00999999999476131 0.00800000000162981 0.0089999999909196 0.00900000000547152 0.0139999999955762 0.00900000000547152 0.00800000000162981 0.00900000000547152
 0.861999999731779 0.838999999687076 0.888999999966472 0.837999999988824 0.899999999906868 0.871000000275671 1.414000000339 0.912000000011176 0.842999999877065 0.860999999567866
 0 0 0 0 0 0 0 0 0 0
 0 0 0 0 0 0 0 0 0 0
 3.42099999997299 3.39199999999255 3.89100000006147 3.17999999993481 4.16399999998976 3.87299999990501 3.21199999994133 3.875 3.45299999997951 3.73800000001211
 0.044000000008964 0.0360000000073342 0.0430000000051223 0.0420000000012806 0.0500000000029104 0.0400000000081491 0.0350000000034925 0.0489999999990687 0.0380000000004657 0.0399999999935972
 2.08600000012666 2.17400000011548 2.61100000003353 2.0230000000447 3.00499999988824 2.58699999982491 1.92099999962375 2.55799999972805 2.19099999964237 2.46000000042841
 0 0 0 0 0 0 0 0 0 0
 0 0 0 0 0 0 0 0 0 0
 0.442000000039116 0.435999999986961 0.420999999972992 0.430000000051223 0.440999999991618 0.423000000067987 0.421000000089407 0.432999999960884 0.440999999991618 0.414999999920838
 0.00400000000081491 0.0049999999901047 0.00400000000081491 0.00399999998626299 0.00400000000081491 0.0049999999901047 0.00400000000081491 0.00400000000081491 0.00399999998626299 0.00400000000081491
 0.442999999970198 0.441999999806285 0.423000000417233 0.433999999891967 0.44400000013411 0.429000000003725 0.425000000279397 0.438000000081956 0.445000000298023 0.418999999761581
 0 0 0 0 0 0 0 0 0 0
 0 0 0 0 0 0 0 0 0 0
 8.94099999999162 8.88200000009965 9.48999999999069 9.15599999995902 9.71699999994598 9.41900000011083 9.37200000009034 9.49800000002142 9.38399999996182 9.17000000004191
 0.0970000000088476 0.0910000000003492 0.0990000000019791 0.0989999999874271 0.104000000006636 0.0939999999973224 0.0939999999973224 0.103000000002794 0.0939999999973224 0.091999999989639
 7.66099999984726 7.72199999960139 8.26699999999255 8.05900000035763 8.61500000022352 8.18999999994412 8.14399999985471 8.24000000022352 8.1820000000298 7.94700000016019
 0 0 0 0 0 0 0 0 0 0
 0 0 0 0 0 0 0 0 0 0
 462.788000000059 465.253999999957 482.985999999917 464.754000000074 469.197000000044 467.667999999947 470.870999999926 470.740999999922 457.985000000102 463.703999999911
 4.74299999998766 4.77300000000105 4.93899999999849 5.00300000001153 4.78100000000268 4.74899999999616 4.78699999999662 5.01600000000326 4.6710000000021 4.71700000000419
 405.07200000016 407.95100000035 424.268000000156 407.322999999858 411.365999999922 408.757999999914 408.779000000097 410.307999999728 398.489999999758 404.459999999963
 0 0 0 0 0 0 0 0 0 0
 0 0 0 0 0 0 0 0 0 0
