V1 V2 V3 V4 V5 V6 V7 V8 V9 V10
sam 2.63400000000001 2.90300000000002 2.70800000000008 2.39999999999986 2.41399999999999 2.49800000000005 2.86299999999983 2.57499999999982 2.43799999999987 2.48700000000008
geode 0.0500000000000114 0.09699999999998 0.0360000000000014 0.0339999999999918 0.0339999999999918 0.039999999999992 0.0929999999999893 0.0320000000000107 0.0389999999999873 0.0270000000000152
ref 2.68700000000035 3.00300000000016 2.74600000000009 2.43599999999969 2.44999999999982 2.53999999999996 2.95900000000029 2.61099999999988 2.47899999999981 2.51600000000008
infog 0 0 0 0 0 0 0 0 0 0
func 0 0 0 0 0 0 0 0 0 0
EFSOS 0.812000000000126 0.838999999999942 1.40299999999979 0.827999999999975 0.844000000000051 0.878999999999905 0.846000000000004 0.829000000000178 0.836000000000013 0.815999999999804
EFSIS 0.0169999999999959 0.0190000000000055 0.021000000000015 0.0169999999999959 0.021000000000015 0.0180000000000007 0.0200000000000102 0.0199999999999818 0.0269999999999868 0.0319999999999823
 0.828999999999724 0.859999999999673 1.42499999999973 0.847000000000207 0.865999999999985 0.898000000000138 0.864999999999782 0.84900000000016 0.862999999999829 0.847999999999956
 0 0 0 0 0 0 0 0 0 0
 0 0 0 0 0 0 0 0 0 0
 2.02199999999993 2.01099999999997 3.74700000000007 2.07000000000016 2.03199999999993 2.20900000000006 2.01200000000017 2.66499999999996 2.07300000000009 2.17700000000013
 0.00899999999998613 0.0200000000000102 0.0829999999999984 0.01400000000001 0.00799999999998136 0.00600000000000023 0.00999999999999091 0.0640000000000214 0.00600000000000023 0.007000000000005
 2.03200000000015 2.03099999999995 3.83300000000008 2.08399999999983 2.04199999999992 2.21699999999964 2.02500000000009 2.73099999999977 2.08200000000033 2.1869999999999
 0 0 0 0 0 0 0 0 0 0
 0 0 0 0 0 0 0 0 0 0
 0.435999999999922 0.43100000000004 0.448000000000093 0.42899999999986 0.439000000000078 0.442999999999984 0.424999999999955 0.427999999999884 0.425999999999931 0.424999999999955
 0.00900000000001455 0.0109999999999957 0.0029999999999859 0.00199999999998113 0.00100000000000477 0.00100000000000477 0.00100000000000477 0.000999999999976353 0.00300000000001432 0.00600000000000023
 0.445999999999913 0.443000000000211 0.452000000000226 0.432000000000244 0.441000000000258 0.44399999999996 0.425999999999931 0.427999999999884 0.429999999999836 0.43100000000004
 0 0 0 0 0 0 0 0 0 0
 0 0 0 0 0 0 0 0 0 0
 6.26700000000005 6.56299999999987 8.904 6.0949999999998 6.09300000000007 6.41399999999999 6.51900000000001 6.88699999999994 6.15599999999995 6.2940000000001
 0.085000000000008 0.147999999999996 0.14500000000001 0.0669999999999789 0.063999999999993 0.0649999999999977 0.123999999999995 0.11699999999999 0.0759999999999934 0.0720000000000027
 6.35600000000022 6.71799999999985 9.05499999999984 6.16800000000012 6.16199999999981 6.48399999999992 6.64700000000039 7.00900000000001 6.23700000000008 6.37100000000009
 0 0 0 0 0 0 0 0 0 0
 0 0 0 0 0 0 0 0 0 0
 25.4010000000001 27.2640000000001 25.4290000000001 25.3510000000001 26.9369999999999 25.4750000000001 27.0529999999999 26.1299999999999 27.078 26.2659999999998
 1.71000000000001 1.79300000000001 3.863 1.85900000000001 4.214 2.137 3.73500000000001 2.02100000000002 2.04399999999998 1.898
 36.8220000000001 38.0540000000001 46.663 36.828 51.9340000000002 37.4989999999998 48.4269999999997 37.239 38.6210000000001 37.8470000000002
 411.243999999999 382.412000000004 740.885999999999 403.758999999998 855.128000000004 415.561999999998 758.580000000002 384.661999999997 397.303999999996 407.487000000001
 46.7110000000002 32.98 67.9399999999996 47.1350000000002 91.8029999999999 46.5370000000003 68.596 47.3499999999999 45.442 47.0189999999998
