V1 V2 V3 V4 V5 V6 V7 V8 V9 V10
sam 3.8190000000177 4.40200000000186 3.86000000010245 3.85300000000279 3.83600000001024 3.90300000004936 3.80600000009872 3.84700000006706 3.88800000003539 3.7489999999525
geode 0.0390000000043074 0.0449999999982538 0.0389999999897555 0.0390000000043074 0.0389999999897555 0.0390000000043074 0.0389999999897555 0.0390000000043074 0.0390000000043074 0.0380000000004657
ref 3.8589999997057 4.45000000018626 3.90100000007078 3.89399999985471 3.87800000002608 3.94400000013411 3.84899999992922 3.88899999996647 3.92900000000373 3.79000000003725
infog 0 0 0 0 0 0 0 0 0 0
func 0 0 0 0 0 0 0 0 0 0
EFSIS 0.912000000011176 0.850000000093132 0.892999999923632 0.909999999916181 0.87300000002142 0.932000000029802 0.873999999952503 0.849999999976717 0.92000000004191 0.838999999919906
 0.00999999999476131 0.00900000000547152 0.0100000000093132 0.0089999999909196 0.00900000000547152 0.00999999999476131 0.00900000000547152 0.00900000000547152 0.00999999999476131 0.0089999999909196
 0.924000000115484 0.859000000171363 0.902999999932945 0.919999999925494 0.884000000078231 0.941999999806285 0.882999999914318 0.859999999869615 0.932000000029802 0.848999999929219
 0 0 0 0 0 0 0 0 0 0
 0 0 0 0 0 0 0 0 0 0
 3.71299999998882 3.3190000000177 4.08500000007916 3.84600000001956 3.49399999994785 4.40599999995902 3.49199999996927 4.26500000001397 2.96299999998882 3.25600000005215
 0.0390000000043074 0.0359999999927823 0.0559999999968568 0.0590000000083819 0.0409999999974389 0.0500000000029104 0.0420000000012806 0.0599999999976717 0.0280000000057044 0.0400000000081491
 2.51899999985471 2.07199999969453 2.7730000000447 2.55300000030547 2.1659999997355 3.15100000007078 2.27900000009686 3.06999999983236 2.08699999982491 2.46699999971315
 0 0 0 0 0 0 0 0 0 0
 0 0 0 0 0 0 0 0 0 0
 0.42000000004191 0.416999999899417 0.419999999925494 0.423000000067987 0.421000000089407 0.425999999977648 0.440000000060536 0.419999999925494 0.464000000036322 0.533999999985099
 0.00400000000081491 0.00500000000465661 0.00500000000465661 0.0049999999901047 0.00500000000465661 0.00400000000081491 0.00400000000081491 0.00500000000465661 0.0049999999901047 0.00500000000465661
 0.424000000115484 0.42200000025332 0.425000000279397 0.429000000003725 0.424000000115484 0.43099999986589 0.44400000013411 0.424000000115484 0.470000000204891 0.540000000037253
 0 0 0 0 0 0 0 0 0 0
 0 0 0 0 0 0 0 0 0 0
 9.29100000008475 9.42000000004191 9.68700000003446 9.46399999991991 9.05400000000373 10.112000000081 9.05400000000373 9.82800000009593 8.68700000003446 8.9309999999823
 0.0970000000088476 0.0990000000019791 0.114000000001397 0.115999999994528 0.0990000000019791 0.108000000007451 0.0989999999874271 0.11699999999837 0.0869999999995343 0.0979999999981374
 8.1589999999851 8.2390000000596 8.43500000005588 8.23199999984354 7.78599999984726 8.91800000006333 7.90199999976903 8.6929999999702 7.87399999983609 8.20599999977276
 0 0 0 0 0 0 0 0 0 0
 0 0 0 0 0 0 0 0 0 0
 464.92499999993 462.280000000028 461.910999999964 459.445000000065 461.819000000018 467.580999999889 461.76800000004 449.348999999929 427.19299999997 439.184999999939
 5.01599999998871 4.95699999999488 4.95100000000093 5.16000000000349 4.97299999999814 4.98699999999371 5.01400000001013 4.9320000000007 4.60399999999208 4.58199999999488
 408.912000000011 402.447999999858 399.847000000067 399.485000000335 401.655000000261 410.38599999994 404.453999999911 407.023000000045 387.861000000034 398.983000000007
 0 0 0 0 0 0 0 0 0 0
 0 0 0 0 0 0 0 0 0 0
