V1 V2 V3 V4 V5 V6 V7 V8 V9 V10
sam 3.03999999999996 2.65599999999995 3.73999999999978 3.11000000000058 4.29799999999886 2.65799999999945 4.5520000000015 2.74699999999939 6.53300000000127 3.79099999999926
geode 0 0 0.00199999999999889 0.00100000000000122 0.00600000000000023 0 0 0 0 0.000999999999997669
ref 3.04400000022724 2.65799999982119 3.74500000011176 3.1140000000596 4.34400000004098 2.66100000031292 5.15500000026077 2.75 6.53899999987334 3.79399999976158
infog 0 0 0 0 0 0 0 0 0 0
func 0 0 0 0 0 0 0 0 0 0
EFSIS 0.875999999999294 0.948999999999614 1.00300000000061 0.947999999999411 2.18700000000172 0.869999999998981 1.59999999999854 0.940000000000509 2.39100000000144 0.952000000001135
 0 0 0.00100000000000122 0 0.00300000000000011 0 0 0 0 0
 0.876999999862164 0.950000000186265 1.00400000018999 0.949000000022352 2.20099999988452 0.87099999981001 1.7660000002943 0.939999999944121 2.39300000015646 0.954000000376254
 0 0 0 0 0 0 0 0 0 0
 0 0 0 0 0 0 0 0 0 0
 2.96000000000004 3.53099999999995 3.66799999999967 3.33300000000054 5.69599999999991 3.18000000000029 4.76500000000124 3.37199999999939 5.26699999999983 4.52900000000045
 0.00199999999999889 0.00700000000000145 0.00499999999999901 0.00999999999999801 0.00499999999999901 0.00199999999999889 0.00499999999999901 0.00900000000000034 0.00499999999999901 0.0139999999999993
 2.06400000024587 2.67100000008941 2.53000000026077 2.40299999993294 4.31400000024587 2.31100000021979 4.42900000000373 2.45899999979883 3.84499999973923 3.625
 0 0 0 0 0 0 0 0 0 0
 0 0 0 0 0 0 0 0 0 0
 0.467000000000553 0.475000000000364 0.481999999999971 0.649999999999636 1.29500000000007 0.456000000000131 0.752000000000407 0.774000000001251 1.05400000000009 0.769000000000233
 0 0 0 0 0 0 0 0 0.000999999999997669 0
 0.466999999713153 0.475000000093132 0.475999999791384 0.649999999906868 1.29000000003725 0.456000000238419 0.856999999843538 0.774000000208616 1.05500000016764 0.946999999694526
 0 0 0 0 0 0 0 0 0 0
 0 0 0 0 0 0 0 0 0 0
 7.70499999999993 7.97799999999916 9.53300000000036 8.46900000000005 14.3719999999994 7.56399999999849 12.3780000000006 8.43599999999969 16.3459999999995 10.8109999999997
 0.00199999999999889 0.00799999999999912 0.00799999999999912 0.0109999999999992 0.0139999999999993 0.00300000000000011 0.00499999999999901 0.0100000000000016 0.00599999999999667 0.0159999999999982
 6.81400000024587 7.12199999997392 8.39599999971688 7.54499999992549 13.0449999999255 6.70100000035018 12.9250000002794 7.52699999976903 14.9330000001937 10.089999999851
 0 0 0 0 0 0 0 0 0 0
 0 0 0 0 0 0 0 0 0 0
 384.918 426.357 435.937 719.878 574.922 483.262000000001 580.052 731.745000000001 737.669000000002 407.851999999999
 0.147000000000002 0.186 0.283999999999999 0.622 0.256 0.228000000000002 0.219000000000001 0.643000000000001 0.482000000000003 0.187999999999999
 341.426000000443 380.938000000082 391.01500000013 660.140999999829 519.865000000224 444.901999999769 571.387999999803 667.150000000373 669.216999999713 364.800000000279
 0 0 0 0 0 0 0 0 0 0
 0 0 0 0 0 0 0 0 0 0
