V1 V2 V3 V4 V5 V6 V7 V8 V9 V10
sam 2.57099999999991 2.57700000000114 2.55999999999767 2.7510000000002 2.58299999999872 2.82200000000012 2.61299999999756 3.4519999999975 2.56899999999587 2.67700000000332
geode 0 0.00199999999999534 0 0 0 0.00100000000000477 0 0.000999999999990564 0.000999999999990564 0
ref 2.57099999999991 2.58099999999831 2.56300000000192 2.75300000000061 2.58299999999872 2.82500000000073 2.61599999999817 3.45600000000195 2.57299999999668 2.67900000000373
infog 0 0 0 0 0 0 0 0 0 0
func 0 0 0 0 0 0 0 0 0 0
EFSIS 0.837999999999738 0.848000000001775 0.869000000002416 0.882999999997992 0.828000000001339 0.918000000005122 0.86200000000099 0.849999999998545 0.868999999998778 0.849999999998545
 0.0200000000000102 0.0160000000000053 0.0229999999999961 0.0169999999999959 0.0169999999999959 0.019999999999996 0.0180000000000007 0.0230000000000103 0.0210000000000008 0.0150000000000006
 0.861000000000786 0.865000000001601 0.893000000000029 0.900000000001455 0.847000000001572 0.939000000002125 0.880000000001019 0.871999999999389 0.889000000002852 0.865999999994528
 0 0 0 0 0 0 0 0 0 0
 0 0 0 0 0 0 0 0 0 0
 2.92700000000332 3.05899999999747 2.98099999999977 3.45400000000154 3.54499999999825 3.3179999999993 3.17599999999948 3.14199999999983 3.05900000000111 3.37199999999575
 0.000999999999990564 0 0.00499999999999545 0.0150000000000006 0.00100000000000477 0.00300000000000011 0.00199999999999534 0.00999999999999091 0 0.00100000000000477
 2.00700000000143 2.14099999999962 2.07599999999729 2.51699999999983 2.64099999999962 2.38899999999921 2.28199999999924 2.19800000000032 2.15400000000227 2.47500000000582
 0 0 0 0 0 0 0 0 0 0
 0 0 0 0 0 0 0 0 0 0
 0.461999999999534 0.863000000001193 0.504999999997381 0.481999999999971 0.44100000000617 0.519000000000233 0.457000000002154 0.456000000005588 0.48700000000099 0.444000000003143
 0 0 0 0 0 0 0 0 0 0
 0.461999999999534 0.865000000001601 0.504000000000815 0.483000000000175 0.43999999999869 0.519000000000233 0.457999999998719 0.456999999998516 0.485999999997148 0.443999999995867
 0 0 0 0 0 0 0 0 0 0
 0 0 0 0 0 0 0 0 0 0
 7.17400000000271 7.83100000000195 7.27499999999782 7.97199999999793 7.78500000000349 7.95000000000437 7.51400000000285 8.26399999999558 7.36799999999494 7.75100000000384
 0.0210000000000008 0.0180000000000007 0.0279999999999916 0.0319999999999965 0.0180000000000007 0.0240000000000009 0.0210000000000008 0.0339999999999918 0.0219999999999914 0.0160000000000053
 6.27700000000186 6.93600000000151 6.39700000000084 7.05600000000049 6.89899999999761 7.0460000000021 6.64300000000003 7.34700000000157 6.48700000000099 6.87299999999959
 0 0 0 0 0 0 0 0 0 0
 0 0 0 0 0 0 0 0 0 0
 381.795999999998 374.852999999999 392.968000000001 381.952000000001 383.388999999996 387.947 389.833999999995 380.369000000006 377.152999999998 384.599999999999
 1.14100000000001 1.11799999999999 1.13900000000001 1.28099999999999 1.11499999999999 1.048 1.075 1.32600000000001 1.05600000000001 1.08799999999999
 337.716 331.126 348.146000000001 338.404999999999 337.976000000002 342.327000000001 344.554999999997 337.497000000003 332.938000000002 339.978000000003
 0 0 0 0 0 0 0 0 0 0
 0 0 0 0 0 0 0 0 0 0
