V1 V2 V3 V4 V5 V6 V7 V8 V9 V10
sam 2.73199999999633 2.54000000000087 2.46600000000035 2.56500000000233 3.23500000000058 2.63300000000163 2.51899999999296 3.7019999999975 2.84099999999307 2.62199999999575
geode 0 0 0 0 0 0 0 0 0 0
ref 2.7339999997057 2.54000000003725 2.46900000004098 2.56700000027195 3.23799999989569 2.63500000024214 2.52099999971688 3.70399999991059 2.84400000004098 2.62600000016391
infog 0 0 0 0 0 0 0 0 0 0
func 0 0 0 0 0 0 0 0 0 0
EFSIS 0.977000000006228 0.895000000004075 0.864999999997963 1.45799999999872 0.910000000003492 0.900999999998021 0.860000000000582 1.39699999999721 1.04900000000634 0.90400000000227
 0 0 0 0 0 0 0 0 0 0
 0.976999999955297 0.895999999716878 0.86699999962002 1.45899999979883 0.910000000149012 0.901999999769032 0.860000000335276 1.3980000000447 1.04900000011548 0.902999999932945
 0 0 0 0 0 0 0 0 0 0
 0 0 0 0 0 0 0 0 0 0
 3.06399999999849 3.02500000000146 2.95899999999529 2.87200000000303 2.98200000000361 3.90899999999965 3.79900000000634 3.37700000000041 3.44799999999668 3.37399999999616
 0.000999999999997669 0 0.00300000000000011 0.0130000000000052 0.00399999999999778 0 0.00300000000000011 0.00800000000000267 0 0.00199999999999534
 2.20700000040233 2.21800000034273 2.08600000012666 1.99399999994785 2.09199999971315 3.03800000017509 2.9429999999702 2.41699999989942 2.61199999973178 2.51599999982864
 0 0 0 0 0 0 0 0 0 0
 0 0 0 0 0 0 0 0 0 0
 0.657999999995809 0.966999999996915 0.455000000001746 0.453999999997905 0.455999999998312 0.442000000002736 0.769999999996799 0.428999999996449 0.434999999997672 0.449000000000524
 0 0 0 0 0 0 0 0 0 0
 0.658000000286847 0.967999999877065 0.455000000074506 0.453000000212342 0.456000000238419 0.442999999970198 0.770999999716878 0.429000000003725 0.433000000193715 0.449000000022352
 0 0 0 0 0 0 0 0 0 0
 0 0 0 0 0 0 0 0 0 0
 8.00200000000041 7.78400000000693 7.11099999999715 7.71399999999994 8.02199999999721 8.24500000000262 8.56399999999849 9.27599999999802 8.1339999999982 7.72099999999773
 0.000999999999997669 0 0.00399999999999778 0.0130000000000052 0.00399999999999778 0 0.00300000000000011 0.00800000000000267 0 0.00199999999999534
 7.14899999974295 6.97899999981746 6.24299999978393 6.83900000015274 7.13700000010431 7.37800000002608 7.71100000012666 8.32099999999627 7.29699999978766 6.86599999992177
 0 0 0 0 0 0 0 0 0 0
 0 0 0 0 0 0 0 0 0 0
 392.512999999999 389.899999999994 393.743000000002 387.057000000001 387.120000000003 393.508000000002 396.404999999999 379.499000000003 381.509999999995 388.834000000003
 0.152000000000001 0.175000000000004 0.256999999999998 0.271000000000001 0.125999999999998 0.177 0.119 0.302999999999997 0.132000000000005 0.158000000000001
 352.794999999925 346.978000000119 354.112999999896 343.658999999985 343.407000000123 351.554000000004 353.602999999654 337.838999999687 338.56799999997 345.875
 0 0 0 0 0 0 0 0 0 0
 0 0 0 0 0 0 0 0 0 0
