V1 V2 V3 V4 V5 V6 V7 V8 V9 V10
sam 3.8190000000177 3.73299999989104 4.41300000005867 3.85999999998603 3.84699999995064 3.92500000004657 3.89599999994971 3.8760000000475 3.78800000005867 3.90100000007078
geode 0.0370000000111759 0.0359999999927823 0.0420000000012806 0.036999999996624 0.0370000000111759 0.0370000000111759 0.0380000000004657 0.036999999996624 0.0360000000073342 0.036999999996624
ref 3.85800000000745 3.7730000000447 4.45899999979883 3.89999999990687 3.88800000026822 3.96400000015274 3.93800000008196 3.91600000020117 3.82700000004843 3.93999999994412
infog 0 0 0 0 0 0 0 0 0 0
func 0 0 0 0 0 0 0 0 0 0
EFSIS 0.849000000045635 0.833000000100583 0.850999999907799 0.864000000059605 0.889999999897555 0.87699999997858 0.929000000003725 1.40500000002794 0.836999999941327 0.918999999994412
 0.0089999999909196 0.00800000000162981 0.00900000000547152 0.00800000000162981 0.0089999999909196 0.0079999999870779 0.0100000000093132 0.0140000000101281 0.00800000000162981 0.00999999999476131
 0.861000000033528 0.841000000014901 0.860000000335276 0.871999999973923 0.899999999906868 0.884999999776483 0.938999999780208 1.41999999992549 0.845999999903142 0.927999999839813
 0 0 0 0 0 0 0 0 0 0
 0 0 0 0 0 0 0 0 0 0
 3.44699999992736 3.42900000000373 3.25700000009965 3.41200000001118 3.98400000005495 3.42499999993015 3.74100000003818 3.30099999997765 3.52000000001863 3.55699999991339
 0.0380000000004657 0.0319999999919673 0.036999999996624 0.0509999999922002 0.0460000000020955 0.0390000000043074 0.0359999999927823 0.0439999999944121 0.036999999996624 0.0400000000081491
 2.09499999973923 2.14000000013039 2.0109999999404 2.07599999988452 2.66699999989942 2.1820000000298 2.57899999991059 2.07500000018626 2.39199999999255 2.44099999964237
 0 0 0 0 0 0 0 0 0 0
 0 0 0 0 0 0 0 0 0 0
 0.427000000025146 0.607999999891035 0.483999999938533 0.436999999918044 0.439000000013039 0.459000000031665 0.435999999986961 0.413999999989755 0.413999999989755 0.437000000034459
 0.00400000000081491 0.00600000000849832 0.00400000000081491 0.00400000000081491 0.00400000000081491 0.00500000000465661 0.00400000000081491 0.00400000000081491 0.00400000000081491 0.00400000000081491
 0.428000000305474 0.614000000059605 0.489000000059605 0.439000000245869 0.442000000271946 0.464000000152737 0.441000000108033 0.416999999899417 0.41800000006333 0.441000000108033
 0 0 0 0 0 0 0 0 0 0
 0 0 0 0 0 0 0 0 0 0
 8.97400000004563 9.11999999999534 9.45700000005309 9.00600000005215 9.5899999999674 9.125 9.42700000002515 9.42700000002515 8.97700000007171 9.23200000007637
 0.0940000000118744 0.0869999999995343 0.0979999999981374 0.103999999992084 0.100000000005821 0.0930000000080327 0.0930000000080327 0.103000000002794 0.0890000000072177 0.0950000000011642
 7.67900000000373 7.8910000002943 8.27499999990687 7.72399999992922 8.33000000007451 7.93800000008196 8.32599999988452 8.26399999996647 7.90599999995902 8.17499999981374
 0 0 0 0 0 0 0 0 0 0
 0 0 0 0 0 0 0 0 0 0
 477.836999999941 472.982999999891 478.851999999955 473.592999999993 485.856000000029 478.880000000005 480.589999999967 465.013000000035 468.113000000012 472.476999999955
 4.81399999999849 4.77699999998731 4.82800000000861 4.96100000001024 4.86900000000605 4.77700000000186 4.84399999999732 4.89500000000407 4.6929999999993 4.71099999999569
 417.595999999903 413.378999999724 417.083000000101 413.648000000045 426.132000000216 422.228999999817 421.194000000134 412.262000000104 413.70100000035 415.722000000067
 0 0 0 0 0 0 0 0 0 0
 0 0 0 0 0 0 0 0 0 0
