V1 V2 V3 V4 V5 V6 V7 V8 V9 V10
sam 2.44499999999971 2.41800000000012 2.77100000000019 2.41400000000021 2.76099999999997 2.59799999999996 2.55000000000018 2.41600000000017 3.16800000000012 2.4680000000003
geode 0.01400000000001 0.025999999999982 0.0319999999999823 0.032999999999987 0.0300000000000011 0.0209999999999866 0.0310000000000059 0.0319999999999823 0.0860000000000127 0.0220000000000198
ref 2.46000000000004 2.44599999999991 2.80399999999963 2.44999999999982 2.79300000000012 2.62100000000009 2.58399999999983 2.45099999999957 3.25599999999986 2.49400000000014
infog 0 0 0 0 0 0 0 0 0 0
func 0 0 0 0 0 0 0 0 0 0
EFSOS 0.822000000000116 0.865999999999985 0.860999999999876 0.831000000000131 0.83199999999988 0.858000000000175 0.871000000000095 0.815999999999804 0.826000000000022 0.805999999999585
EFSIS 0.0240000000000009 0.0190000000000055 0.021000000000015 0.0190000000000055 0.0190000000000055 0.0200000000000102 0.0159999999999911 0.0200000000000102 0.0219999999999914 0.0480000000000018
 0.847000000000207 0.885999999999967 0.884000000000015 0.850000000000364 0.851999999999862 0.878999999999905 0.888000000000375 0.83600000000024 0.84900000000016 0.853999999999814
 0 0 0 0 0 0 0 0 0 0
 0 0 0 0 0 0 0 0 0 0
 2.16000000000031 2.11599999999999 3.15800000000036 2.03899999999976 2.08699999999999 2.73599999999988 2.16100000000006 1.99000000000024 2.10100000000011 2.28800000000001
 0.0129999999999768 0.0120000000000005 0.0999999999999943 0.00800000000000978 0.00600000000000023 0.0769999999999982 0.0120000000000005 0.00999999999999091 0.00899999999998613 0.00999999999999091
 2.17399999999998 2.12800000000016 3.26099999999997 2.04799999999977 2.09500000000025 2.81500000000005 2.17499999999973 2.0010000000002 2.11099999999988 2.30000000000018
 0 0 0 0 0 0 0 0 0 0
 0 0 0 0 0 0 0 0 0 0
 0.446999999999662 0.445999999999913 0.420999999999822 0.434000000000196 0.458000000000084 0.434000000000196 0.460000000000036 0.431999999999789 0.436999999999898 0.510999999999967
 0 0.00100000000000477 0.00100000000000477 0 0.00100000000000477 0.00399999999999068 0 0.00100000000000477 0.00300000000001432 0.00200000000000955
 0.449000000000069 0.449000000000069 0.422000000000025 0.434999999999945 0.457999999999629 0.438999999999851 0.460000000000036 0.434999999999945 0.440000000000055 0.51299999999992
 0 0 0 0 0 0 0 0 0 0
 0 0 0 0 0 0 0 0 0 0
 6.24299999999994 6.23799999999983 7.57300000000032 6.08200000000033 6.51200000000017 6.99600000000009 6.42399999999998 6.03900000000021 6.94300000000021 6.44599999999991
 0.0509999999999877 0.0579999999999927 0.155000000000001 0.0600000000000023 0.0560000000000116 0.126000000000005 0.0589999999999975 0.0629999999999882 0.121000000000009 0.0820000000000221
 6.29899999999998 6.30099999999993 7.73500000000013 6.14699999999993 6.57299999999987 7.1279999999997 6.48799999999983 6.10799999999972 7.06899999999996 6.53400000000011
 0 0 0 0 0 0 0 0 0 0
 0 0 0 0 0 0 0 0 0 0
 28.674 27.0929999999998 27.1709999999998 27.7869999999998 27.6969999999997 27.7420000000002 27.0230000000001 27.6639999999998 27.8220000000001 27.3910000000001
 1.95600000000002 1.785 2.00299999999999 2.06399999999999 2.05599999999998 2.00099999999998 1.88400000000001 1.78900000000002 2.06199999999998 1.95099999999999
 40.1900000000001 37.7249999999999 37.806 39.3299999999999 38.2990000000004 38.7740000000003 39.029 38.0619999999999 38.6120000000001 47.9569999999999
 407.483999999997 387.438999999998 374.171999999999 406.434000000001 382.018000000004 375.451000000001 409.303 370.103999999999 381.212999999996 357.662000000004
 47.5489999999991 34.3860000000004 35.3850000000002 46.3979999999992 33.3550000000014 44.6440000000002 48.637999999999 33.0390000000007 34.851999999999 336.136
