V1 V2 V3 V4 V5 V6 V7 V8 V9 V10
sam 2.935 2.77199999999999 2.89200000000005 2.69699999999989 2.56500000000005 2.52400000000011 3.09400000000005 3.10300000000007 2.375 2.57700000000023
geode 0.031 0 0.0110000000000001 0 0 0.000999999999999446 0 0 0.00100000000000122 0
ref 2.968 2.77499999999998 2.90700000000004 2.69900000000007 2.56899999999996 2.52700000000004 3.096 3.10500000000002 2.37899999999991 2.57899999999972
infog 0 0 0 0 0 0 0 0 0 0
func 0 0 0 0 0 0 0 0 0 0
EFSIS 1.31 0.823000000000036 0.912000000000035 0.86200000000008 0.904999999999973 0.90300000000002 0.851000000000113 0.847999999999956 0.837999999999738 0.847999999999956
 0.022 0.016 0.0180000000000002 0.0149999999999997 0.0179999999999998 0.0199999999999996 0.0240000000000009 0.0210000000000008 0.0199999999999996 0.020999999999999
 1.351 0.841000000000008 0.930999999999926 0.877999999999929 0.922000000000025 0.923999999999978 0.875 0.871000000000095 0.860000000000127 0.871000000000095
 0 0 0 0 0 0 0 0 0 0
 0 0 0 0 0 0 0 0 0 0
 3.426 2.74599999999998 3.24399999999991 3.63699999999994 3.1389999999999 3.06600000000003 2.93499999999995 2.87300000000005 2.84500000000025 3.45399999999972
 0.382 0.00299999999999967 0.0259999999999998 0.016 0.0080000000000009 0.0120000000000005 0.00300000000000011 0.0120000000000005 0.00300000000000011 0.000999999999999446
 2.612 1.875 2.37100000000009 2.65700000000015 2.23099999999999 2.11500000000001 1.96000000000004 1.94700000000012 1.9079999999999 2.56700000000001
 0 0 0 0 0 0 0 0 0 0
 0 0 0 0 0 0 0 0 0 0
 0.440000000000001 0.430999999999983 0.476999999999975 0.465999999999894 0.461999999999989 0.470000000000027 0.471000000000004 0.434000000000196 0.438999999999851 0.443000000000211
 0 0 0.0089999999999999 0.00999999999999979 0 0.00799999999999912 0.00300000000000011 0 0 0.00300000000000011
 0.441000000000003 0.430000000000007 0.48599999999999 0.475999999999885 0.461999999999989 0.477000000000089 0.47400000000016 0.434999999999945 0.440000000000055 0.447999999999865
 0 0 0 0 0 0 0 0 0 0
 0 0 0 0 0 0 0 0 0 0
 8.497 7.13299999999998 7.94299999999998 8.04999999999995 8.02500000000009 7.34400000000005 7.7199999999998 7.65000000000009 6.83699999999999 7.72200000000021
 0.435 0.02 0.0640000000000001 0.0409999999999995 0.0330000000000004 0.0409999999999986 0.0300000000000011 0.0330000000000013 0.0240000000000009 0.0259999999999998
 7.757 6.28199999999998 7.11199999999997 7.09800000000018 7.14599999999996 6.42400000000021 6.77500000000009 6.75 5.92599999999993 6.86499999999978
 0 0 0 0 0 0 0 0 0 0
 0 0 0 0 0 0 0 0 0 0
 375.823 394.236 381.421 362.133 384.339 372.766 368.741 359.83 356.211 365.981
 1.334 1.161 1.421 1.905 1.778 1.419 1.201 1.352 1.04 1.05
 332.536 350.489 336.167 318.484 340.398 328.489 323.724 316.374 312.184 322.118
 0 0 0 0 0 0 0 0 0 0
 0 0 0 0 0 0 0 0 0 0
