V1 V2 V3 V4 V5 V6 V7 V8 V9 V10
sam 4.316 3.15199999999999 3.09400000000005 2.64200000000005 2.26299999999992 2.28500000000008 2.30199999999991 0 2.24299999999994 2.34799999999996
geode 0.04 0.00099999999999989 0 0.185999999999979 0.150999999999954 0.128000000000043 0.0999999999999091 7.02999999999997 0.142000000000053 0.158999999999878
ref 4.358 3.15600000000001 3.09699999999998 2.83100000000013 2.41600000000017 2.41699999999992 2.4050000000002 2.51200000000017 2.38800000000083 2.50900000000001
infog 0 0 0 0 0 0 0 0 0 0
func 0 0 0 0 0 0 0 0 0 0
EFSOS 1.504 0.862000000000023 0.942999999999984 0.280999999999949 0.77800000000002 0.81899999999996 0.824000000000069 0 0.77599999999984 0.630000000000109
EFSIS 0.0239999999999999 0.0190000000000001 0.0249999999999999 6.66200000000003 0.0690000000000737 0.0539999999999736 0.0490000000000919 38.995 0.0660000000000309 5.35699999999997
 1.535 0.882000000000005 0.968999999999937 10.1469999999999 0.84900000000016 0.871999999999844 0.873000000000047 76.0239999999999 0.841999999999643 9.87100000000009
 0 0 0 0 0 0 0 0 0 0
 0 0 0 0 0 0 0 0 0 0
 2.215 1.98200000000003 2.13 1.99300000000005 2.06400000000008 2.01499999999987 1.98299999999995 0 1.86900000000014 0.420999999999822
 0.052 0.00099999999999989 0.00099999999999989 0.24799999999999 0.136999999999944 0.11099999999999 0.0919999999999845 0 0.117999999999938 1.27099999999996
 2.269 1.98400000000004 2.13200000000006 3.14599999999996 2.20199999999977 2.12700000000041 2.07600000000002 2.45600000000013 1.98799999999937 2.23199999999997
 0 0 0 0 0 0 0 0 0 0
 0 0 0 0 0 0 0 0 0 0
 0.437999999999999 0.505999999999972 0.447999999999979 0.513999999999896 0.410999999999831 0.408000000000129 0.412000000000035 0 0.41399999999976 0.41800000000012
 0.001 0.00900000000000034 0.00300000000000011 0.0439999999999827 0.02800000000002 0.0300000000000864 0.0240000000000009 0 0.0270000000000437 0.02800000000002
 0.439 0.515999999999963 0.451000000000022 0.559000000000196 0.438999999999851 0.438999999999851 0.438000000000102 4.71099999999979 0.440000000000509 0.447000000000116
 0 0 0 0 0 0 0 0 0 0
 0 0 0 0 0 0 0 0 0 0
 8.882 6.89600000000002 7.00500000000011 5.803 5.86400000000003 5.88599999999997 5.875 0 5.654 4.17100000000028
 0.117 0.0300000000000002 0.0310000000000001 7.16699999999997 0.408000000000015 0.340000000000032 0.277999999999906 46.025 0.375 6.83899999999994
 9.012 6.93200000000002 7.04199999999992 17.0840000000001 6.27700000000004 6.23099999999977 6.15900000000011 86.0720000000001 6.03400000000056 15.4369999999999
 0 0 0 0 0 0 0 0 0 0
 0 0 0 0 0 0 0 0 0 0
 358.043 367.463 156.535 281.927 297.739 301.276 235.266 220.166 248.559 246.169
 1.512 1.279 493.686 134.56 18.4079999999999 14.596 230.27 212.314 213.843 201.495
 359.85 369.041 980.548 489.394 316.399 316.125 617.661 574.213 583.549 584.572
 0 0 0 0 0 0 0 0 0 0
 0 0 0 0 0 0 0 0 0 0
