V1 V2 V3 V4 V5 V6 V7 V8 V9 V10
sam 2.33799999999974 2.30500000000029 2.43199999999706 2.47300000000178 2.33399999999892 3.52000000000044 2.91900000000169 2.7489999999998 2.31899999999951 2.52500000000146
geode 0.00200000000006639 0.00200000000006639 0.00200000000006639 0.00699999999994816 0.00199999999995271 0.00300000000004275 0.00200000000006639 0.00499999999999545 0.00199999999995271 0.00199999999995271
ref 2.34200000000055 2.3080000000009 2.43499999999767 2.48300000000017 2.33699999999953 3.52699999999822 2.92299999999886 2.75700000000143 2.32200000000012 2.52799999999843
infog 0 0 0 0 0 0 0 0 0 0
func 0 0 0 0 0 0 0 0 0 0
EFSOS 0.827999999997701 0.820999999999913 0.846000000001368 0.847999999998137 0.827000000001135 1.08699999999953 1.12199999999939 1.03199999999924 0.801000000003114 0.870999999999185
EFSIS 0.0169999999999391 0.0169999999999391 0.0179999999999154 0.0200000000000955 0.0170000000000528 0.0199999999999818 0.02699999999993 0.0230000000000246 0.0170000000000528 0.0199999999999818
 0.845000000001164 0.838999999999942 0.865000000001601 0.868000000002212 0.84400000000096 1.10699999999997 1.15000000000146 1.05600000000049 0.820999999999913 0.891999999999825
 0 0 0 0 0 0 0 0 0 0
 0 0 0 0 0 0 0 0 0 0
 2.33000000000175 1.92299999999886 2.1150000000016 2.11200000000099 1.9320000000007 2.3080000000009 2.55999999999767 2.43500000000131 1.98299999999654 2.14500000000044
 0.0330000000000155 0.00200000000006639 0.00999999999999091 0.00899999999990087 0.00300000000004275 0.00200000000006639 0.00300000000004275 0.00700000000006185 0.00199999999995271 0.00300000000004275
 2.36599999999817 1.92799999999988 2.12700000000041 2.12299999999959 1.93699999999808 2.31100000000151 2.56599999999889 2.4429999999993 1.98500000000058 2.15000000000146
 0 0 0 0 0 0 0 0 0 0
 0 0 0 0 0 0 0 0 0 0
 0.422999999998865 0.407000000002881 0.419999999998254 0.438999999998487 0.430000000000291 0.501000000000204 0.503000000000611 0.510999999998603 0.408000000003085 0.41899999999805
 0.0109999999999673 0.000999999999976353 0.00900000000001455 0.0080000000000382 0 0.000999999999976353 0 0.00299999999992906 0.000999999999976353 0
 0.434000000001106 0.406999999999243 0.429000000000087 0.44800000000032 0.430000000000291 0.501999999996769 0.503000000000611 0.514999999999418 0.408999999999651 0.419999999998254
 0 0 0 0 0 0 0 0 0 0
 0 0 0 0 0 0 0 0 0 0
 6.27199999999721 5.82700000000114 6.20599999999831 6.24300000000221 5.88799999999901 7.83299999999872 7.54300000000148 7.14600000000064 5.87900000000081 6.32900000000154
 0.0629999999999882 0.0220000000000482 0.0389999999999873 0.0439999999999827 0.0220000000000482 0.0260000000000673 0.0320000000000391 0.0380000000000109 0.0219999999999345 0.0249999999999773
 6.33899999999994 5.85300000000279 6.25 6.29200000000128 5.91400000000067 7.86599999999817 7.58099999999831 7.19099999999889 5.90599999999904 6.35899999999674
 0 0 0 0 0 0 0 0 0 0
 0 0 0 0 0 0 0 0 0 0
 310.642000000003 314.958999999999 317.631000000001 310.594999999998 352.793000000001 381.032999999999 382.852999999999 319.985000000001 327.538 328.651999999998
 1.56600000000003 1.61199999999997 1.62700000000007 1.56100000000004 1.44499999999994 1.46600000000001 1.85799999999995 2.23699999999997 1.22699999999998 1.40800000000002
 312.459000000003 316.823999999997 319.510999999999 312.406999999999 354.522000000001 382.803 385.017 322.480000000003 329.029999999999 330.325000000001
 0 0 0 0 0 0 0 0 0 0
 0 0 0 0 0 0 0 0 0 0
