V1 V2 V3 V4 V5 V6 V7 V8 V9 V10
sam 3.772 2.824 2.49799999999999 2.581 2.59 2.48600000000002 2.49299999999999 2.65699999999998 2.55399999999997 3.25999999999999
geode 0.133 0.028 0.0259999999999998 0.0299999999999994 0.0280000000000005 0.0500000000000007 0.032 0.0350000000000001 0.0420000000000016 0.0970000000000013
ref 3.909 2.855 2.526 2.613 2.62 2.53700000000003 2.52599999999995 2.69499999999999 2.59699999999998 3.36099999999999
infog 0 0 0 0 0 0 0 0 0 0
func 0 0 0 0 0 0 0 0 0 0
EFSOS 1.715 0.992000000000004 0.977000000000004 0.887 0.853999999999985 0.884999999999991 0.852000000000004 0.847000000000037 0.846000000000004 0.881000000000029
EFSIS 0.02 0.024 0.0199999999999996 0.016 0.0190000000000001 0.020999999999999 0.020999999999999 0.0200000000000014 0.0159999999999982 0.0229999999999997
 1.74 1.017 0.998000000000005 0.901999999999987 0.873999999999995 0.906999999999982 0.874000000000024 0.869000000000028 0.863 0.903999999999996
 0 0 0 0 0 0 0 0 0 0
 0 0 0 0 0 0 0 0 0 0
 2.316 2.453 3.21899999999999 2.767 2.428 2.16999999999999 2.453 2.637 2.55200000000002 2.56699999999995
 0.049 0.00599999999999978 0.103000000000001 0.0640000000000001 0.0359999999999996 0.0170000000000012 0.0609999999999999 0.0269999999999975 0.0139999999999993 0.0150000000000006
 2.366 2.461 3.324 2.83500000000001 2.46700000000001 2.18900000000002 2.51499999999999 2.66499999999996 2.56700000000001 2.584
 0 0 0 0 0 0 0 0 0 0
 0 0 0 0 0 0 0 0 0 0
 0.416 0.451000000000001 0.609999999999999 0.448000000000008 0.445000000000022 0.442000000000007 0.436999999999983 0.439999999999998 0.447999999999979 0.438000000000045
 0.011 0.0100000000000002 0.0110000000000001 0.000999999999999446 0.00999999999999979 0.0109999999999992 0.00999999999999979 0 0.0110000000000028 0.00799999999999912
 0.428000000000001 0.460999999999999 0.622 0.449999999999989 0.454999999999984 0.454000000000008 0.449000000000012 0.441000000000031 0.461000000000013 0.446000000000026
 0 0 0 0 0 0 0 0 0 0
 0 0 0 0 0 0 0 0 0 0
 8.82 7.625 7.83699999999999 7.048 6.67599999999999 6.86000000000001 6.59899999999999 6.94499999999999 6.79499999999996 7.536
 0.214 0.077 0.16 0.110999999999999 0.093 0.108000000000001 0.123999999999999 0.0830000000000002 0.083000000000002 0.143000000000001
 9.045 7.709 8.003 7.16499999999999 6.77500000000001 6.97200000000004 6.72799999999995 7.03500000000003 6.88199999999995 7.68600000000004
 0 0 0 0 0 0 0 0 0 0
 0 0 0 0 0 0 0 0 0 0
 28.261 26.822 27.452 26.246 25.242 26.848 26.179 25.322 25.779 25.826
 1.657 3.071 3.421 1.604 1.599 1.609 1.632 3.177 3.367 1.755
 40.123 48.846 50.251 37.604 37.271 37.99 37.5700000000001 48.307 48.324 37.088
 438.21 799.389 826.482 418.662 446.98 416.194 415.999 829.992 812.896000000001 415.228999999999
 37.674 75.699 81.995 40.569 38.514 39.492 40.413 81.013 80.489 40.201
