V1 V2 V3 V4 V5 V6 V7 V8 V9 V10
sam 2.54199999999764 2.60900000000038 2.36699999999837 2.64600000000064 2.40599999999904 2.54599999999846 2.75900000000183 2.57099999999991 3.43100000000049 2.6830000000009
geode 0.00100000000000477 0 0 0 0 0.00100000000000477 0 0 0 0
ref 2.5470000000023 2.61300000000119 2.36799999999857 2.64900000000125 2.40899999999965 2.5470000000023 2.76100000000224 2.57400000000052 3.43400000000111 2.68500000000131
infog 0 0 0 0 0 0 0 0 0 0
func 0 0 0 0 0 0 0 0 0 0
EFSIS 0.856999999999971 0.850999999998749 0.833000000002357 0.876000000000204 0.854999999999563 0.895000000000437 0.869999999998981 0.842000000000553 0.871999999999389 0.830999999998312
 0.0229999999999961 0.0180000000000007 0.0190000000000055 0.0180000000000007 0.0160000000000053 0.0250000000000057 0.0169999999999959 0.0180000000000007 0.0210000000000008 0.0219999999999914
 0.881999999997788 0.868999999998778 0.851999999998952 0.894999999996799 0.871999999999389 0.921999999998661 0.886999999998807 0.859999999996944 0.893000000000029 0.85399999999936
 0 0 0 0 0 0 0 0 0 0
 0 0 0 0 0 0 0 0 0 0
 2.98400000000038 3.56600000000253 2.81899999999951 3.24799999999959 2.95999999999913 3.40199999999822 3.26399999999921 3.10499999999956 3.0460000000021 3.16600000000108
 0.00400000000000489 0.00499999999999545 0.00100000000000477 0.0139999999999958 0.00199999999999534 0.00199999999999534 0.00100000000000477 0.012999999999991 0.00300000000000011 0.00200000000000955
 2.07900000000154 2.63600000000224 1.94000000000233 2.2970000000023 2.02500000000146 2.49599999999919 2.33399999999892 2.20500000000175 2.11299999999756 2.24699999999939
 0 0 0 0 0 0 0 0 0 0
 0 0 0 0 0 0 0 0 0 0
 0.43999999999869 0.457999999998719 0.44999999999709 0.503000000000611 0.496000000002823 0.453000000001339 0.470000000001164 0.462999999999738 0.66899999999805 0.486000000000786
 0 0.00300000000000011 0 0 0 0 0 0 0.00200000000000955 0.000999999999990564
 0.43999999999869 0.460999999999331 0.450999999997293 0.504000000000815 0.495999999999185 0.453000000001339 0.470000000001164 0.462999999999738 0.672000000002299 0.489000000001397
 0 0 0 0 0 0 0 0 0 0
 0 0 0 0 0 0 0 0 0 0
 7.21699999999691 7.89400000000023 6.82300000000032 7.68800000000192 7.0679999999993 7.66200000000026 7.78000000000247 7.39600000000064 8.59100000000035 7.56600000000253
 0.0280000000000058 0.0259999999999962 0.0200000000000102 0.0319999999999965 0.0180000000000007 0.0280000000000058 0.0180000000000007 0.0309999999999917 0.0260000000000105 0.0259999999999962
 6.34200000000055 6.9890000000014 5.96600000000035 6.7599999999984 6.15499999999884 6.78399999999965 6.87100000000282 6.51699999999983 7.68600000000151 6.67599999999948
 0 0 0 0 0 0 0 0 0 0
 0 0 0 0 0 0 0 0 0 0
 365.416000000001 356.260999999999 369.892 371.348999999998 370.638999999999 374.620999999999 386.127 376.359 375.823 372.531999999999
 1.21899999999999 1.184 1.11499999999999 1.318 1.22 1.262 1.092 1.247 1.214 1.292
 321.652000000002 311.728999999999 324.593999999997 327.600000000002 326.021000000001 329.508000000002 341.416999999998 332.537 332.063999999998 328.636000000002
 0 0 0 0 0 0 0 0 0 0
 0 0 0 0 0 0 0 0 0 0
