V1 V2 V3 V4 V5 V6 V7 V8 V9 V10
sam 3.07799999999997 2.52800000000025 2.5300000000002 2.48299999999972 2.48900000000003 3.08500000000004 2.56700000000001 2.46599999999989 2.46900000000005 3.05700000000024
geode 0.0910000000000082 0.0430000000000064 0.0250000000000057 0.0289999999999964 0.035000000000025 0.118000000000023 0.0229999999999961 0.0410000000000252 0.0380000000000109 0.039999999999992
ref 3.17200000000003 2.57400000000007 2.55700000000024 2.51299999999992 2.52599999999984 3.20499999999993 2.59100000000035 2.51000000000022 2.50799999999981 3.09999999999991
infog 0 0 0 0 0 0 0 0 0 0
func 0 0 0 0 0 0 0 0 0 0
EFSOS 0.825000000000045 0.846999999999753 0.850999999999658 0.821000000000367 0.851999999999862 0.851999999999862 0.869999999999891 0.816000000000258 0.842000000000098 1.04300000000012
EFSIS 0.0190000000000055 0.0199999999999818 0.0190000000000055 0.0269999999999868 0.0209999999999866 0.0209999999999866 0.0190000000000055 0.0169999999999959 0.0209999999999866 0.0320000000000107
 0.845000000000255 0.867999999999938 0.869999999999891 0.84900000000016 0.873000000000047 0.872000000000298 0.889999999999873 0.835000000000036 0.864000000000033 1.07700000000023
 0 0 0 0 0 0 0 0 0 0
 0 0 0 0 0 0 0 0 0 0
 2.05400000000009 2.59099999999989 2.18000000000029 2.15299999999979 2.20200000000023 2.13299999999981 2.63099999999986 2.19599999999991 2.07099999999991 2.07999999999993
 0.00999999999999091 0.0810000000000173 0.00399999999999068 0.00800000000000978 0.00499999999999545 0.0120000000000005 0.0989999999999895 0.0159999999999911 0.00600000000000023 0.01400000000001
 2.0659999999998 2.67399999999998 2.18600000000015 2.16199999999981 2.21000000000004 2.14799999999968 2.73299999999972 2.21299999999974 2.07799999999997 2.0949999999998
 0 0 0 0 0 0 0 0 0 0
 0 0 0 0 0 0 0 0 0 0
 0.423000000000002 0.425000000000182 0.427000000000135 0.436000000000149 0.449000000000069 0.430000000000291 0.429000000000087 0.58199999999988 0.442000000000007 0.423999999999978
 0 0.00899999999998613 0.00300000000001432 0.00199999999998113 0 0 0.0109999999999957 0.0109999999999957 0.00800000000000978 0.00999999999999091
 0.423999999999978 0.434000000000196 0.429999999999836 0.438999999999851 0.449000000000069 0.430000000000291 0.439000000000306 0.592000000000098 0.449999999999818 0.434000000000196
 0 0 0 0 0 0 0 0 0 0
 0 0 0 0 0 0 0 0 0 0
 6.7639999999999 6.77700000000004 6.375 6.27999999999975 6.36099999999988 7.01099999999997 6.88599999999997 6.57900000000018 6.20399999999972 6.98600000000033
 0.120000000000005 0.153999999999996 0.0510000000000161 0.0669999999999789 0.0620000000000118 0.15100000000001 0.152999999999992 0.085000000000008 0.0730000000000075 0.0960000000000036
 6.88999999999987 6.9380000000001 6.43100000000004 6.35199999999986 6.42799999999988 7.16699999999992 7.04400000000032 6.67000000000007 6.28099999999995 7.08800000000019
 0 0 0 0 0 0 0 0 0 0
 0 0 0 0 0 0 0 0 0 0
 27.6230000000003 27.3540000000003 27.0700000000002 28.1440000000002 26.4730000000004 26.8209999999999 27.4459999999999 27.0719999999997 26.0210000000002 26.9169999999999
 1.91300000000001 2.148 2.05500000000001 7.23699999999999 2.012 2.10499999999999 2.08799999999999 2.11700000000002 2.12 2.065
 38.2310000000002 38.7829999999999 38.672 73.5999999999999 38.3450000000003 37.7379999999998 38.837 39.0599999999999 37.3620000000001 39.0830000000001
 380.769 402.489000000001 400.743999999999 1568.483 410.169000000002 383.730000000003 400.593999999997 412.504999999997 395.872000000003 423.057999999997
 32.9720000000002 46.4589999999998 45.9400000000001 180.814 46.1180000000004 33.7910000000002 47.0599999999995 45.2510000000002 46.8800000000001 46.5039999999999
