V1 V2 V3 V4 V5 V6 V7 V8 V9 V10
sam 3.34899999999971 2.73199999999997 5.03099999999995 4.35800000000017 4.63900000000012 2.65700000000015 3.2489999999998 2.79300000000057 2.94200000000001 2.55799999999908
geode 0 0 0 0 0.00199999999999889 0 0 0.000999999999997669 0 0
ref 3.35099999999966 2.73399999999947 5.04199999999946 6.01600000000053 5.2510000000002 2.65899999999965 3.2510000000002 2.79600000000028 2.94399999999951 2.56100000000151
infog 0 0 0 0 0 0 0 0 0 0
func 0 0 0 0 0 0 0 0 0 0
EFSIS 0.888000000000375 0.853000000000065 1.67399999999998 1.70700000000033 1.76499999999942 0.880000000000109 0.859000000000378 0.893000000000029 0.884000000000015 0.843000000000757
 0.0250000000000004 0.020999999999999 0.020999999999999 0.0169999999999995 0.0229999999999997 0.0190000000000019 0.0169999999999995 0.0210000000000008 0.0209999999999972 0.0180000000000007
 0.91399999999976 0.873999999999796 1.70600000000013 2.26299999999992 2.3159999999998 0.899000000000342 6.63000000000011 0.91399999999976 0.905000000000655 0.861999999999171
 0 0 0 0 0 0 0 0 0 0
 0 0 0 0 0 0 0 0 0 0
 3.27299999999968 3.42600000000039 3.99600000000009 3.6899999999996 4.77800000000025 3.66899999999987 3.17599999999948 3.36099999999988 3.51099999999951 3.4320000000007
 0.00399999999999956 0.00200000000000067 0.00200000000000067 0.0199999999999996 0.0069999999999979 0.00300000000000011 0.00300000000000011 0.0100000000000016 0.00300000000000011 0
 2.36800000000039 2.48199999999997 3.01000000000022 3.36700000000019 4.17299999999977 2.65599999999995 2.29500000000007 2.5 2.58099999999831 2.54900000000089
 0 0 0 0 0 0 0 0 0 0
 0 0 0 0 0 0 0 0 0 0
 0.45699999999988 0.453999999999724 0.809000000000196 0.449999999999818 0.851999999999862 0.481999999999971 0.446000000000822 0.497999999999593 0.756000000000313 0.469999999999345
 0 0 0 0 0 0 0 0 0 0.000999999999997669
 0.456999999999425 0.454999999999927 0.86200000000008 0.449999999999818 1.26500000000033 0.481999999999971 0.447000000000116 0.496999999999389 0.75800000000163 0.471999999999753
 0 0 0 0 0 0 0 0 0 0
 0 0 0 0 0 0 0 0 0 0
 8.36899999999969 7.8720000000003 12.1700000000001 10.5780000000004 12.8049999999994 8.10099999999966 8.12700000000041 7.95600000000013 8.72499999999945 7.65699999999924
 0.0289999999999999 0.0229999999999997 0.0229999999999997 0.036999999999999 0.0329999999999977 0.022000000000002 0.0199999999999996 0.032 0.0249999999999986 0.0189999999999984
 7.49299999999948 6.95200000000023 11.2799999999997 12.4700000000003 14.1469999999999 7.11099999999988 13.0210000000006 7.11899999999969 7.8179999999993 6.79900000000089
 0 0 0 0 0 0 0 0 0 0
 0 0 0 0 0 0 0 0 0 0
 408.079 568.282999999999 580.408 565.339 554.966 396.308 404.371 397.351000000001 383.718000000001 396.165000000001
 1.104 1.413 1.775 1.861 1.285 1.119 1.178 1.416 1.102 1.095
 363.615 588.496999999999 634.572 605.81 595.633000000001 383.909 467.24 424.588000000001 339.407999999999 358.733
 0 0 0 0 0 0 0 0 0 0
 0 0 0 0 0 0 0 0 0 0
