V1 V2 V3 V4 V5 V6 V7 V8 V9 V10
sam 2.937 2.465 2.45999999999999 2.55300000000001 3.136 2.49499999999998 2.43700000000001 2.952 2.50600000000003 2.49300000000005
geode 0.115 0.0129999999999999 0.024 0.032 0.0909999999999993 0.022000000000002 0.0190000000000019 0.0869999999999997 0.0129999999999981 0.046999999999997
ref 3.054 2.481 2.486 2.58699999999999 3.22900000000001 2.517 2.45700000000005 3.03999999999996 2.52100000000002 2.54100000000005
infog 0 0 0 0 0 0 0 0 0 0
func 0 0 0 0 0 0 0 0 0 0
EFSOS 1.29 0.866 0.890000000000001 0.86699999999999 0.856999999999999 0.866000000000014 0.876000000000005 0.846000000000004 1.39099999999996 0.831999999999994
EFSIS 0.0249999999999999 0.016 0.0249999999999995 0.0179999999999998 0.0169999999999995 0.0210000000000008 0.0199999999999996 0.0240000000000009 0.0800000000000018 0.0190000000000019
 1.553 0.882999999999996 0.915999999999997 0.885000000000019 0.873999999999995 0.88900000000001 0.895999999999958 0.870000000000005 1.47199999999998 0.851999999999975
 0 0 0 0 0 0 0 0 0 0
 0 0 0 0 0 0 0 0 0 0
 2.294 2.434 2.474 2.65400000000001 2.226 2.14699999999999 2.40299999999999 2.43299999999999 1.89400000000001 2.12
 0.0630000000000001 0.0209999999999999 0.0170000000000003 0.0129999999999999 0.00600000000000023 0.0159999999999982 0.0139999999999993 0.0150000000000006 0.0289999999999999 0.0210000000000008
 2.358 2.457 2.49299999999999 2.66999999999999 2.23400000000001 2.16500000000002 2.42099999999999 2.45000000000005 1.92399999999998 2.14100000000002
 0 0 0 0 0 0 0 0 0 0
 0 0 0 0 0 0 0 0 0 0
 0.417000000000002 0.436 0.439000000000007 0.429999999999993 0.449999999999989 0.450000000000017 0.437999999999988 0.417000000000002 0.41900000000004 0.444999999999993
 0.014 0.004 0.00800000000000001 0.00999999999999979 0.00999999999999979 0 0 0.00999999999999801 0.0120000000000005 0.00900000000000034
 0.430999999999997 0.440000000000005 0.446000000000012 0.439999999999998 0.45999999999998 0.449999999999989 0.438000000000045 0.427999999999997 0.432000000000016 0.456000000000017
 0 0 0 0 0 0 0 0 0 0
 0 0 0 0 0 0 0 0 0 0
 7.323 6.569 6.63500000000001 6.887 7.05799999999999 6.34099999999998 6.505 7.02199999999999 7.11000000000001 6.31100000000004
 0.219 0.0539999999999998 0.0739999999999998 0.0739999999999998 0.123999999999999 0.0590000000000011 0.0530000000000008 0.137 0.137999999999998 0.101999999999997
 7.784 6.629 6.71300000000001 6.96600000000001 7.18600000000001 6.40500000000003 6.56300000000005 7.16300000000001 7.25400000000002 6.41700000000003
 0 0 0 0 0 0 0 0 0 0
 0 0 0 0 0 0 0 0 0 0
 25.031 27.272 25.451 26.047 26.611 25.343 24.502 24.963 25.999 26.661
 1.564 3.486 1.609 4.873 8.287 1.714 1.524 1.633 1.595 2.048
 36.463 50.567 37.716 59.666 85.845 38.115 35.501 36.004 35.929 37.996
 414.86 811.922 461.363 1218.204 2123 445.226000000001 406.839 404.076999999999 362.658 396.858
 40.778 81.61 42.801 125.637 210.291 43.371 42.296 42.6279999999999 31.317 43.909
