@relation it16
@attribute AFFX-HUMGAPDH_M33197_M_at numeric
@attribute AC002045_xpt1_at numeric
@attribute AF002224_at numeric
@attribute D13897_rna2_at numeric
@attribute D13900_at numeric
@attribute D14686_at numeric
@attribute D28124_at numeric
@attribute D29956_at numeric
@attribute D43638_at numeric
@attribute D87673_at numeric
@attribute HG2525-HT2621_at numeric
@attribute HG2602-HT2698_at numeric
@attribute HG4460-HT4729_at numeric
@attribute J04823_rna1_at numeric
@attribute L02840_at numeric
@attribute L13923_at numeric
@attribute L17131_rna1_at numeric
@attribute L33243_at numeric
@attribute M18728_at numeric
@attribute M23379_at numeric
@attribute M33987_at numeric
@attribute M55593_at numeric
@attribute M60854_at numeric
@attribute M73547_at numeric
@attribute M79462_at numeric
@attribute M84526_at numeric
@attribute M96739_at numeric
@attribute M98539_at numeric
@attribute S69232_at numeric
@attribute S71824_at numeric
@attribute S76475_at numeric
@attribute S78296_at numeric
@attribute U07563_cds1_at numeric
@attribute U08998_at numeric
@attribute U10550_at numeric
@attribute U14391_at numeric
@attribute U17886_at numeric
@attribute U21936_at numeric
@attribute U23946_at numeric
@attribute U28963_at numeric
@attribute U37673_at numeric
@attribute U41737_at numeric
@attribute U50136_rna1_at numeric
@attribute U77604_at numeric
@attribute X15882_at numeric
@attribute X59656_at numeric
@attribute X63657_at numeric
@attribute X69150_at numeric
@attribute X69636_at numeric
@attribute X87241_at numeric
@attribute X94703_at numeric
@attribute X99050_rna1_at numeric
@attribute Y07604_at numeric
@attribute Z26317_at numeric
@attribute U22816_at numeric
@attribute D86974_at numeric
@attribute D43682_s_at numeric
@attribute M17863_s_at numeric
@attribute HG3925-HT4195_at numeric
@attribute HG4334-HT4604_s_at numeric
@attribute L25286_s_at numeric
@attribute X02875_s_at numeric
@attribute M14328_s_at numeric
@attribute M19878_s_at numeric
@attribute Y10141_s_at numeric
@attribute U31973_s_at numeric
@attribute S78693_f_at numeric
@attribute D17793_at numeric
@attribute L13943_at numeric
@attribute D64015_at numeric
@attribute Z17240_at numeric
@attribute CLASS {'0','1'}
@data
8194,334,71,157,1521,198,4384,284,309,500,110,79,-191,6377,383,802,3978,691,-36,828,-87,656,17858,972,48,-132,738,2623,-3,310,1325,1028,148,375,152,364,743,43,576,240,243,22,746,457,2262,-127,405,15330,47,152,-12,143,1079,-92,-10,7363,1148,527,66,75,85,89,9739,-9,853,-92,37,9,12,120,109,'0'
12461,322,336,227,1834,371,2933,87,704,632,385,263,585,2364,203,873,880,747,-15,663,60,1624,13525,834,75,-199,4709,1630,17,617,2199,1502,37,-252,194,651,270,84,692,674,60,-89,1455,1093,1733,-224,60,16089,499,153,-37,103,590,-404,-11,18584,2227,2041,87,56,40,52,2185,42,2137,-20,47,79,1,106,267,'0'
10398,314,559,179,1576,336,1773,128,537,506,490,140,-61,1900,114,539,379,1032,-122,626,98,3818,9909,1799,148,-255,1584,1793,-55,450,429,3494,-5,-189,130,399,209,142,713,543,344,13,276,575,3047,-201,132,7526,326,-31,-166,199,1487,-312,35,29351,2566,209,19,-15,41,5,1910,87,680,-87,75,-29,-31,264,110,'0'
15997,546,899,626,4500,893,3849,403,1176,785,1611,123,-193,6932,1894,483,1420,-1872,-305,1420,209,1274,17666,2104,257,-731,584,4240,-19,460,85,6093,-143,-931,73,905,276,158,473,1789,305,-384,2139,1735,263,-743,123,12129,432,54,-174,92,-241,-190,-3,19010,2968,365,149,114,-69,400,2078,931,813,-73,3,28,63,146,311,'0'
6733,281,283,462,2259,347,3007,186,562,654,332,84,171,2021,416,1563,1339,1129,-120,296,51,1814,10073,641,125,-214,689,5701,-28,603,4587,1566,-429,-125,311,669,286,143,884,697,516,-38,1080,940,9404,-263,150,8172,574,68,-76,222,421,-66,-35,39099,2570,1456,61,17,-2,168,2259,252,1546,-7,51,12,79,-53,61,'0'
8994,350,1151,833,2400,959,3579,263,1710,2110,230,378,93,3496,476,345,537,2038,-411,591,202,920,4653,844,405,-937,1003,2439,10,1710,4697,1929,-224,-1244,427,301,328,197,2017,1227,1024,-38,1710,1600,2696,-893,367,3529,580,-5,-301,317,937,-109,-43,78252,4543,624,131,158,38,548,2017,5,20926,-142,65,98,-71,268,235,'0'
14250,258,903,664,1556,167,983,205,254,998,607,182,-7,1196,167,360,440,1021,-429,615,193,1340,10149,296,174,-550,4719,1378,-186,592,880,1758,-516,-470,144,489,201,170,569,820,413,-136,922,748,2513,-584,197,13366,539,330,-356,151,451,-182,-18,22016,3037,2361,387,-193,37,311,417,284,1321,-37,159,-34,22,144,375,'0'
14108,362,914,656,4492,457,4135,373,1949,2138,1245,520,-105,3284,362,436,362,2254,-446,819,194,814,8092,1923,388,-215,1250,4498,-105,914,1418,2138,378,-683,819,1355,31,-120,693,746,709,-152,2827,1896,425,-625,120,5848,483,-73,-15,-15,646,-1255,-10,18538,3473,415,162,136,183,294,2837,52,11471,-5,63,131,63,373,1261,'0'
9965,749,335,195,1375,409,962,86,154,1567,499,92,-356,2686,329,495,1280,1156,-56,829,43,1630,15401,1137,396,-250,8881,3020,0,692,1830,4400,-396,-261,174,336,51,93,660,646,475,-42,2467,1287,1505,-446,120,14907,590,338,-17,109,1182,134,19,8156,1217,270,140,19,36,357,4660,-12,301,-99,58,26,27,248,170,'0'
9920,144,386,349,1075,627,820,75,96,1135,576,7,-306,1879,225,146,868,845,-137,390,-45,722,17668,488,24,-202,4316,2874,-52,488,1275,1481,-374,-18,105,363,79,70,522,471,-103,-85,1204,721,363,-86,339,13596,285,154,5,110,1308,-232,-29,6950,848,501,65,-82,-7,119,2357,4,980,-198,202,48,52,237,56,'0'
12821,118,336,181,1815,706,3704,133,517,330,163,19,-145,2226,49,451,328,801,-34,517,47,3158,12740,1748,90,-83,1723,2260,-91,568,307,3668,206,-90,287,308,428,26,598,582,405,-31,1630,500,1360,-122,226,7359,141,-31,-5,78,906,-63,17,11836,1868,279,149,61,-14,198,3899,-3,690,-33,59,62,22,3,67,'0'
16550,117,291,390,1104,92,473,191,168,316,374,13,-64,2794,376,73,3254,30,-191,510,41,325,8736,501,131,-147,730,416,-78,864,104,1127,-228,-57,164,390,187,175,598,647,748,-76,610,432,367,-265,131,14324,348,150,32,83,1125,-385,80,9852,1939,201,41,69,94,120,1809,-4,635,-20,94,-32,275,182,305,'0'
6997,434,5674,783,2720,508,5049,529,1344,709,1333,190,1100,158,169,1037,222,2064,-232,1355,656,21,4785,910,423,-910,1005,1344,-74,857,2392,1736,-719,-201,349,-285,84,-21,508,772,508,-74,772,1831,1090,-677,592,3387,1079,21,-338,508,-656,-1439,275,31780,4287,391,698,52,116,275,2032,84,207050,42,52,444,137,52,751,'0'
19660,771,6908,2892,3169,544,3135,125,704,100,645,41,1626,3269,293,452,2129,2179,-343,788,-16,1903,5105,1643,335,-612,3697,2179,-75,670,2154,2858,-880,50,276,578,285,67,-176,729,184,-50,846,1400,1827,-779,553,2380,829,746,-8,67,-536,-301,209,22435,2523,326,-33,-108,125,268,4066,-8,930,-117,-117,-318,368,486,486,'0'
16260,197,592,354,2732,643,2497,218,568,739,405,146,-165,4475,232,314,1441,1353,-208,784,48,456,12252,1673,106,-133,709,2103,141,1491,2233,1694,-45,-197,672,493,90,154,1315,605,621,29,1168,928,1665,-157,168,9458,381,0,-66,269,1804,-104,61,22228,1449,483,264,154,-109,149,2767,-42,12444,10,82,312,53,32,-21,'0'
11815,440,4800,5113,1679,253,1679,127,312,546,285,54,1651,1025,340,65,1164,898,-119,427,73,1499,10398,405,307,-323,4805,2144,-111,538,2321,2318,-263,-141,157,389,0,127,353,152,329,-81,2051,917,1425,-326,266,7314,495,92,-108,89,772,-171,35,6476,1708,321,29,-87,-21,446,1110,-13,5347,68,122,149,81,165,190,'0'
18355,391,681,459,2713,638,4164,207,324,1654,-135,111,43,3632,860,565,459,899,-174,328,67,619,6582,3671,183,-575,333,1185,-183,2350,2292,3023,58,-353,116,512,275,241,386,725,715,145,1209,1702,-222,-120,454,6810,203,48,-343,309,275,-590,116,20716,3284,488,125,-19,-9,125,2249,256,3419,-62,256,207,29,512,237,'0'
9586,117,522,205,1814,107,1643,-32,351,479,134,154,-199,3651,304,323,1868,734,-218,640,-115,389,12787,767,111,-265,4165,1671,-53,833,3124,1759,-62,-132,115,347,353,139,218,709,636,42,895,537,1176,-169,57,14178,257,-21,-19,199,2684,-126,-19,20807,1343,387,156,-104,64,254,1088,175,1131,-79,57,66,57,139,102,'0'
13847,286,416,174,2270,619,6113,82,387,777,-218,32,-64,2613,-27,1086,550,1061,-147,528,64,2427,10352,1564,98,-369,3311,1124,-106,465,140,4378,-130,-262,104,380,282,57,133,492,309,25,1401,924,2659,-165,121,6931,211,6,22,172,1259,-45,-38,12756,2549,155,15,123,5,225,3203,3,601,-72,1,104,13,25,250,'0'
7728,251,361,249,2150,215,1899,112,1290,554,256,46,24,3156,575,312,1331,1743,41,989,43,359,12093,863,151,-408,5095,700,-14,910,2375,1277,-103,20,157,462,355,121,966,666,1140,18,1436,1241,1676,-241,228,7483,393,-3,-101,185,1178,-237,119,25625,2360,280,-16,-24,-39,162,2596,84,1028,-18,108,-56,-24,136,333,'0'
11829,666,300,163,1545,615,3571,334,1060,1168,440,37,-117,4695,223,524,1733,811,-88,839,78,1609,14452,1333,71,-146,4549,1850,39,773,1934,1159,-57,239,1102,721,478,82,762,717,187,-20,2707,1084,4443,-279,239,13147,501,570,11,158,920,-289,64,5917,1903,418,120,394,318,230,10279,101,907,-6,63,142,89,236,542,'0'
9412,534,1100,1402,2995,915,5103,307,702,1556,453,419,391,2183,935,557,369,2679,-576,389,285,1357,6901,1682,-64,-251,3289,5058,-47,870,3292,2696,-400,-593,363,792,254,285,1520,1201,755,-78,3174,1374,2536,-977,277,5688,708,95,-260,165,1013,-783,176,30417,4633,515,638,335,439,495,2642,179,1836,-120,-50,128,72,204,282,'0'
7448,1029,461,87,2828,1658,4447,417,1716,1015,675,-5,-268,2153,380,855,108,546,70,1365,-222,6161,14033,3180,275,-86,6607,2160,1,1363,358,9246,216,-316,746,953,263,65,879,1216,742,-73,1960,1539,3689,-159,235,9300,662,98,-31,156,149,34,99,6689,2723,570,57,98,164,251,4897,-158,360,-142,115,-9,36,412,551,'0'
9821,749,402,358,2625,244,2636,267,1754,579,602,89,-75,5693,110,539,2421,1768,-50,901,57,1511,14068,1340,357,-113,7704,3789,-40,563,4364,4002,128,116,250,617,407,66,1113,817,322,-39,2800,1009,5351,-15,396,14987,534,258,-7,76,1062,-10,79,22291,1924,4960,37,-31,323,232,7783,-78,1747,-21,41,9,51,761,390,'0'
15077,289,582,427,2412,260,675,54,1333,540,88,-47,-37,3624,197,106,1457,1455,81,394,74,245,12606,783,121,-227,5242,3542,-4,610,1499,2866,107,-7,222,263,335,54,636,455,564,57,1019,579,656,-151,113,13425,316,113,-69,62,1221,-40,10,24278,1545,157,-14,96,66,142,3388,83,1743,29,-51,-12,56,126,-2,'0'
16378,352,372,816,1828,499,2518,229,116,405,576,81,6,3411,1288,413,4466,673,-115,1420,61,1496,11121,882,127,-231,660,1821,102,823,1989,4081,-65,169,619,492,417,5,1830,1036,623,-122,1547,706,2336,-173,144,5825,406,199,-79,94,373,-163,104,19454,5163,469,72,156,169,101,4355,111,8572,-13,-49,20,40,229,244,'0'
10091,249,507,291,1975,389,1986,-27,383,382,-103,63,-179,1738,213,425,579,568,-39,108,41,2145,13805,814,159,-231,1204,1926,-50,568,92,1582,52,-260,68,306,229,115,427,450,387,-90,1419,441,1843,-90,-10,8116,97,56,-132,72,1140,202,-86,9086,1441,217,306,83,-38,119,2725,45,208,-168,-32,130,-57,30,144,'0'
11419,392,378,475,2011,353,2306,152,126,880,298,82,5,1970,456,328,481,1458,-60,1024,-17,2160,17178,1074,171,-126,13637,3826,38,725,3815,2917,12,-137,73,335,230,67,942,698,319,25,4838,697,1724,-65,133,13902,576,166,20,57,544,-147,21,18668,2391,1051,97,-10,34,281,2306,8,1145,-36,28,44,-8,150,291,'0'
12637,600,177,137,933,32,1095,86,830,500,306,34,-112,2641,100,428,1205,1036,28,632,7,1071,17788,779,84,-142,4049,1677,34,572,1599,3097,34,17,148,307,439,62,244,529,464,-10,2221,694,1456,-32,106,17229,498,166,79,59,694,147,27,10716,791,517,91,0,42,43,3999,-21,1871,-27,17,14,36,160,200,'0'
11579,608,159,239,1841,692,2399,252,455,656,225,84,-89,5298,356,315,4291,1284,-11,958,50,757,12149,1148,106,-168,484,933,33,718,446,2746,256,100,275,290,331,39,477,556,580,-80,868,1040,304,-133,194,12065,659,296,68,192,1189,-158,56,11111,2037,369,102,91,33,148,3919,-65,1294,23,52,130,33,418,348,'0'
12041,1283,7382,6994,6332,1916,6847,407,1326,833,593,-75,635,6216,448,352,2876,1969,195,1931,92,973,8363,1446,296,-183,7972,2995,10,448,1144,1766,76,-954,2500,963,258,57,1069,545,698,-306,4516,1700,1654,-64,1151,4037,888,154,-64,200,-1219,-6,142,9096,824,366,205,56,50,922,4597,-191,32569,-73,109,165,77,374,541,'0'
11933,320,5768,2443,1716,274,1469,135,884,198,419,118,267,624,310,165,815,1089,-49,838,267,1040,9076,723,-26,-260,6359,1733,95,505,5956,4655,-452,-353,89,406,303,250,406,498,591,-3,1178,752,2090,-310,122,7921,749,237,-36,198,-85,-125,141,20121,1677,993,132,-29,19,280,1522,105,1366,300,155,42,-108,313,617,'0'
15249,187,241,-90,335,210,924,94,45,212,-54,-38,-6,4059,19,477,2076,193,11,274,29,368,14124,648,67,-114,222,315,65,237,188,354,119,206,1200,362,495,7,202,613,98,15,374,462,3305,-118,108,14561,203,990,56,180,1485,334,43,21666,2798,171,-40,310,-28,46,8797,97,347,-4,21,43,-16,43,89,'1'
1629,77,-80,234,1488,623,2029,65,1470,553,196,194,-92,4110,18,509,1329,373,8,405,-164,797,16378,1106,226,-119,7915,1322,53,397,908,1542,-85,55,174,574,98,21,367,419,-414,-87,1394,1161,492,-476,154,18704,232,214,-97,214,159,-139,16,5395,1054,248,33,-315,127,130,7832,139,164,-93,88,-6,-6,222,-1,'1'
22192,113,175,443,1763,239,1466,0,79,224,297,113,8,7629,146,301,3549,419,-31,377,-19,616,14869,366,130,42,212,692,42,552,195,645,-210,106,97,288,297,57,394,352,326,11,552,880,1275,-248,95,8776,119,86,6,28,2027,144,31,19193,1202,215,8,37,-24,64,2420,42,683,-6,-42,-13,-15,86,159,'1'
10329,248,-18,125,222,9,1087,46,-33,-248,-177,332,-259,3674,59,289,2013,573,-97,342,95,1256,15585,269,20,-811,609,1267,-145,362,153,962,-54,323,-37,312,97,-9,547,371,61,173,611,646,545,-443,106,18245,-145,-28,145,302,2211,-332,-13,13461,1523,362,177,-46,3,476,1476,74,428,-5,31,-63,7,-74,-48,'1'
12848,-203,11768,5331,3469,50,1455,152,-44,260,190,114,-438,3603,317,260,1887,851,101,381,0,1080,3615,101,196,-196,1067,1105,82,381,2579,127,-565,209,292,571,521,127,25,819,-222,177,139,1054,438,-533,324,4092,235,679,-508,-88,3291,1455,57,15047,2999,419,6,324,120,826,3170,-177,-76,-19,-25,-184,-95,374,393,'1'
20279,91,229,88,1277,66,685,43,624,474,31,66,91,3678,72,144,4027,246,17,477,84,732,14103,311,47,-178,655,640,37,675,282,3040,47,88,56,191,200,55,575,417,91,-105,498,329,568,-18,94,14822,237,114,57,30,1710,249,44,15816,1264,123,85,137,-37,15,4963,378,368,-1,46,-21,36,31,71,'1'
26603,273,621,328,1180,144,1502,64,958,317,170,84,-184,3984,117,279,1778,779,-37,326,-73,299,11545,412,26,-299,619,954,44,288,268,1374,193,179,59,246,219,37,419,392,681,35,921,410,892,-177,-2,6593,219,348,57,33,1351,-73,-2,27415,1061,586,-17,-57,19,93,2697,279,2623,13,-28,-24,95,-53,195,'1'
11607,689,265,163,769,-5,1738,143,518,843,234,-4,-257,3248,286,301,1265,563,-23,483,-29,446,17750,481,104,-119,3139,1978,33,255,1094,313,55,-40,631,445,497,105,243,283,-273,53,860,309,1527,-67,195,15364,257,409,13,74,1756,-32,2,5356,645,863,-46,-40,35,190,7284,15,728,-119,26,73,15,211,231,'1'
14255,136,146,43,401,-59,458,67,5,275,-46,17,-129,1037,78,72,4048,182,-114,135,52,330,20828,258,3,-146,330,608,80,189,67,487,-51,60,111,118,242,-4,165,345,-153,8,292,476,360,-107,27,22274,160,102,-46,11,398,27,12,5684,1089,209,17,31,4,142,1914,66,216,-19,38,15,41,81,131,'1'
12015,265,497,240,1415,472,734,46,208,418,347,-23,-88,4294,144,172,3204,967,-25,172,55,1239,17961,515,62,-146,2337,1463,-5,420,1649,370,155,-200,39,253,273,-42,471,542,156,25,791,621,609,-258,48,16744,234,136,-39,53,2299,33,7,10467,1021,235,-10,248,3,101,7636,87,600,-22,26,-24,-1,13,337,'1'
11845,174,241,118,1764,155,856,105,102,249,121,79,-52,4084,90,337,4502,258,-4,362,-35,943,15258,463,69,49,744,1726,18,262,128,279,408,312,745,594,633,21,176,263,129,28,326,393,631,31,128,15501,302,26,18,37,1392,105,-8,5053,942,89,32,97,37,27,10044,8,337,-11,20,25,39,91,0,'1'
12776,596,539,239,3183,-72,4222,225,2511,492,248,36,-527,10567,835,243,5682,978,-76,1855,-191,762,15560,1518,375,-196,1725,1152,18,480,688,5966,339,-234,287,129,817,26,1704,280,1378,61,1978,1120,1756,69,319,14802,943,2057,376,518,1005,-22,28,4928,1381,709,4,451,-39,118,8573,16,2574,-118,103,54,151,484,-53,'1'
18405,260,170,164,1260,178,556,56,724,278,-3,32,-7,1273,78,147,1346,935,-50,423,33,235,18829,370,136,-110,3281,378,18,881,444,1707,120,10,56,180,167,21,303,316,260,75,492,316,540,96,27,15568,147,38,33,123,1338,4,-27,9744,1061,132,124,110,-27,24,2796,44,221,-16,15,-52,35,43,58,'1'
10757,124,91,184,876,100,1275,35,177,470,-68,-6,-218,4367,264,245,3698,-14,18,404,28,603,17280,584,85,-230,561,727,45,322,208,881,45,135,411,294,627,104,386,386,-43,24,720,894,643,-49,136,15920,278,150,102,95,564,-54,-9,4478,1405,164,46,101,5,47,7515,35,5448,16,14,40,-6,100,274,'1'
8890,187,271,69,1273,25,1374,11,-57,141,265,-43,40,508,103,112,1568,872,-34,664,109,909,9142,730,83,72,1773,1276,92,990,834,3489,280,-72,213,297,43,98,465,450,46,-135,1337,101,1169,17,-20,7371,349,387,40,132,361,-23,-5,2824,1216,112,-2,254,2,115,4948,335,574,-14,-25,-49,-60,196,98,'1'
14345,970,609,491,3046,1050,2125,130,1258,926,464,-47,-254,4280,529,402,725,5097,26,609,20,876,7957,1731,-127,-313,2622,28826,0,899,1734,2456,384,50,65,556,479,-17,236,1059,606,139,1657,885,920,-20,-23,6912,630,408,-14,263,793,-390,-103,45770,3537,1237,-47,476,-8,35,3892,769,834,59,20,-2,-124,-79,88,'1'
