V1 V2 V3 V4 V5 V6 V7 V8 V9 V10
sam 2.48200000000043 2.46499999999969 2.61099999999988 2.54300000000057 2.15599999999995 2.14699999999993 2.35899999999947 2.16600000000017 2.23700000000008 2.34599999999955
geode 0 0 0 0 0 0 0 0 0 0.00300000000000011
ref 2.48299999999972 2.46500000000015 2.61299999999983 2.54400000000032 2.15700000000015 2.14900000000034 2.36100000000079 2.16800000000057 2.23900000000049 2.35100000000057
infog 0 0 0 0 0 0 0 0 0 0
func 0 0 0 0 0 0 0 0 0 0
EFSIS 1.30399999999963 0.760000000000218 0.713999999999942 0.728000000000065 0.769999999999527 0.744999999999891 0.751000000000204 0.720000000000255 0.740000000000691 0.733000000000175
 0.00999999999999979 0.0130000000000017 0.0129999999999999 0.0119999999999987 0.0129999999999981 0.0159999999999982 0.0109999999999992 0.0130000000000017 0.0110000000000028 0.0129999999999981
 1.31600000000026 0.774999999999636 0.728000000000065 0.739999999999782 0.783999999999651 0.760999999999513 0.761999999999716 0.734999999999673 0.751999999999498 0.746000000000095
 0 0 0 0 0 0 0 0 0 0
 0 0 0 0 0 0 0 0 0 0
 2.69800000000032 3.23599999999988 2.37700000000041 2.42099999999937 2.58600000000024 2.49200000000019 3.15499999999975 2.78799999999956 2.93099999999959 2.72500000000036
 0.000999999999999446 0.00300000000000011 0.00400000000000134 0.00100000000000122 0.00100000000000122 0.00100000000000122 0.0390000000000015 0.041999999999998 0.0259999999999998 0.0240000000000009
 1.71099999999979 2.36500000000024 1.45299999999997 1.48599999999988 1.63799999999992 1.59400000000005 2.25699999999961 1.90700000000015 1.97600000000057 1.83299999999963
 0 0 0 0 0 0 0 0 0 0
 0 0 0 0 0 0 0 0 0 0
 0.344000000000051 0.347999999999956 0.317999999999302 0.351999999999862 0.349999999999454 0.346999999999753 0.346000000000458 0.327000000000226 0.385999999999513 0.410999999999149
 0.00300000000000011 0 0.00399999999999956 0 0.000999999999997669 0 0.00499999999999901 0.00700000000000145 0.0069999999999979 0.00600000000000023
 0.347000000000207 0.348999999999705 0.324000000000069 0.352000000000317 0.351000000000568 0.347999999999956 0.353000000000065 0.333999999999833 0.394999999999527 0.417000000000371
 0 0 0 0 0 0 0 0 0 0
 0 0 0 0 0 0 0 0 0 0
 7.15000000000009 7.11799999999994 6.3100000000004 6.32300000000032 6.14999999999964 6.01999999999953 6.91899999999987 6.28300000000036 6.6190000000006 6.53499999999985
 0.0139999999999993 0.0160000000000018 0.0210000000000008 0.0129999999999999 0.014999999999997 0.0169999999999995 0.0549999999999997 0.0620000000000012 0.0440000000000005 0.0459999999999994
 6.17899999999963 6.26400000000012 5.4069999999997 5.40100000000029 5.22000000000025 5.14000000000033 6.04000000000087 5.42600000000039 5.6850000000004 5.66999999999916
 0 0 0 0 0 0 0 0 0 0
 0 0 0 0 0 0 0 0 0 0
 353.242 341.34 322.397 339.423 322.758 349.681 332.822 328.631 348.888 334.331999999999
 0.834 0.819999999999999 0.81 1.171 1.377 1.352 1.537 1.562 1.426 1.706
 307.042 295.548 277.52 293.855 277.466 304.027 287.718999999999 284.421 302.098 290.352000000001
 0 0 0 0 0 0 0 0 0 0
 0 0 0 0 0 0 0 0 0 0
