V1 V2 V3 V4 V5 V6 V7 V8 V9 V10
sam 2.58199999999852 2.35900000000038 2.52100000000064 2.25200000000041 2.60699999999997 2.44000000000233 2.35699999999997 2.47499999999854 2.63300000000163 2.47199999999793
geode 0.00899999999998613 0 0 0 0.00199999999999534 0 0 0 0 0
ref 2.59200000000055 2.36000000000058 2.52299999999741 2.25500000000102 2.61300000000119 2.44300000000294 2.35699999999997 2.47499999999854 2.63500000000204 2.47500000000218
infog 0 0 0 0 0 0 0 0 0 0
func 0 0 0 0 0 0 0 0 0 0
EFSIS 0.816999999999098 0.763000000002648 0.756999999997788 0.754000000000815 0.791999999997643 0.775999999998021 0.739999999997963 0.734000000000378 0.793000000001484 0.745999999999185
 0.0130000000000052 0.0190000000000055 0.0190000000000055 0.012999999999991 0.0139999999999958 0.00799999999999557 0.0160000000000053 0.0130000000000052 0.0130000000000052 0.0160000000000053
 0.830000000001746 0.783999999999651 0.778000000002066 0.766999999999825 0.807000000000698 0.784999999999854 0.757999999997992 0.747999999999593 0.806000000000495 0.760999999998603
 0 0 0 0 0 0 0 0 0 0
 0 0 0 0 0 0 0 0 0 0
 2.96500000000015 2.76800000000003 3.04200000000128 2.5779999999977 3.25700000000143 3.47200000000157 2.77600000000166 3.3739999999998 3.10099999999875 2.88600000000224
 0.019999999999996 0.000999999999990564 0.00699999999999079 0.00100000000000477 0.00500000000000966 0.0139999999999958 0.00199999999999534 0.0190000000000055 0.00199999999999534 0.0130000000000052
 1.9900000000016 1.85200000000259 2.0779999999977 1.63300000000163 2.29399999999805 2.54299999999785 1.87900000000081 2.44300000000294 2.13400000000183 1.95499999999811
 0 0 0 0 0 0 0 0 0 0
 0 0 0 0 0 0 0 0 0 0
 0.390999999999622 0.364999999997963 0.355999999999767 0.380000000001019 0.39600000000064 0.391999999999825 0.343999999997322 0.334999999999127 0.386999999998807 0.397000000000844
 0.007000000000005 0 0.007000000000005 0.00100000000000477 0 0.007000000000005 0 0.00699999999999079 0.00500000000000966 0.00600000000000023
 0.399999999997817 0.365999999998166 0.364000000001397 0.380999999997584 0.397000000000844 0.399000000001251 0.34400000000096 0.340999999996711 0.390999999999622 0.40400000000227
 0 0 0 0 0 0 0 0 0 0
 0 0 0 0 0 0 0 0 0 0
 7.09000000000015 6.56800000000294 7.01499999999942 6.26699999999983 7.3739999999998 7.40700000000288 6.54499999999825 7.22399999999834 7.78700000000026 6.83899999999994
 0.0489999999999924 0.019999999999996 0.0330000000000013 0.0150000000000006 0.0210000000000008 0.0289999999999964 0.0180000000000007 0.0390000000000015 0.0230000000000103 0.0350000000000108
 6.14699999999721 5.67500000000291 6.08199999999852 5.33899999999994 6.4320000000007 6.49800000000323 5.66699999999764 6.31399999999849 6.84500000000116 5.9320000000007
 0 0 0 0 0 0 0 0 0 0
 0 0 0 0 0 0 0 0 0 0
 341.555 351.543999999998 342.502 347.651000000002 351.166999999998 339.892 344.996999999999 338.798000000003 355.168000000001 342.470999999998
 1.542 1.122 1.51000000000001 1.295 0.936999999999998 0.921999999999997 0.805999999999997 1.342 1.29799999999999 1.687
 295.695000000003 305.274999999998 297.163 301.275000000001 304.899999999998 293.441999999999 298.995999999999 293.608 308.218000000001 297.721000000001
 0 0 0 0 0 0 0 0 0 0
 0 0 0 0 0 0 0 0 0 0
