V1 V2 V3 V4 V5 V6 V7 V8 V9 V10
sam 2.60599999999977 2.49499999999989 3.14099999999962 2.3110000000006 2.48800000000119 2.66600000000108 2.61799999999857 2.5010000000002 2.30500000000029 2.29600000000028
geode 0 0 0.00900000000000034 0.00499999999999901 0.000999999999997669 0 0.0120000000000005 0.00200000000000244 0.00199999999999534 0
ref 2.60999999999967 2.4980000000005 3.15300000000025 2.31800000000021 2.49200000000019 2.66600000000017 2.63299999999981 2.50399999999991 2.30999999999949 2.29799999999886
infog 0 0 0 0 0 0 0 0 0 0
func 0 0 0 0 0 0 0 0 0 0
EFSIS 0.752000000000407 0.765000000000327 0.77100000000064 0.756999999999607 0.77599999999984 0.78899999999885 0.715000000000146 0.76299999999901 0.786000000000058 0.707000000000335
 0.0219999999999985 0.0229999999999997 0.0109999999999992 0.0100000000000016 0.0129999999999981 0.00999999999999801 0.0140000000000029 0.00999999999999801 0.0190000000000055 0.0159999999999982
 0.773000000000138 0.78899999999976 0.780999999999949 0.766999999999825 0.78899999999976 0.800999999999476 0.729000000000269 0.773999999999432 0.805000000000291 0.722999999999956
 0 0 0 0 0 0 0 0 0 0
 0 0 0 0 0 0 0 0 0 0
 3.19899999999961 2.84400000000005 2.74799999999959 2.83100000000013 2.94499999999971 3.27400000000125 2.32600000000093 3.02000000000044 2.59999999999854 2.73400000000038
 0.0130000000000017 0.00400000000000134 0.022000000000002 0.0219999999999985 0.00100000000000477 0.0380000000000038 0.00999999999999801 0.00200000000000244 0.0169999999999959 0.0129999999999981
 2.29399999999987 1.93900000000031 1.82099999999991 1.95399999999972 1.98700000000008 2.3730000000005 1.45699999999943 2.08600000000024 1.64300000000003 1.82200000000012
 0 0 0 0 0 0 0 0 0 0
 0 0 0 0 0 0 0 0 0 0
 0.354000000000269 0.36200000000008 0.380000000000109 0.358000000000175 0.412000000000262 0.393000000000029 0.338999999999942 0.382999999999811 0.3700000000008 0.340000000000146
 0.00700000000000145 0 0.00700000000000145 0 0 0.00600000000000023 0.00799999999999557 0 0.0069999999999979 0
 0.36200000000008 0.36200000000008 0.38799999999992 0.359999999999673 0.411999999999352 0.398999999999432 0.347999999999956 0.382999999999811 0.377000000000407 0.341000000000349
 0 0 0 0 0 0 0 0 0 0
 0 0 0 0 0 0 0 0 0 0
 7.21699999999964 6.80199999999968 7.35699999999997 6.58900000000085 6.93599999999969 7.44399999999951 6.28999999999905 7.53700000000026 6.36099999999897 6.40000000000146
 0.0429999999999993 0.027000000000001 0.049000000000003 0.036999999999999 0.0150000000000006 0.054000000000002 0.0439999999999969 0.0189999999999984 0.0449999999999946 0.0289999999999964
 6.34699999999975 5.92399999999998 6.46100000000024 5.72999999999956 5.99699999999939 6.5619999999999 5.45899999999983 6.62199999999939 5.43499999999949 5.50699999999961
 0 0 0 0 0 0 0 0 0 0
 0 0 0 0 0 0 0 0 0 0
 351.571000000001 351.367 333.411 340.714999999999 343.373000000001 312.931 331.684000000001 337.779999999999 348.01 329.786
 1.401 1.499 1.609 1.665 0.784999999999997 1.342 1.09 1.297 1.477 1.666
 306.382000000001 305.38 288.621999999999 295.258 296.983 267.447 286.659 292.437000000001 301.837000000001 286.116
 0 0 0 0 0 0 0 0 0 0
 0 0 0 0 0 0 0 0 0 0
