V1 V2 V3 V4 V5 V6 V7 V8 V9 V10
sam 3.96599999999853 3.35800000000017 3.77000000000044 3.84700000000157 3.34799999999814 3.33699999999953 3.32900000000154 3.37199999999939 3.58100000000195 3.25500000000102
geode 0 0.00200000000000955 0.0010000000000332 0.000999999999976353 0.00200000000000955 0 0 0 0.0010000000000332 0.0010000000000332
ref 3.96899999992456 3.36399999994319 3.77399999997579 3.85100000002421 3.3519999999553 3.3410000000149 3.33200000005309 3.37400000006892 3.58600000001024 3.25699999998324
infog 0 0 0 0 0 0 0 0 0 0
func 0 0 0 0 0 0 0 0 0 0
EFSIS 0.740000000001601 0.75 0.75800000000163 1.26399999999921 0.72700000000259 0.743000000002212 0.736000000000786 0.747999999999593 0.76299999999901 0.71900000000096
 0.0010000000000332 0 0 0.000999999999976353 0 0.0029999999999859 0.000999999999976353 0 0 0
 0.741000000038184 0.75 0.758000000030734 1.26500000001397 0.728000000002794 0.744999999995343 0.738999999943189 0.748999999952503 0.76300000003539 0.721000000019558
 0 0 0 0 0 0 0 0 0 0
 0 0 0 0 0 0 0 0 0 0
 2.23499999999876 2.56400000000212 2.52299999999741 2.3739999999998 2.39899999999761 2.96399999999994 2.395999999997 2.59500000000116 3.09500000000116 2.3169999999991
 0.000999999999976353 0.0010000000000332 0.00200000000000955 0.0010000000000332 0.0029999999999859 0.00200000000000955 0.00200000000000955 0.00399999999996226 0.000999999999976353 0.00899999999995771
 1.40599999995902 1.51800000004005 1.68900000001304 1.53800000005867 1.53000000002794 1.92100000008941 1.52599999995437 1.7730000000447 2.22399999992922 1.48399999993853
 0 0 0 0 0 0 0 0 0 0
 0 0 0 0 0 0 0 0 0 0
 0.354999999999563 0.325999999997293 0.337999999999738 0.334000000002561 0.340000000000146 0.331999999998516 0.327000000001135 0.318999999999505 0.340000000000146 0.338999999999942
 0 0 0 0 0 0 0 0 0 0
 0.354000000050291 0.326000000000931 0.336999999941327 0.33399999991525 0.339999999967404 0.332999999984168 0.328000000095926 0.31899999990128 0.339999999967404 0.341000000014901
 0 0 0 0 0 0 0 0 0 0
 0 0 0 0 0 0 0 0 0 0
 7.64199999999983 7.30900000000111 7.72699999999895 8.14900000000125 7.11999999999898 7.68600000000151 7.09500000000116 7.34100000000035 8.1050000000032 6.93000000000029
 0.00200000000000955 0.00300000000004275 0.00300000000004275 0.0029999999999859 0.00499999999999545 0.00499999999999545 0.0029999999999859 0.00399999999996226 0.00200000000000955 0.00999999999999091
 6.81599999999162 6.26800000004005 6.89599999994971 7.31800000008661 6.25499999988824 6.65099999995437 6.23300000000745 6.5230000000447 7.23999999999069 6.10300000000279
 0 0 0 0 0 0 0 0 0 0
 0 0 0 0 0 0 0 0 0 0
 373.671999999999 397.186000000002 405.403000000002 397.106 372.736000000001 375.585999999999 370.630000000001 381.312999999998 382.839999999997 396.629000000001
 0.33299999999997 0.337999999999965 0.302999999999997 0.32099999999997 0.30400000000003 0.302999999999997 0.311000000000035 0.305000000000007 0.295000000000016 0.641999999999996
 330.92499999993 354.964999999967 361.428000000073 353.635000000009 329.715000000084 332.743000000017 329.535999999964 337.222999999998 338.429000000004 353.662999999942
 0 0 0 0 0 0 0 0 0 0
 0 0 0 0 0 0 0 0 0 0
