V1 V2 V3 V4 V5 V6 V7 V8 V9 V10
sam 2.34399999999994 2.34299999999996 2.35199999999998 2.91899999999998 2.37600000000009 2.37199999999996 2.29099999999994 2.82500000000005 2.52200000000005 2.2700000000001
geode 0.0319999999999965 0.0210000000000008 0.0259999999999962 0.103999999999999 0.0189999999999984 0.0289999999999964 0.0309999999999988 0.0959999999999965 0.0169999999999959 0.036999999999999
ref 2.37700000000007 2.36500000000001 2.38 3.02500000000009 2.39700000000005 2.40200000000004 2.32299999999987 2.92399999999998 2.54200000000014 2.30899999999997
infog 0 0 0 0 0 0 0 0 0 0
func 0 0 0 0 0 0 0 0 0 0
EFSOS 0.744000000000028 0.764999999999986 1.12900000000002 0.744000000000028 0.774999999999977 0.767000000000053 0.744000000000028 0.728999999999928 1.35900000000004 0.753999999999905
EFSIS 0.017000000000003 0.0150000000000006 0.0150000000000006 0.0180000000000007 0.0159999999999982 0.0180000000000007 0.0140000000000029 0.0190000000000055 0.0690000000000026 0.0190000000000055
 0.760999999999967 0.782000000000039 1.14499999999998 0.761999999999944 0.791999999999916 0.786000000000058 0.759000000000015 0.74799999999982 1.42999999999984 0.774000000000115
 0 0 0 0 0 0 0 0 0 0
 0 0 0 0 0 0 0 0 0 0
 1.96699999999998 1.97500000000002 2.38999999999999 1.8069999999999 2.28899999999999 1.91499999999996 1.88499999999999 1.79900000000009 1.76199999999994 1.8420000000001
 0.0139999999999958 0.0159999999999982 0.0150000000000006 0.0100000000000051 0.0750000000000028 0.0110000000000028 0.0140000000000029 0.0129999999999981 0.0510000000000019 0.00799999999999557
 1.98300000000006 1.99199999999996 2.40700000000004 1.81900000000007 2.36500000000001 1.92699999999991 1.90100000000007 1.81400000000008 1.8130000000001 1.85099999999989
 0 0 0 0 0 0 0 0 0 0
 0 0 0 0 0 0 0 0 0 0
 0.350000000000023 0.344000000000051 0.337999999999965 0.340000000000032 0.346000000000004 0.36099999999999 0.350000000000023 0.34599999999989 0.350999999999999 0.356999999999971
 0.00800000000000267 0.0069999999999979 0.00600000000000023 0 0.00999999999999801 0.00799999999999557 0.00999999999999801 0.00600000000000023 0 0
 0.3599999999999 0.350999999999999 0.344000000000051 0.340999999999894 0.355999999999995 0.369000000000028 0.3599999999999 0.352000000000089 0.350999999999885 0.357000000000198
 0 0 0 0 0 0 0 0 0 0
 0 0 0 0 0 0 0 0 0 0
 5.71100000000001 5.75699999999995 6.53099999999995 6.13099999999997 6.08900000000006 5.74000000000001 5.58799999999997 6.00800000000004 6.33300000000008 5.55400000000009
 0.070999999999998 0.0589999999999975 0.0619999999999976 0.135000000000005 0.120999999999995 0.0659999999999954 0.0690000000000026 0.134 0.137999999999998 0.0640000000000001
 5.78700000000003 5.82000000000005 6.59799999999996 6.27100000000007 6.21500000000003 5.80900000000008 5.66099999999983 6.14699999999993 6.47600000000011 5.62200000000007
 0 0 0 0 0 0 0 0 0 0
 0 0 0 0 0 0 0 0 0 0
 22.174 22.5310000000001 21.846 21.7329999999999 22.2670000000001 22.0379999999999 21.01 20.6659999999999 20.5659999999999 23.8449999999999
 1.873 1.673 1.781 1.937 1.836 1.829 1.745 1.789 1.837 2.036
 32.658 33.523 32.0150000000001 31.3629999999999 32.409 32.3610000000001 31.6110000000001 31.3709999999999 30.011 34.941
 369.313 391.640000000001 359.112999999999 339.328 357.062 371.280000000001 368.666999999999 368.573 331.031999999999 381.793000000001
 41.98 40.6569999999999 40.784 27.3150000000001 41.309 40.6740000000001 42.2909999999999 39.6800000000001 31.0119999999999 44.6510000000001
