V1 V2 V3 V4 V5 V6 V7 V8 V9 V10
sam 2.96399999999994 2.44999999999709 2.25299999999697 5.0460000000021 3.50799999999435 4.72000000000116 3.91900000000169 2.47299999999814 3.90699999999924 3.85599999999977
geode 0.000999999999976353 0.000999999999976353 0.000999999999976353 0.000999999999976353 0.000999999999976353 0.000999999999976353 0.000999999999976353 0.000999999999976353 0.000999999999976353 0.00100000000020373
ref 2.96899999999732 2.45299999999406 2.25500000000466 5.81200000000536 3.58399999998801 6.28699999999662 3.9429999999993 2.47599999999511 3.93600000000151 5
infog 0 0 0 0 0 0 0 0 0 0
func 0 0 0 0 0 0 0 0 0 0
EFSIS 0.735999999997148 0.752999999996973 0.752000000000407 1.87299999999959 1.25800000000163 1.10100000000239 1.7039999999979 1.41700000000128 2.38800000000629 1.45999999999913
 0 0.01299999999992 0 0.00300000000015643 0.000999999999976353 0.000999999999976353 0.000999999999976353 0.00199999999995271 0.00299999999992906 0.000999999999976353
 0.736000000004424 0.76600000000326 0.754000000000815 2.18999999998778 1.27599999999802 1.13899999999558 1.77099999999336 1.42300000000978 2.39400000000023 2
 0 0 0 0 0 0 0 0 0 0
 0 0 0 0 0 0 0 0 0 0
 2.59100000000035 2.82400000000052 2.71600000000035 6.13199999999779 3.50799999999435 3.54299999999785 3.82299999999668 5.39500000000407 5.05899999999383 3.61100000000442
 0.00299999999992906 0.000999999999976353 0.00400000000013279 0.000999999999976353 0.00299999999992906 0.00199999999995271 0.000999999999976353 0.00400000000013279 0.00999999999999091 0.01299999999992
 1.71099999999569 1.95500000000175 1.82399999999325 5.46100000001024 2.59200000000419 2.77199999999721 2.71099999999569 3.72099999999045 3.59200000000419 3.28100000000268
 0 0 0 0 0 0 0 0 0 0
 0 0 0 0 0 0 0 0 0 0
 0.332000000002154 0.379000000000815 0.343999999997322 0.728000000002794 0.560000000004948 0.620000000002619 0.54599999999482 0.936999999998079 0.906000000002678 0.627000000000407
 0 0.000999999999976353 0 0.000999999999976353 0 0 0 0 0 0
 0.33200000000943 0.380999999993946 0.345000000001164 0.938999999998487 0.559999999997672 0.619000000006054 0.529000000009546 0.938999999998487 1.12299999999232 0.743999999991502
 0 0 0 0 0 0 0 0 0 0
 0 0 0 0 0 0 0 0 0 0
 6.93800000000192 6.72000000000116 6.36499999999796 14.8210000000036 9.35199999999895 10.6130000000048 10.5060000000012 11.002999999997 12.7930000000051 10.1169999999984
 0.00499999999988177 0.015999999999849 0.00500000000010914 0.00600000000008549 0.00499999999988177 0.00499999999988177 0.00299999999992906 0.00700000000006185 0.0139999999998963 0.0150000000001
 6.06399999999849 5.86800000000221 5.47800000000279 15.5 8.52999999999884 11.4489999999932 9.59299999999348 9.33999999999651 11.5800000000017 11.5899999999965
 0 0 0 0 0 0 0 0 0 0
 0 0 0 0 0 0 0 0 0 0
 336.108 370.195999999996 775.475999999995 677.436999999998 544.057999999997 523.43 513.880999999994 518.206000000006 513.613999999994 499.644999999997
 0.25200000000018 0.355000000000018 0.559999999999945 0.469000000000051 0.527000000000044 0.329000000000178 0.297000000000025 0.493999999999915 0.391999999999825 0.712999999999965
 292.659 339.634999999995 805.005999999994 680.644 526.626999999993 513.281000000003 502.169999999998 504.934999999998 505.842000000004 478.093999999997
 0 0 0 0 0 0 0 0 0 0
 0 0 0 0 0 0 0 0 0 0
