V1 V2 V3 V4 V5 V6 V7 V8 V9 V10
sam 2.346 2.24800000000005 2.89600000000002 3.358 2.23099999999999 2.36599999999999 2.80700000000002 3.30500000000001 2.34400000000005 2.99000000000001
geode 0.022000000000002 0.0239999999999974 0.041999999999998 0.0869999999999997 0.0279999999999987 0.0229999999999961 0.0200000000000031 0.137 0.0180000000000007 0.0259999999999962
ref 2.36799999999999 2.27299999999997 2.94100000000003 3.447 2.26200000000006 2.39099999999996 2.82999999999993 3.44600000000003 2.36400000000003 3.01900000000001
infog 0 0 0 0 0 0 0 0 0 0
func 0 0 0 0 0 0 0 0 0 0
EFSOS 0.745000000000005 0.757999999999981 0.731999999999971 0.850000000000023 0.762999999999977 0.767000000000053 0.759999999999991 0.711999999999989 0.745999999999981 0.726999999999975
EFSIS 0.0129999999999981 0.0100000000000016 0.0160000000000018 0.022000000000002 0.0169999999999995 0.0150000000000006 0.0159999999999982 0.0129999999999981 0.0150000000000006 0.0140000000000029
 0.759000000000015 0.770000000000039 0.747999999999934 0.872999999999934 0.779999999999973 0.782000000000039 0.777000000000044 0.724999999999909 0.760999999999967 0.742000000000075
 0 0 0 0 0 0 0 0 0 0
 0 0 0 0 0 0 0 0 0 0
 1.97499999999997 1.76099999999997 1.685 2.02699999999999 2.41500000000002 1.97999999999996 1.90699999999998 2.00400000000002 2.07899999999995 2.50700000000006
 0.0160000000000018 0.0169999999999995 0.0429999999999993 0.0269999999999975 0.0800000000000018 0.0110000000000028 0.0110000000000028 0.00600000000000023 0.0869999999999962 0.0769999999999982
 1.99400000000003 1.779 1.72900000000004 2.05600000000004 2.49699999999996 1.99299999999994 1.91899999999998 2.01200000000006 2.17000000000007 2.58600000000001
 0 0 0 0 0 0 0 0 0 0
 0 0 0 0 0 0 0 0 0 0
 0.348000000000013 0.338000000000022 0.322000000000003 0.720000000000027 0.509000000000015 0.358000000000004 0.346000000000004 0.334000000000003 0.341000000000008 0.475999999999999
 0.00799999999999912 0 0 0.00900000000000034 0 0 0.00399999999999778 0.00600000000000023 0.00600000000000023 0.00200000000000244
 0.354999999999961 0.337999999999965 0.322999999999979 0.730000000000018 0.507999999999925 0.359000000000037 0.350000000000023 0.341000000000008 0.34699999999998 0.477999999999952
 0 0 0 0 0 0 0 0 0 0
 0 0 0 0 0 0 0 0 0 0
 5.72899999999998 5.40800000000002 5.93199999999996 7.50400000000002 6.46100000000001 5.80400000000003 6.14500000000004 6.673 5.79600000000005 7.25599999999997
 0.0590000000000011 0.0509999999999984 0.102 0.145 0.126000000000001 0.0489999999999995 0.0510000000000019 0.162999999999997 0.125999999999998 0.122
 5.79200000000003 5.46299999999997 6.03899999999999 7.65499999999997 6.59199999999998 5.85799999999995 6.20100000000002 6.84399999999994 5.928 7.38400000000001
 0 0 0 0 0 0 0 0 0 0
 0 0 0 0 0 0 0 0 0 0
 20.725 22.589 22.002 21.674 22.15 22.748 21.111 22.334 21.453 21.384
 1.757 3.52 1.872 1.738 1.857 1.799 1.837 1.657 1.515 1.84099999999999
 31.125 43.673 32.197 31.2669999999999 32.5300000000001 33.139 31.4989999999999 31.6260000000001 30.649 30.658
 369.001 748.915 359.403 345.036 359.847 373.89 359.445 336.324000000001 340.16 325.262999999999
 39.622 81.804 40.755 27.525 41.62 41.422 40.571 28.8059999999999 28.383 29.446
