V1 V2 V3 V4 V5 V6 V7 V8 V9 V10
sam 2.78900000000431 3.49099999999453 2.77699999999459 3.20100000000093 2.82600000000093 3.68400000000111 2.45599999999831 3.01499999999942 2.91900000000169 2.63799999999901
geode 0.00199999999995271 0.000999999999976353 0.000999999999976353 0.000999999999976353 0.000999999999976353 0.000999999999976353 0.000999999999976353 0.00299999999992906 0.00199999999995271 0.00299999999992906
ref 2.79300000000148 3.49500000000262 2.77999999999884 3.20499999999447 2.83000000000175 3.68700000000536 2.45899999999529 3.0199999999968 2.9230000000025 2.64300000000367
infog 0 0 0 0 0 0 0 0 0 0
func 0 0 0 0 0 0 0 0 0 0
EFSIS 0.831999999994878 0.83700000000681 0.838000000003376 0.824000000000524 0.807000000000698 0.823999999993248 0.786000000000058 0.834000000002561 0.860000000000582 0.827000000004773
 0 0.000999999999976353 0.00199999999995271 0 0.000999999999976353 0 0.00199999999995271 0 0.000999999999976353 0
 0.831999999998516 0.8379999999961 0.839999999996508 0.825000000004366 0.807999999997264 0.826000000000931 0.790000000000873 0.834000000002561 0.861999999993714 0.827999999994063
 0 0 0 0 0 0 0 0 0 0
 0 0 0 0 0 0 0 0 0 0
 3.41800000000512 3.2699999999968 3.75499999999738 3.50699999999779 3.2960000000021 3.07800000000134 2.93699999999808 4.03899999999703 3.52799999999843 3.08399999999529
 0.00199999999995271 0.00300000000015643 0.00200000000018008 0.00300000000015643 0.00300000000015643 0.00700000000006185 0.00300000000015643 0.00299999999992906 0.00500000000010914 0.0109999999999673
 2.47999999999956 3.20900000000256 2.71399999999994 2.57300000000396 2.30599999999686 2.12999999999738 1.97400000000198 3.08499999999913 2.57900000000518 2.06999999999971
 0 0 0 0 0 0 0 0 0 0
 0 0 0 0 0 0 0 0 0 0
 0.401999999994587 0.447999999996682 0.495999999999185 0.397000000004482 0.406999999999243 0.457999999998719 0.394000000000233 0.394000000000233 0.438999999998487 0.413000000000466
 0 0.000999999999976353 0.000999999999976353 0 0 0 0 0 0 0
 0.402000000001863 0.449000000000524 0.497000000003027 0.396999999997206 0.408000000003085 0.457000000002154 0.394000000000233 0.394999999996799 0.438999999998487 0.413000000000466
 0 0 0 0 0 0 0 0 0 0
 0 0 0 0 0 0 0 0 0 0
 7.82999999999447 8.39600000000064 8.19399999999587 8.2870000000039 7.71899999999732 8.40699999999924 6.89099999999598 8.62799999999697 8.08400000000256 7.2980000000025
 0.00499999999988177 0.00600000000008549 0.00600000000008549 0.00400000000013279 0.00500000000010914 0.00900000000001455 0.00600000000008549 0.00599999999985812 0.00900000000001455 0.0149999999998727
 6.89700000000084 8.34100000000035 7.15899999999965 7.35899999999674 6.73600000000442 7.46300000000338 5.93599999999424 7.67899999999645 7.14300000000367 6.29200000000128
 0 0 0 0 0 0 0 0 0 0
 0 0 0 0 0 0 0 0 0 0
 396.282000000007 398.879999999997 381.749000000003 386.757999999994 408.572 393.277000000002 391.253000000004 376.286 389.975999999995 388.423999999999
 9.81700000000001 0.320999999999913 20.2819999999999 0.292999999999893 0.324999999999818 44.1119999999999 0.316000000000031 46.2990000000002 0.319999999999936 0.531000000000176
 361.761999999999 350.256999999998 362.951000000001 338.548999999999 359.190999999999 405.934999999998 342.628000000004 395.182000000001 339.258999999998 340.210999999996
 0 0 0 0 0 0 0 0 0 0
 0 0 0 0 0 0 0 0 0 0
