V1 V2 V3 V4 V5 V6 V7 V8 V9 V10
sam 3.25199999999995 3.03699999999981 3.13000000000011 3.86000000000013 2.69299999999976 2.68600000000015 3.1279999999997 2.67900000000009 2.7180000000003 2.68399999999974
geode 0.0389999999999873 0.0529999999999973 0.0970000000000084 0.131 0.0390000000000157 0.0460000000000207 0.0480000000000018 0.0380000000000109 0.0380000000000109 0.0410000000000252
ref 3.29400000000032 3.0930000000003 3.22900000000027 3.99400000000014 2.73399999999992 2.73399999999992 3.17799999999988 2.71799999999985 2.75900000000001 2.72499999999991
infog 0 0 0 0 0 0 0 0 0 0
func 0 0 0 0 0 0 0 0 0 0
EFSOS 1.05500000000029 1.14100000000008 1.11900000000014 1.10999999999967 0.927999999999884 0.936999999999898 1.0930000000003 0.929000000000087 0.941000000000258 0.913000000000011
EFSIS 0.0169999999999959 0.0160000000000196 0.0190000000000055 0.0200000000000102 0.0180000000000007 0.0159999999999911 0.0160000000000196 0.0159999999999911 0.0159999999999911 0.0159999999999911
 1.07299999999987 1.1569999999997 1.13900000000012 1.13099999999986 0.947999999999865 0.953000000000429 1.11000000000013 0.945999999999913 0.958000000000084 0.929999999999836
 0 0 0 0 0 0 0 0 0 0
 0 0 0 0 0 0 0 0 0 0
 2.77399999999989 2.55599999999959 2.98999999999978 2.58500000000004 2.89100000000008 2.25700000000006 2.26499999999987 2.90000000000009 2.25700000000006 2.17300000000023
 0.0670000000000073 0.00600000000000023 0.0649999999999977 0.0180000000000007 0.0919999999999845 0.00200000000000955 0.0149999999999864 0.105999999999995 0.0110000000000241 0.0120000000000005
 2.84400000000005 2.56500000000005 3.05600000000004 2.60500000000002 2.98600000000033 2.26099999999997 2.2819999999997 3.00900000000001 2.26999999999998 2.1869999999999
 0 0 0 0 0 0 0 0 0 0
 0 0 0 0 0 0 0 0 0 0
 0.389999999999873 0.428000000000338 0.492000000000189 0.43100000000004 0.384000000000015 0.414999999999964 0.394999999999982 0.382000000000062 0.388999999999669 0.391000000000076
 0.00200000000000955 0.00199999999998113 0.00499999999999545 0 0 0.00699999999997658 0.00800000000000978 0 0.00600000000000023 0
 0.391000000000076 0.429000000000087 0.497999999999593 0.43100000000004 0.384000000000015 0.422999999999774 0.4050000000002 0.382000000000062 0.394999999999982 0.391000000000076
 0 0 0 0 0 0 0 0 0 0
 0 0 0 0 0 0 0 0 0 0
 7.82300000000032 7.63000000000011 8.22800000000007 8.40299999999979 7.26499999999987 6.66100000000006 7.25099999999975 7.22900000000027 6.67000000000007 6.50799999999981
 0.126999999999981 0.0769999999999982 0.186000000000007 0.169000000000011 0.15100000000001 0.070999999999998 0.0870000000000175 0.159999999999997 0.0710000000000264 0.0690000000000168
 7.95600000000013 7.71300000000019 8.42000000000007 8.57900000000018 7.42200000000003 6.73700000000008 7.34400000000005 7.39399999999978 6.74600000000009 6.58199999999988
 0 0 0 0 0 0 0 0 0 0
 0 0 0 0 0 0 0 0 0 0
 25.7139999999999 28.7239999999997 28.5079999999998 24.835 27.4370000000004 30.9459999999999 26.7159999999999 25.0610000000001 29.3160000000003 24.7910000000002
 5.40600000000001 2.88200000000001 2.68100000000001 2.45500000000001 2.18899999999999 4.58100000000002 2.21799999999999 2.03200000000001 2.33699999999999 2.21000000000001
 54.2959999999998 45.556 43.076 39.2759999999998 41.4870000000001 63.0160000000001 40.4549999999999 39.4050000000002 45.7909999999997 39.4900000000002
 966.921000000002 531.595999999998 498.75 495.653000000006 515.209999999999 1073.101 499.742000000006 505.262999999999 544.564999999995 512.791000000005
 95.1019999999999 67.1930000000002 43.7299999999996 47.0780000000004 48.0119999999997 134.199000000001 47.7600000000002 48.4789999999994 66.8710000000001 45.2420000000002
