V1 V2 V3 V4 V5 V6 V7 V8 V9 V10
sam 4.36099999999715 5.79400000000169 2.52599999999802 3.85200000000623 3.83299999999872 3.9230000000025 4.33400000000256 2.28299999999581 2.90200000000186 2.35100000000239
geode 0.000999999999976353 0.00700000000006185 0 0.000999999999976353 0.00100000000020373 0.00199999999995271 0.000999999999976353 0.00200000000018008 0.000999999999976353 0
ref 4.44999999999709 5.8469999999943 2.52699999998731 4.4939999999915 3.83699999999953 5.16899999999441 5.30900000000838 2.28800000000047 2.90499999999884 2.35199999999895
infog 0 0 0 0 0 0 0 0 0 0
func 0 0 0 0 0 0 0 0 0 0
EFSIS 0.821000000003551 3.28399999999965 0.813000000001921 1.41799999999785 1.48700000000099 1.46399999999994 1.5769999999975 0.760000000002037 0.769000000000233 0.72899999999936
 0.000999999999976353 0.000999999999976353 0 0 0.000999999999976353 0 0 0 0.000999999999976353 0.000999999999976353
 0.822000000000116 3.58100000000559 0.813000000009197 2.15800000001036 1.4890000000014 1.96600000000035 2.4320000000007 0.759999999994761 0.770000000004075 0.729999999995925
 0 0 0 0 0 0 0 0 0 0
 0 0 0 0 0 0 0 0 0 0
 3.8859999999986 8.39500000000407 2.82499999999709 3.71399999999994 3.28899999999703 4.00499999999738 4.28800000000047 2.66900000000169 2.68800000000192 2.97799999999552
 0.0109999999999673 0.00500000000010914 0.000999999999976353 0.00999999999999091 0.00399999999990541 0.0170000000000528 0.00400000000013279 0.00199999999995271 0.000999999999976353 0.0179999999998017
 2.3859999999986 7.53100000000268 1.93600000000151 3.26900000000023 2.4539999999979 3.5060000000085 4.83299999999872 1.80400000000373 1.78399999999965 2.12099999999919
 0 0 0 0 0 0 0 0 0 0
 0 0 0 0 0 0 0 0 0 0
 1.20100000000093 0.362999999997555 0.388000000006286 0.675999999999476 0.638000000006286 0.75 0.608000000000175 0.364999999997963 0.366000000001804 0.359000000004016
 0.000999999999976353 0 0 0 0 0 0 0 0 0
 1.25300000001153 0.362999999997555 0.389999999999418 0.676000000006752 0.638000000006286 1.13700000000244 0.802999999999884 0.365999999994528 0.365999999994528 0.360000000000582
 0 0 0 0 0 0 0 0 0 0
 0 0 0 0 0 0 0 0 0 0
 12.515999999996 18.1590000000069 6.87000000000262 10.208000000006 9.83400000000256 10.6909999999989 11.3840000000055 6.36599999999453 7.0280000000057 6.7300000000032
 0.0139999999998963 0.0130000000001473 0.000999999999976353 0.0109999999999673 0.00600000000008549 0.0199999999999818 0.00500000000010914 0.00600000000008549 0.00299999999992906 0.0189999999997781
 11.252999999997 17.6450000000041 5.98399999999674 11.1469999999972 9.00599999999395 12.6670000000013 14.0190000000002 5.50599999999395 6.12799999999697 5.875
 0 0 0 0 0 0 0 0 0 0
 0 0 0 0 0 0 0 0 0 0
 535.859000000004 417.953999999998 552.875 506.799999999996 507.370000000003 497.264000000003 374.671999999999 329.288 326.548999999999 330.803999999996
 0.358999999999924 0.346000000000004 0.436999999999898 1.32600000000002 0.925999999999931 0.652000000000044 0.40099999999984 0.31899999999996 0.260000000000218 0.481000000000222
 518.125 383.521999999997 602.365999999995 554.434999999998 559.366000000009 538.759000000005 351.923999999999 286.344000000012 282.447 288.758999999991
 0 0 0 0 0 0 0 0 0 0
 0 0 0 0 0 0 0 0 0 0
