V1 V2 V3 V4 V5 V6 V7 V8 V9 V10
sam 2.45699999999488 2.29000000000815 2.29399999999441 2.28500000000349 2.30499999999302 2.27100000000792 2.2329999999929 2.43799999999464 2.25 2.26499999999942
geode 0 0.000999999999976353 0 0 0 0 0 0.000999999999976353 0.000999999999976353 0
ref 2.46100000001024 2.29200000000128 2.29499999999825 2.28600000000733 2.30500000002212 2.27400000000489 2.23599999997532 2.44200000001001 2.25400000001537 2.26600000000326
infog 0 0 0 0 0 0 0 0 0 0
func 0 0 0 0 0 0 0 0 0 0
EFSIS 0.778000000005704 0.773000000001048 0.723000000012689 0.766999999992549 0.76600000000326 0.771999999997206 0.763999999995576 0.774000000004889 0.745999999999185 0.778000000005704
 0.00200000000018008 0 0 0.000999999999976353 0.00199999999995271 0 0 0 0 0
 0.779999999998836 0.773000000001048 0.724000000001979 0.768000000010943 0.769999999989523 0.7730000000156 0.763000000006286 0.774000000004889 0.745999999984633 0.779000000009546
 0 0 0 0 0 0 0 0 0 0
 0 0 0 0 0 0 0 0 0 0
 2.84599999999045 2.67099999998754 2.67399999999907 2.74700000000303 2.85499999999593 3.09500000000116 2.52599999999802 2.86900000000605 2.62399999999616 2.52899999999499
 0.00399999999990541 0.00300000000015643 0.00600000000008549 0.000999999999976353 0.00300000000015643 0.00399999999990541 0.00300000000015643 0.00199999999995271 0.00199999999995271 0.00900000000001455
 1.96600000000035 1.82800000000861 1.83400000000256 1.8469999999943 1.95100000000093 2.23999999999069 1.69800000000396 1.99799999999232 1.72599999999511 1.66899999999441
 0 0 0 0 0 0 0 0 0 0
 0 0 0 0 0 0 0 0 0 0
 0.39100000000326 0.369000000006054 0.338999999992666 0.377999999996973 0.340000000011059 0.331999999994878 0.336000000010245 0.478000000002794 0.328000000008615 0.357000000003609
 0 0 0 0 0 0 0 0 0 0
 0.39100000000326 0.368999999991502 0.341000000000349 0.379000000000815 0.339999999996508 0.331999999994878 0.336000000010245 0.479000000021188 0.328999999997905 0.355999999999767
 0 0 0 0 0 0 0 0 0 0
 0 0 0 0 0 0 0 0 0 0
 6.78199999999197 6.40700000000652 6.35899999999674 6.46099999999569 6.58499999999185 6.76600000000326 6.17899999998917 6.85599999999977 6.26300000000629 6.22800000000279
 0.00700000000006185 0.00400000000013279 0.00600000000008549 0.00199999999995271 0.00500000000010914 0.00499999999988177 0.00300000000015643 0.00299999999992906 0.00299999999992906 0.00900000000001455
 5.90800000001036 5.56700000001001 5.52199999999721 5.56399999999849 5.68600000001607 5.91400000001886 5.35300000000279 5.99000000001979 5.36999999999534 5.37299999999232
 0 0 0 0 0 0 0 0 0 0
 0 0 0 0 0 0 0 0 0 0
 351.893000000011 333.005999999994 325.256999999998 332.886000000013 322.157000000007 332.044999999998 325.87000000001 319.944999999992 346.849000000002 315.088999999993
 0.269000000000005 0.273999999999887 0.220000000000027 0.261999999999944 0.18100000000004 0.223999999999933 0.201000000000022 0.217000000000098 0.192999999999984 0.435999999999922
 308.910999999993 290.05799999999 282.694000000003 289.932000000001 278.454999999987 288.092000000004 282.344999999972 276.612999999983 301.309000000008 272.963000000018
 0 0 0 0 0 0 0 0 0 0
 0 0 0 0 0 0 0 0 0 0
