V1 V2 V3 V4 V5 V6 V7 V8 V9 V10
sam 3.41100000000006 3.90699999999924 3.72200000000157 3.37199999999575 3.59900000000198 3.43400000000111 3.37600000000384 4.23500000000058 3.55400000000373 3.35599999999977
geode 0 0.000999999999976353 0 0 0 0 0 0 0 0
ref 3.41399999998976 3.9100000000326 3.7269999999553 3.37300000002142 3.60200000007171 3.43799999996554 3.37800000002608 4.23999999999069 3.55499999993481 3.35900000005495
infog 0 0 0 0 0 0 0 0 0 0
func 0 0 0 0 0 0 0 0 0 0
EFSIS 0.768000000003667 0.796000000002095 0.760000000002037 0.738000000004831 0.773999999997613 0.741000000001804 0.757999999994354 0.75 0.778999999994994 0.720000000001164
 0 0.0010000000000332 0 0 0.00200000000000955 0.00200000000000955 0 0 0.00200000000000955 0
 0.768999999971129 0.797999999951571 0.760000000009313 0.738000000012107 0.777000000001863 0.743000000016764 0.759000000078231 0.75 0.780999999959022 0.721000000019558
 0 0 0 0 0 0 0 0 0 0
 0 0 0 0 0 0 0 0 0 0
 3.10699999999633 2.6160000000018 2.56899999999587 2.69399999999587 2.53500000000349 2.41500000000087 2.37700000000041 2.66100000000006 3.1140000000014 2.65699999999924
 0.00799999999998136 0.0029999999999859 0.00499999999999545 0.00200000000000955 0.00399999999996226 0.0010000000000332 0.00200000000000955 0.0029999999999859 0.00599999999997181 0.00999999999999091
 2.15700000000652 1.74699999997392 1.72299999999814 1.85600000002887 1.66099999996368 1.54700000002049 1.54300000006333 1.65200000000186 2.21900000004098 1.78999999992084
 0 0 0 0 0 0 0 0 0 0
 0 0 0 0 0 0 0 0 0 0
 0.350999999995111 0.341000000000349 0.323000000003958 0.340000000003783 0.333999999995285 0.330999999998312 0.334000000002561 0.328000000001339 0.326000000000931 0.380000000004657
 0 0 0 0 0 0 0 0 0 0
 0.33199999993667 0.341000000014901 0.322999999974854 0.340999999898486 0.334999999962747 0.332000000053085 0.336000000010245 0.327999999979511 0.327000000048429 0.380000000004657
 0 0 0 0 0 0 0 0 0 0
 0 0 0 0 0 0 0 0 0 0
 7.94000000000233 7.99500000000262 7.71399999999994 7.4519999999975 7.55200000000332 7.24500000000262 7.15400000000227 8.30299999999988 8.09200000000419 7.46499999999651
 0.00799999999998136 0.00600000000002865 0.00499999999999545 0.0029999999999859 0.00599999999997181 0.00300000000004275 0.00200000000000955 0.0029999999999859 0.00799999999998136 0.0110000000000241
 6.97199999995064 7.13399999996182 6.87300000002142 6.61600000003818 6.68599999998696 6.38300000003073 6.32500000006985 7.29999999993015 7.20199999993201 6.60100000002421
 0 0 0 0 0 0 0 0 0 0
 0 0 0 0 0 0 0 0 0 0
 429.862000000001 436.517 429.789000000004 397.440999999999 398.494999999995 399.288 424.536999999997 434.718999999997 412.030999999995 404.414000000004
 0.290999999999997 0.317999999999984 0.334000000000003 0.27600000000001 0.314999999999998 0.295999999999992 0.305999999999983 0.305000000000007 0.290999999999997 0.559000000000026
 386.816999999923 393.820000000065 387.616999999969 354.707999999984 354.12200000009 356.71100000001 381.435999999987 392.138000000035 366.521000000066 361.025000000023
 0 0 0 0 0 0 0 0 0 0
 0 0 0 0 0 0 0 0 0 0
