V1 V2 V3 V4 V5 V6 V7 V8 V9 V10
sam 2.60800000000017 2.45600000000013 2.68499999999949 2.97400000000016 2.40300000000025 2.88700000000063 2.996000000001 2.34400000000096 2.86100000000079 2.79800000000068
geode 0.000999999999976353 0 0.000999999999976353 0.00200000000000955 0.0010000000000332 0.00200000000000955 0.000999999999976353 0.0010000000000332 0.0010000000000332 0.0010000000000332
ref 2.60999999999876 2.45900000000074 2.68899999999849 2.97900000000118 2.40600000000086 2.89099999999962 3 2.34699999999975 2.86300000000119 2.80199999999968
infog 0 0 0 0 0 0 0 0 0 0
func 0 0 0 0 0 0 0 0 0 0
EFSIS 0.777000000000044 0.782999999999447 0.790000000000873 0.802999999999884 0.809999999999491 0.854999999999563 0.813999999998487 0.782999999999447 0.822000000000116 0.805000000000291
 0 0.0010000000000332 0.0010000000000332 0.000999999999976353 0 0 0.00200000000000955 0 0 0.000999999999976353
 0.779000000000451 0.784999999999854 0.792000000001281 0.805000000000291 0.809999999999491 0.855999999999767 0.816999999999098 0.782999999999447 0.821999999998297 0.805999999998676
 0 0 0 0 0 0 0 0 0 0
 0 0 0 0 0 0 0 0 0 0
 3.40499999999884 2.91200000000026 3.58899999999994 3.04200000000128 2.76600000000144 3.18500000000131 3.74200000000019 2.82600000000093 3.41499999999905 3.37700000000041
 0.00300000000004275 0.00200000000000955 0.000999999999976353 0.0040000000000191 0.0029999999999859 0.00200000000000955 0.00200000000000955 0.0029999999999859 0.00199999999995271 0.0130000000000337
 2.46600000000035 1.98899999999958 2.51900000000023 2.09699999999975 1.85699999999997 2.21399999999994 2.83500000000095 1.83899999999994 2.44700000000012 2.47500000000036
 0 0 0 0 0 0 0 0 0 0
 0 0 0 0 0 0 0 0 0 0
 0.354000000001179 0.361999999999171 0.38799999999901 0.38799999999901 0.370999999999185 0.40599999999904 0.424000000000888 0.350000000000364 0.411000000000058 0.368999999998778
 0 0 0.0010000000000332 0 0 0 0.000999999999976353 0 0 0.000999999999976353
 0.35399999999936 0.362999999999374 0.38799999999901 0.38799999999901 0.371999999999389 0.407000000001062 0.424999999999272 0.352000000000771 0.412000000000262 0.3700000000008
 0 0 0 0 0 0 0 0 0 0
 0 0 0 0 0 0 0 0 0 0
 7.51699999999983 6.85199999999895 7.79099999999926 7.55600000000049 6.65300000000025 7.65900000000147 8.3130000000001 6.63100000000122 7.86399999999958 7.69700000000012
 0.0040000000000191 0.0050000000000523 0.00499999999999545 0.007000000000005 0.0040000000000191 0.0040000000000191 0.00599999999997181 0.0040000000000191 0.0029999999999859 0.0169999999999959
 6.58100000000013 5.9369999999999 6.72799999999916 6.6190000000006 5.74800000000141 6.69499999999971 7.41399999999885 5.64899999999943 6.89800000000105 6.80099999999948
 0 0 0 0 0 0 0 0 0 0
 0 0 0 0 0 0 0 0 0 0
 338.210000000001 375.802000000001 376.66 377.951999999999 351.307000000001 385.781999999999 376.978000000001 371.705 372.745000000001 368.873000000001
 75.71 0.278999999999996 0.295999999999992 3.51299999999998 48.511 0.29000000000002 0.310000000000002 0.291999999999973 0.27800000000002 8.20699999999999
 402.91 327.906999999999 329.007 334.415999999999 374.232 336.918 329.941000000001 323.050999999999 323.921999999999 332.392
 0 0 0 0 0 0 0 0 0 0
 0 0 0 0 0 0 0 0 0 0
