V1 V2 V3 V4 V5 V6 V7 V8 V9 V10
sam 2.57599999999911 2.54399999999987 3.07099999999991 2.85399999999936 2.55900000000111 2.42799999999988 2.54699999999866 2.41400000000067 2.66600000000108 2.42099999999846
geode 0.00999999999999091 0.000999999999976353 0.000999999999976353 0.0010000000000332 0.000999999999976353 0 0.000999999999976353 0.000999999999976353 0.000999999999976353 0.00200000000000955
ref 2.59100000000035 2.54600000000028 3.07500000000073 2.85800000000017 2.5619999999999 2.43000000000029 2.54999999999927 2.41700000000128 2.67000000000007 2.42599999999948
infog 0 0 0 0 0 0 0 0 0 0
func 0 0 0 0 0 0 0 0 0 0
EFSIS 0.789000000000669 0.802999999999884 1.46200000000135 0.828999999999724 0.774999999997817 0.790000000000873 0.77900000000227 0.776000000001659 0.796999999998661 0.778000000002066
 0.0040000000000191 0 0 0.000999999999976353 0 0.00200000000000955 0 0.0010000000000332 0.000999999999976353 0.0010000000000332
 0.792999999999665 0.804000000000087 1.46299999999974 0.831000000000131 0.774999999999636 0.793999999999869 0.778000000000247 0.777000000000044 0.799000000000888 0.77900000000227
 0 0 0 0 0 0 0 0 0 0
 0 0 0 0 0 0 0 0 0 0
 4.07799999999952 2.86300000000119 2.95199999999932 3.8700000000008 3.3070000000007 2.79400000000169 3.29499999999825 2.88899999999921 3.0470000000023 2.8289999999979
 0.0199999999999818 0.0040000000000191 0.00200000000000955 0.0029999999999859 0.0029999999999859 0 0.00200000000000955 0.00200000000000955 0.0040000000000191 0.00999999999999091
 2.95100000000093 1.92200000000048 1.99099999999999 2.93199999999888 2.35399999999936 1.85699999999997 2.31899999999951 1.95600000000013 2.10999999999876 1.8949999999968
 0 0 0 0 0 0 0 0 0 0
 0 0 0 0 0 0 0 0 0 0
 0.385000000000218 0.35399999999936 0.438000000000102 0.397999999999229 0.404999999998836 0.379999999997381 0.356999999999971 0.36699999999837 0.389999999999418 0.36200000000099
 0.0010000000000332 0 0 0 0 0 0 0 0.0010000000000332 0
 0.38799999999901 0.35399999999936 0.438000000000102 0.399999999999636 0.406000000000859 0.381000000001222 0.359000000000378 0.365999999999985 0.391000000001441 0.363000000001193
 0 0 0 0 0 0 0 0 0 0
 0 0 0 0 0 0 0 0 0 0
 8.15999999999985 6.89700000000084 8.26200000000063 8.27999999999884 7.39999999999782 6.71099999999933 7.30900000000111 6.76100000000224 7.25900000000183 6.70999999999913
 0.035000000000025 0.00499999999999545 0.0029999999999859 0.00600000000002865 0.00399999999996226 0.00300000000004275 0.0029999999999859 0.0040000000000191 0.007000000000005 0.0130000000000337
 7.05400000000009 5.95900000000074 7.3070000000007 7.35099999999875 6.44999999999891 5.78100000000086 6.33599999999933 5.83400000000074 6.33100000000013 5.78199999999924
 0 0 0 0 0 0 0 0 0 0
 0 0 0 0 0 0 0 0 0 0
 358.213 384.046999999999 371.700000000001 377.469000000001 363.052000000003 376.143 353.679 372.441999999999 373.75 353.822
 7.39699999999999 5.31899999999996 19.923 0.293000000000006 18.806 16.187 19.555 0.278999999999996 0.251999999999953 28.996
 319.033000000001 344.625 352.431 329.363000000001 342.732 355.315000000001 335.061 324.626 325.075000000001 348.013999999999
 0 0 0 0 0 0 0 0 0 0
 0 0 0 0 0 0 0 0 0 0
