V1 V2 V3 V4 V5 V6 V7 V8 V9 V10
sam 4.09399999999732 3.78399999999965 3.72899999999936 3.28399999999965 3.86599999999817 3.32200000000012 3.31399999999849 3.32900000000154 3.72799999999916 3.35200000000259
geode 0.0010000000000332 0 0 0.000999999999976353 0.0010000000000332 0.000999999999976353 0 0 0 0
ref 4.09799999999814 3.78599999996368 3.72999999998137 3.28700000001118 3.87100000004284 3.32400000002235 3.31599999999162 3.33100000000559 3.72999999998137 3.35400000005029
infog 0 0 0 0 0 0 0 0 0 0
func 0 0 0 0 0 0 0 0 0 0
EFSIS 0.789000000000669 0.77900000000227 0.75800000000163 0.740000000001601 0.795000000001892 0.739000000001397 0.746000000002823 0.729999999999563 0.760999999998603 0.722999999998137
 0 0 0.000999999999976353 0.000999999999976353 0 0 0 0 0 0
 0.788999999989755 0.778999999980442 0.762000000104308 0.741000000038184 0.794999999925494 0.741000000038184 0.744999999995343 0.731999999959953 0.761999999987893 0.722999999998137
 0 0 0 0 0 0 0 0 0 0
 0 0 0 0 0 0 0 0 0 0
 2.58499999999913 3.37099999999919 2.60800000000017 2.69700000000012 2.62899999999718 2.35099999999875 2.67599999999948 2.33699999999953 2.979000000003 2.33399999999892
 0.00200000000000955 0.00199999999995271 0.00300000000004275 0.00300000000004275 0.00499999999999545 0 0.0040000000000191 0.00300000000004275 0.00399999999996226 0.007000000000005
 1.74499999999534 2.51499999989755 1.62199999997392 1.86799999990035 1.80400000000373 1.49399999994785 1.8070000000298 1.49100000003818 1.95400000002701 1.48600000003353
 0 0 0 0 0 0 0 0 0 0
 0 0 0 0 0 0 0 0 0 0
 0.343000000000757 0.341000000000349 0.32499999999709 0.328999999997905 0.333000000002357 0.340000000000146 0.326999999997497 0.330000000001746 0.332999999998719 0.338999999999942
 0 0 0 0 0.000999999999976353 0 0 0 0 0
 0.344000000040978 0.340000000083819 0.324999999953434 0.329000000027008 0.332999999984168 0.341000000014901 0.326000000000931 0.331000000005588 0.334000000031665 0.338999999919906
 0 0 0 0 0 0 0 0 0 0
 0 0 0 0 0 0 0 0 0 0
 8.1359999999986 8.59300000000076 7.76199999999881 7.35599999999977 7.95999999999913 7.06300000000192 7.36200000000099 7.04000000000087 8.14300000000003 7.0480000000025
 0.00300000000004275 0.00199999999995271 0.0040000000000191 0.00499999999999545 0.007000000000005 0.000999999999976353 0.0040000000000191 0.00300000000004275 0.00499999999999545 0.007000000000005
 7.30300000007264 7.74199999996927 6.78200000000652 6.53099999995902 7.14000000001397 6.21100000001024 6.49399999994785 6.19900000002235 7.12099999992643 6.20299999997951
 0 0 0 0 0 0 0 0 0 0
 0 0 0 0 0 0 0 0 0 0
 390.667000000001 405.095000000001 398.852999999999 401.710999999999 385.492999999999 373.173999999999 368.936999999998 378.407999999999 390.755000000001 386.231
 0.329000000000008 0.379000000000019 0.324000000000012 0.349999999999966 0.293000000000006 0.315999999999974 0.308999999999969 0.319999999999993 0.285000000000025 0.600999999999999
 347.197999999975 362.121999999974 355.890000000014 358.092999999993 341.695999999996 330.660999999964 325.379000000074 335.13599999994 345.555000000051 343.977000000072
 0 0 0 0 0 0 0 0 0 0
 0 0 0 0 0 0 0 0 0 0
