V1 V2 V3 V4 V5 V6 V7 V8 V9 V10
sam 2.35799999999995 2.53099999999995 2.86000000000001 2.99300000000005 2.33299999999997 2.3549999999999 2.91100000000006 2.58600000000001 2.33600000000001 2.98899999999981
geode 0.0449999999999946 0.0229999999999961 0.0719999999999885 0.0810000000000031 0.0309999999999917 0.0300000000000011 0.106999999999999 0.041000000000011 0.0400000000000063 0.113
ref 2.404 2.55499999999984 2.93299999999999 3.07799999999997 2.36500000000001 2.38699999999994 3.02099999999996 2.62799999999993 2.37799999999993 3.10599999999999
infog 0 0 0 0 0 0 0 0 0 0
func 0 0 0 0 0 0 0 0 0 0
EFSOS 0.77800000000002 0.749000000000024 0.767999999999915 0.77800000000002 1.34299999999996 0.748000000000047 0.748000000000047 0.754000000000133 0.761999999999944 0.719000000000051
EFSIS 0.0150000000000006 0.0190000000000055 0.0150000000000006 0.0149999999999864 0.0160000000000053 0.0130000000000052 0.0150000000000006 0.0139999999999958 0.0150000000000006 0.0120000000000005
 0.795000000000073 0.769000000000005 0.783999999999878 0.792000000000144 1.3599999999999 0.761999999999944 0.763000000000147 0.768000000000029 0.77800000000002 0.730999999999995
 0 0 0 0 0 0 0 0 0 0
 0 0 0 0 0 0 0 0 0 0
 1.83299999999997 2.36000000000001 1.85900000000004 1.82499999999993 2.36200000000008 1.95299999999997 1.827 2.14599999999996 1.91499999999996 1.76099999999997
 0.00200000000000244 0.0849999999999937 0.0130000000000052 0.00800000000000978 0.0769999999999982 0.012999999999991 0.0130000000000052 0.0120000000000005 0.00799999999999557 0.0110000000000099
 1.83500000000004 2.44700000000012 1.87400000000002 1.83500000000004 2.44200000000001 1.9670000000001 1.84099999999989 2.16000000000008 1.92399999999998 1.77299999999991
 0 0 0 0 0 0 0 0 0 0
 0 0 0 0 0 0 0 0 0 0
 0.365000000000009 0.508000000000038 0.350000000000023 0.377000000000066 0.346000000000004 0.358000000000061 0.346000000000004 0.374000000000024 0.360000000000127 0.339000000000169
 0.00999999999999801 0 0.00600000000000023 0.00799999999999557 0.00400000000000489 0.00600000000000023 0 0 0.00600000000000023 0
 0.375999999999976 0.509999999999991 0.355999999999995 0.384999999999991 0.349999999999909 0.363999999999805 0.346000000000004 0.374000000000024 0.366999999999962 0.341000000000122
 0 0 0 0 0 0 0 0 0 0
 0 0 0 0 0 0 0 0 0 0
 5.65599999999995 6.62299999999993 6.17399999999998 6.29500000000007 6.68999999999994 5.75099999999998 6.16399999999999 6.16300000000001 5.6869999999999 6.13799999999992
 0.0719999999999956 0.128 0.105999999999995 0.111999999999995 0.131 0.0619999999999976 0.135000000000005 0.0670000000000073 0.0690000000000026 0.138000000000005
 5.73099999999999 6.75699999999983 6.28399999999988 6.41200000000003 6.82600000000002 5.81700000000001 6.30400000000009 6.23399999999992 5.76099999999997 6.28199999999993
 0 0 0 0 0 0 0 0 0 0
 0 0 0 0 0 0 0 0 0 0
 22.678 21.134 23.682 21.36 21.717 21.28 20.539 22.646 20.9760000000001 21.2919999999999
 3.371 1.92099999999999 1.974 3.745 5.61199999999999 1.69800000000001 3.511 3.592 1.94800000000001 1.95399999999999
 41.6369999999999 30.5410000000002 34.114 40.338 50.0719999999999 31.6049999999998 39.2069999999999 43.048 30.702 30.703
 667.558999999999 325.549999999999 358.896000000001 659.601000000001 969.553 362.989 646.35 717.238000000001 346.448999999997 322.408000000003
 59.759 32.28 43.8999999999999 59.8620000000001 97.0640000000001 43.127 62.854 88.7939999999999 31.4780000000001 32.3129999999999
