V1 V2 V3 V4 V5 V6 V7 V8 V9 V10
sam 2.5769999999975 2.72900000000664 2.22099999999773 2.52899999999499 2.62900000000081 2.2039999999979 2.3949999999968 2.19799999999668 2.31699999999546 2.19499999999971
geode 0.00199999999995271 0 0.00299999999992906 0.000999999999976353 0 0.000999999999976353 0.00100000000020373 0 0 0.000999999999976353
ref 2.58100000000559 2.73200000000361 2.22500000000582 2.53399999999965 2.63199999999779 2.20699999999488 2.39800000000105 2.19899999999325 2.31900000000314 2.19700000000012
infog 0 0 0 0 0 0 0 0 0 0
func 0 0 0 0 0 0 0 0 0 0
EFSIS 0.781000000002678 0.755999999993946 0.747999999999593 0.789000000004307 0.784999999996217 0.755999999993946 0.762000000002445 0.76299999999901 0.75 0.77100000000064
 0 0 0 0.00199999999995271 0.00200000000018008 0 0.00199999999995271 0.000999999999976353 0 0
 0.780999999988126 0.755999999993946 0.748999999996158 0.790999999997439 0.786999999996624 0.756999999997788 0.764999999999418 0.764999999999418 0.75 0.773000000001048
 0 0 0 0 0 0 0 0 0 0
 0 0 0 0 0 0 0 0 0 0
 2.86599999999453 2.51699999999983 2.60599999999977 2.96399999999994 3.27700000000186 3.02500000000146 3.24799999999959 2.68000000000029 2.79499999999825 2.5370000000039
 0.00400000000013279 0.000999999999976353 0.000999999999976353 0.00500000000010914 0.00199999999995271 0.000999999999976353 0.00399999999990541 0.000999999999976353 0.00300000000015643 0.01299999999992
 2.00200000000768 1.63900000001013 1.75100000000384 2.11200000000827 2.40000000000873 2.15499999999884 2.37900000000081 1.8070000000007 1.91700000000128 1.68299999998999
 0 0 0 0 0 0 0 0 0 0
 0 0 0 0 0 0 0 0 0 0
 0.364000000001397 0.349000000001979 0.328999999997905 0.366000000001804 0.345000000001164 0.364000000001397 0.347999999998137 0.429000000003725 0.363000000004831 0.360999999997148
 0.000999999999976353 0 0 0.000999999999976353 0 0 0.000999999999976353 0 0 0.000999999999976353
 0.365999999994528 0.349000000001979 0.331000000005588 0.36699999999837 0.346999999994296 0.362999999997555 0.349999999991269 0.434000000008382 0.362999999997555 0.363000000012107
 0 0 0 0 0 0 0 0 0 0
 0 0 0 0 0 0 0 0 0 0
 6.92599999999948 6.63500000000204 6.19900000000052 6.98700000000099 7.32800000000134 6.6449999999968 7.05799999999726 6.36699999999837 6.53299999999581 6.17400000000634
 0.00700000000006185 0.000999999999976353 0.00399999999990541 0.00900000000001455 0.00500000000010914 0.00199999999995271 0.00900000000001455 0.00199999999995271 0.00300000000015643 0.0149999999998727
 6.06699999999546 5.76000000000931 5.35199999999895 6.14400000000023 6.45799999999872 5.77799999999115 6.19700000000012 5.50199999999313 5.65799999999581 5.32499999999709
 0 0 0 0 0 0 0 0 0 0
 0 0 0 0 0 0 0 0 0 0
 337.712999999996 329.648000000001 327.792000000001 333.195999999996 323.439999999995 329.334999999999 327.588000000003 324.307000000001 332.769 328.843999999997
 0.342999999999847 0.216000000000122 0.225000000000136 0.283999999999878 0.258000000000038 0.389999999999873 0.243000000000166 0.205999999999904 0.317999999999984 0.464000000000169
 293.525000000009 286.166999999987 284.715000000011 289.37000000001 280.793000000005 286.021000000008 284.808999999994 281.653999999995 288.564000000013 286.960000000006
 0 0 0 0 0 0 0 0 0 0
 0 0 0 0 0 0 0 0 0 0
