V1 V2 V3 V4 V5 V6 V7 V8 V9 V10
sam 2.37199999999939 2.35100000000057 2.22999999999956 2.61799999999857 2.37699999999859 2.34900000000016 2.38299999999981 2.35500000000138 2.37700000000041 2.32200000000012
geode 0.0110000000000028 0 0 0 0 0.00100000000000477 0 0 0 0.000999999999997669
ref 2.38400000000001 2.35200000000077 2.23199999999997 2.61999999999898 2.37800000000061 2.35100000000057 2.38400000000001 2.35499999999956 2.37800000000061 2.32500000000073
infog 0 0 0 0 0 0 0 0 0 0
func 0 0 0 0 0 0 0 0 0 0
EFSIS 0.77100000000064 0.777000000000044 0.770000000000437 0.720000000001164 0.748999999999796 0.769000000000233 0.743999999998778 0.739999999999782 0.745999999999185 0.727000000000771
 0.0139999999999958 0.00900000000000034 0.00900000000000034 0.0109999999999957 0.0110000000000028 0.0139999999999958 0.00900000000000034 0.0140000000000029 0.0150000000000006 0.0129999999999981
 0.786000000000058 0.787000000000262 0.779000000000451 0.733000000000175 0.761000000000422 0.783999999999651 0.754000000000815 0.756000000001222 0.76299999999901 0.740999999999985
 0 0 0 0 0 0 0 0 0 0
 0 0 0 0 0 0 0 0 0 0
 2.79500000000007 3.43900000000031 2.98599999999897 2.43100000000049 2.75200000000041 2.82400000000052 3.18900000000031 2.85999999999876 3.27900000000045 2.78999999999905
 0.0100000000000051 0.00199999999999534 0.0349999999999966 0.00100000000000477 0.000999999999997669 0 0.00300000000000011 0.000999999999997669 0.0410000000000039 0.0250000000000057
 1.90000000000146 2.52900000000045 2.08899999999994 1.51599999999962 1.85399999999936 1.875 2.28099999999904 1.9429999999993 2.35100000000057 1.84399999999914
 0 0 0 0 0 0 0 0 0 0
 0 0 0 0 0 0 0 0 0 0
 0.388000000000829 0.371999999999389 0.367000000000189 0.385000000000218 0.356999999999971 0.385999999998603 0.338999999999942 0.350000000000364 0.33600000000115 0.363000000001193
 0.00600000000000023 0.00500000000000256 0 0 0 0 0 0 0 0
 0.394999999998618 0.378999999998996 0.365999999999985 0.387000000000626 0.358000000000175 0.387000000000626 0.338999999999942 0.351000000000568 0.337999999999738 0.362999999999374
 0 0 0 0 0 0 0 0 0 0
 0 0 0 0 0 0 0 0 0 0
 6.65300000000025 7.25600000000122 6.69399999999951 6.48199999999997 6.56399999999849 6.63800000000083 6.96799999999894 7.18600000000151 7.05999999999949 6.51200000000063
 0.0410000000000039 0.0159999999999982 0.0439999999999969 0.0129999999999981 0.0120000000000005 0.0150000000000006 0.0120000000000005 0.0219999999999985 0.0560000000000045 0.0390000000000015
 5.79100000000108 6.3640000000014 5.81000000000131 5.58299999999872 5.68000000000029 5.70700000000033 6.06999999999971 6.29299999999967 6.15200000000004 5.58200000000033
 0 0 0 0 0 0 0 0 0 0
 0 0 0 0 0 0 0 0 0 0
 342.092000000001 332.572 350.639999999999 340.780999999999 340.158000000001 329.921 338.054 346.748 341.431 344.642
 1.381 0.933 1.495 0.905999999999999 1.412 1.593 1.531 1.458 1.314 1.913
 297.01 286.716999999999 305.199999999999 294.832 294.938 284.24 293.969000000001 301.843000000001 295.412 300.495999999999
 0 0 0 0 0 0 0 0 0 0
 0 0 0 0 0 0 0 0 0 0
