V1 V2 V3 V4 V5 V6 V7 V8 V9 V10
sam 2.30799999999999 2.23500000000013 2.96199999999999 2.30299999999988 2.23399999999992 2.33899999999994 2.25199999999995 2.62999999999988 2.22600000000011 2.15299999999979
geode 0.0289999999999964 0.0459999999999923 0.0940000000000083 0.0220000000000056 0.039999999999992 0.032999999999987 0.0379999999999967 0.100000000000009 0.0320000000000107 0.0360000000000014
ref 2.33799999999997 2.28199999999993 3.05899999999997 2.3280000000002 2.27599999999984 2.3739999999998 2.29199999999992 2.73399999999992 2.25999999999999 2.19100000000003
infog 0 0 0 0 0 0 0 0 0 0
func 0 0 0 0 0 0 0 0 0 0
EFSOS 0.764999999999873 0.760999999999967 0.756000000000085 0.736000000000104 1.02099999999996 0.750999999999976 0.728000000000065 0.72400000000016 0.744999999999891 0.715000000000146
EFSIS 0.0180000000000007 0.0100000000000051 0.0210000000000008 0.0139999999999958 0.0120000000000005 0.0160000000000053 0.0180000000000007 0.0150000000000006 0.00999999999999091 0.0139999999999958
 0.782999999999902 0.772000000000162 0.777000000000044 0.75 1.03300000000013 0.767000000000053 0.747000000000071 0.739000000000033 0.756000000000085 0.730000000000018
 0 0 0 0 0 0 0 0 0 0
 0 0 0 0 0 0 0 0 0 0
 1.91499999999996 1.79599999999982 1.74799999999982 1.87200000000007 1.78099999999995 2.423 1.83899999999994 1.70699999999988 2.24600000000009 1.73900000000003
 0.00799999999999557 0.0100000000000051 0.0259999999999962 0.0109999999999957 0.01400000000001 0.0739999999999981 0.0180000000000007 0.012999999999991 0.0660000000000025 0.00900000000000034
 1.92500000000018 1.80700000000002 1.77600000000007 1.88399999999979 1.79700000000003 2.50099999999998 1.85799999999995 1.72199999999998 2.31299999999987 1.74900000000002
 0 0 0 0 0 0 0 0 0 0
 0 0 0 0 0 0 0 0 0 0
 0.364000000000033 0.339000000000169 0.336999999999989 0.341999999999871 0.356999999999971 0.338999999999942 0.351000000000113 0.331000000000131 0.333000000000084 0.333999999999833
 0.00900000000000034 0 0.00900000000000034 0.00300000000000011 0.00300000000000011 0.00100000000000477 0.00199999999999534 0 0.00100000000000477 0.007000000000005
 0.373999999999796 0.339999999999918 0.346000000000004 0.346000000000004 0.360999999999876 0.339000000000169 0.354000000000042 0.330999999999904 0.335000000000036 0.340999999999894
 0 0 0 0 0 0 0 0 0 0
 0 0 0 0 0 0 0 0 0 0
 5.68899999999985 5.43000000000006 6.12300000000005 5.57600000000002 5.702 6.15699999999993 5.49499999999989 5.69299999999998 5.83800000000019 5.24099999999999
 0.063999999999993 0.0660000000000025 0.15100000000001 0.0499999999999972 0.0690000000000026 0.129999999999995 0.0769999999999982 0.128 0.111000000000004 0.0660000000000025
 5.75599999999986 5.5 6.279 5.63100000000009 5.77599999999984 6.29199999999992 5.57600000000002 5.827 5.95399999999995 5.31099999999992
 0 0 0 0 0 0 0 0 0 0
 0 0 0 0 0 0 0 0 0 0
 21.0330000000001 20.9929999999999 22.5650000000001 22.364 22.0359999999998 20.973 19.97 20.229 20.0759999999998 20.723
 1.98100000000001 1.613 1.94 5.589 1.726 3.709 1.93599999999999 1.729 1.68300000000001 2.047
 31.2620000000002 30.585 32.0160000000001 53.3209999999999 31.7640000000001 40.077 30.441 29.579 29.4270000000001 30.404
 356.641 335.34 325.52 1075.255 345.587 656.222000000002 363.255000000001 329.610000000001 330.840999999997 328.274000000001
 42.8120000000001 30.605 31.652 128.769 31.125 64.915 43.8620000000001 32.288 32.3979999999997 29.6910000000003
