V1 V2 V3 V4 V5 V6 V7 V8 V9 V10
sam 2.40600000000268 2.9690000000046 2.38300000000163 2.37999999999738 2.48099999999977 2.6359999999986 2.38100000000122 2.35099999999511 2.43100000000413 2.2300000000032
geode 0.000999999999976353 0.000999999999976353 0.000999999999976353 0.000999999999976353 0.000999999999976353 0.000999999999976353 0.00200000000018008 0.000999999999976353 0.000999999999976353 0.000999999999976353
ref 2.40899999999965 2.97299999999814 2.38500000000931 2.38399999999092 2.4829999999929 2.63900000001013 2.38399999999092 2.35399999999208 2.43300000000454 2.2329999999929
infog 0 0 0 0 0 0 0 0 0 0
func 0 0 0 0 0 0 0 0 0 0
EFSIS 0.774999999994179 0.769999999996799 0.757000000005064 0.766999999999825 0.791000000004715 0.765999999995984 0.785000000003492 0.75800000000163 0.764999999999418 0.739999999997963
 0 0.00200000000018008 0.000999999999976353 0.000999999999976353 0.000999999999976353 0 0.00199999999995271 0.000999999999976353 0.00100000000020373 0
 0.775000000008731 0.773000000001048 0.75899999999092 0.769000000000233 0.79299999999057 0.766999999992549 0.788000000000466 0.759000000005472 0.767000000007101 0.740000000005239
 0 0 0 0 0 0 0 0 0 0
 0 0 0 0 0 0 0 0 0 0
 2.96700000000419 2.62800000000425 2.83599999999569 3.34799999999814 2.67799999999988 2.72400000000198 3.45599999999831 2.76699999999983 3.16999999999825 2.70000000000437
 0.00300000000015643 0.00199999999995271 0.00199999999995271 0.00299999999992906 0.00199999999995271 0.00399999999990541 0.000999999999976353 0.00400000000013279 0.00299999999992906 0.01299999999992
 2.08599999999569 1.74799999999232 1.97800000000279 2.5060000000085 1.85100000000966 1.86200000000827 2.59500000000116 1.87600000000384 2.26699999999255 1.83199999999488
 0 0 0 0 0 0 0 0 0 0
 0 0 0 0 0 0 0 0 0 0
 0.330999999998312 0.347999999998137 0.359000000004016 0.379000000000815 0.400000000001455 0.359000000004016 0.355999999999767 0.35399999999936 0.34599999999773 0.343999999997322
 0 0 0.000999999999976353 0 0 0 0 0 0 0
 0.331000000005588 0.350000000005821 0.360000000000582 0.379000000000815 0.399999999994179 0.360000000000582 0.357000000003609 0.353999999992084 0.346000000005006 0.345000000001164
 0 0 0 0 0 0 0 0 0 0
 0 0 0 0 0 0 0 0 0 0
 6.77300000000105 7.01400000000285 6.64100000000326 7.17899999999645 6.66500000000087 6.80099999999948 7.28300000000309 6.56199999999808 7.01900000000023 6.34800000000541
 0.00400000000013279 0.00600000000008549 0.00499999999988177 0.00499999999988177 0.00399999999990541 0.00499999999988177 0.00500000000010914 0.00600000000008549 0.00500000000010914 0.0139999999998963
 5.89600000000792 6.14400000000023 5.78800000000047 6.34199999998964 5.84399999999732 5.9429999999993 6.42999999999302 5.6759999999922 6.1200000000099 5.48399999999674
 0 0 0 0 0 0 0 0 0 0
 0 0 0 0 0 0 0 0 0 0
 325.144999999997 337.724999999999 324.987999999998 336.076999999997 342.868000000002 347.862999999998 338.32 337.004000000001 342.747000000003 333.32
 0.274999999999864 0.254999999999882 0.282999999999902 0.266000000000076 0.2650000000001 0.307000000000016 0.270999999999958 0.302999999999884 0.308999999999969 0.455000000000155
 281.868000000002 294.808000000005 281.848000000013 293.019 298.767999999996 304.034 294.671000000002 293.694000000003 297.786999999997 291.019
 0 0 0 0 0 0 0 0 0 0
 0 0 0 0 0 0 0 0 0 0
