V1 V2 V3 V4 V5 V6 V7 V8 V9 V10
sam 3.82200000000012 4.06099999999969 3.61200000000008 4.21399999999994 3.48300000000017 3.83500000000004 3.77300000000014 3.37299999999959 3.41200000000026 4.00099999999929
geode 0.0260000000000105 0.00999999999999091 0.00799999999998136 0.00799999999998136 0.00499999999999545 0.00399999999996226 0.0040000000000191 0.00300000000004275 0.00300000000004275 0.0040000000000191
ref 4.23800000001211 4.07300000009127 3.62199999997392 4.22399999992922 3.49100000003818 3.84199999994598 3.78000000002794 3.37799999990966 3.41800000006333 4.00699999998324
infog 0 0 0 0 0 0 0 0 0 0
func 0 0 0 0 0 0 0 0 0 0
EFSIS 0.782999999999447 0.742999999999483 0.755000000000109 0.756000000000313 0.769000000000233 1.31200000000081 0.759000000000015 0.734000000000378 0.753999999999905 0.744000000000597
 0.00999999999999091 0.01400000000001 0.0110000000000241 0.0010000000000332 0.00200000000000955 0.00200000000000955 0.000999999999976353 0.000999999999976353 0.000999999999976353 0.000999999999976353
 1.04199999989942 0.757999999914318 0.766999999992549 0.758000000030734 0.770999999949709 1.31400000001304 0.760999999940395 0.736000000033528 0.755000000004657 0.745999999926426
 0 0 0 0 0 0 0 0 0 0
 0 0 0 0 0 0 0 0 0 0
 2.6860000000006 2.67399999999998 2.62100000000009 2.95600000000013 2.54600000000028 2.5649999999996 2.64300000000003 2.73800000000028 2.60800000000017 3.34400000000005
 0.141999999999996 0.00900000000001455 0.00699999999994816 0.00899999999995771 0.00600000000002865 0.0040000000000191 0.00600000000002865 0.0040000000000191 0.0129999999999768 0.00999999999999091
 2.87200000009034 1.61100000003353 1.7489999999525 1.70499999995809 1.68000000005122 1.67000000004191 1.78100000007544 1.86900000006426 1.66399999998976 2.19300000008661
 0 0 0 0 0 0 0 0 0 0
 0 0 0 0 0 0 0 0 0 0
 0.376999999999498 0.431000000000495 0.333999999999833 0.34099999999944 0.337999999999738 0.351999999999862 0.371000000000095 0.557999999999993 0.349999999999454 0.353000000000065
 0.0010000000000332 0.000999999999976353 0 0 0 0 0 0.000999999999976353 0 0.0010000000000332
 0.386999999987893 0.432000000029802 0.334000000031665 0.341000000014901 0.339999999967404 0.353000000002794 0.370999999926426 0.557999999960884 0.351000000024214 0.354999999981374
 0 0 0 0 0 0 0 0 0 0
 0 0 0 0 0 0 0 0 0 0
 8.01099999999951 8.39799999999923 7.67399999999998 8.60800000000017 7.86400000000049 8.41600000000017 7.88400000000001 7.7519999999995 7.86200000000008 8.80799999999999
 0.180000000000007 0.035000000000025 0.0269999999999868 0.0190000000000055 0.01400000000001 0.0109999999999673 0.0120000000000005 0.00900000000001455 0.0190000000000055 0.0160000000000196
 8.88299999991432 7.3640000000596 6.82600000000093 7.36899999994785 7.01000000000931 7.53099999995902 7.03200000000652 6.89099999994505 6.92900000000373 7.66700000001583
 0 0 0 0 0 0 0 0 0 0
 0 0 0 0 0 0 0 0 0 0
 390.783 418.088000000001 405.490000000001 407.501 416.16 408.98 390.804 369.659000000001 401.994 393.894
 1.28000000000003 1.60499999999996 0.855999999999995 0.757999999999981 0.673999999999978 0.616000000000042 0.538000000000011 0.48399999999998 0.662000000000035 0.80699999999996
 344.045000000042 368.324999999953 358.547999999952 359.795000000042 370.182999999961 362.800999999978 346.609000000055 324.148000000045 354.131000000052 348.126999999979
 0 0 0 0 0 0 0 0 0 0
 0 0 0 0 0 0 0 0 0 0
