V1 V2 V3 V4 V5 V6 V7 V8 V9 V10
sam 3.50599999999758 3.61100000000079 3.77400000000125 3.59400000000096 3.70400000000154 3.66400000000067 3.38600000000224 3.30600000000049 3.375 3.34500000000116
geode 0 0 0.0010000000000332 0.000999999999976353 0 0 0.0010000000000332 0.000999999999976353 0 0.000999999999976353
ref 3.50899999996182 3.6140000000596 3.77700000000186 3.59799999999814 3.70700000005309 3.66599999996834 3.39099999994505 3.30900000000838 3.37700000009499 3.34899999992922
infog 0 0 0 0 0 0 0 0 0 0
func 0 0 0 0 0 0 0 0 0 0
EFSIS 0.756000000001222 0.76299999999901 0.753000000000611 0.826000000000931 0.755000000001019 1.52200000000084 0.773999999997613 0.738999999997759 0.745999999999185 0.720000000001164
 0 0.00200000000000955 0 0 0 0.000999999999976353 0.000999999999976353 0 0.0010000000000332 0
 0.756999999983236 0.764999999897555 0.753999999957159 0.824999999953434 0.755000000004657 1.52500000002328 0.775000000023283 0.739999999990687 0.747999999905005 0.721000000019558
 0 0 0 0 0 0 0 0 0 0
 0 0 0 0 0 0 0 0 0 0
 2.63699999999881 2.75 2.81199999999808 2.49599999999919 2.48399999999674 2.36699999999837 2.44700000000012 2.6140000000014 2.39500000000044 2.46899999999732
 0.00399999999996226 0.0029999999999859 0.00199999999995271 0.0029999999999859 0.0029999999999859 0.0010000000000332 0.00200000000000955 0.00300000000004275 0.0040000000000191 0.00999999999999091
 1.66300000005867 1.90500000002794 1.97900000005029 1.67099999997299 1.6359999999404 1.50299999990966 1.55900000000838 1.7730000000447 1.51700000010896 1.48699999996461
 0 0 0 0 0 0 0 0 0 0
 0 0 0 0 0 0 0 0 0 0
 0.329000000001543 0.324000000000524 0.319999999999709 0.352999999999156 0.330000000001746 0.332000000002154 0.326000000000931 0.318999999999505 0.335999999999331 0.335999999999331
 0 0.000999999999976353 0 0 0 0 0 0 0 0
 0.329000000027008 0.326000000000931 0.319999999948777 0.354000000050291 0.32999999995809 0.331000000005588 0.326000000000931 0.317999999970198 0.335999999893829 0.336000000010245
 0 0 0 0 0 0 0 0 0 0
 0 0 0 0 0 0 0 0 0 0
 7.5669999999991 7.78300000000309 7.99599999999919 7.60000000000218 7.60699999999997 8.21099999999933 7.24200000000201 7.27600000000166 7.15999999999985 7.20899999999892
 0.00399999999996226 0.00599999999997181 0.0029999999999859 0.00399999999996226 0.0029999999999859 0.00200000000000955 0.0040000000000191 0.0040000000000191 0.00600000000002865 0.0109999999999673
 6.59699999995064 6.94500000006519 7.16700000001583 6.78000000002794 6.76300000003539 7.3509999999078 6.35999999998603 6.43900000001304 6.28600000008009 6.23300000000745
 0 0 0 0 0 0 0 0 0 0
 0 0 0 0 0 0 0 0 0 0
 399.125 407.700999999997 398.431 408.213 408.002 379.721000000001 374.234 374.003999999997 384.095000000001 367.797000000002
 0.28000000000003 0.288000000000011 0.580000000000041 0.622000000000014 0.331000000000017 0.274999999999977 0.283999999999992 0.258999999999958 0.295000000000016 0.629000000000019
 357.604999999981 364.429999999935 356.492000000086 364.609999999986 364.69299999997 336.439000000013 331.682999999961 330.439000000013 338.488000000012 327.193999999901
 0 0 0 0 0 0 0 0 0 0
 0 0 0 0 0 0 0 0 0 0
