V1 V2 V3 V4 V5 V6 V7 V8 V9 V10
sam 2.30800000000454 2.2960000000021 2.57200000000012 2.66599999999744 2.34999999999854 2.84999999999854 2.31599999999889 2.51699999999983 3.15899999999965 3.0460000000021
geode 0 0 0.000999999999976353 0 0 0.00199999999995271 0 0.000999999999976353 0 0.000999999999976353
ref 2.31100000000151 2.29799999999523 2.5740000000078 2.66900000000896 2.35199999999895 2.85300000000279 2.31900000000314 2.52000000000407 3.16200000001118 3.05000000000291
infog 0 0 0 0 0 0 0 0 0 0
func 0 0 0 0 0 0 0 0 0 0
EFSIS 0.77100000000064 0.754999999997381 0.911000000000058 0.728000000002794 0.755000000004657 0.754000000000815 0.754999999997381 0.777999999998428 0.755000000004657 0.74199999999837
 0.00199999999995271 0 0.000999999999976353 0.000999999999976353 0.000999999999976353 0.000999999999976353 0 0 0.00199999999995271 0.00199999999995271
 0.773000000001048 0.755999999993946 0.911999999996624 0.729999999995925 0.756000000008498 0.756999999997788 0.754999999990105 0.778999999994994 0.75800000000163 0.744999999995343
 0 0 0 0 0 0 0 0 0 0
 0 0 0 0 0 0 0 0 0 0
 2.72599999999511 2.75 2.92599999999948 2.49199999999837 2.71600000000035 2.56599999999889 3.17500000000291 2.89400000000023 2.77599999999802 2.5
 0.00199999999995271 0.00199999999995271 0.000999999999976353 0.00199999999995271 0.00299999999992906 0.00400000000013279 0.00300000000015643 0.00500000000010914 0.000999999999976353 0.0140000000001237
 1.86699999999837 1.84700000000885 2.03599999999278 1.61100000000442 1.84100000000035 1.72699999999895 2.3240000000078 2.00699999999779 1.86799999998766 1.60000000000582
 0 0 0 0 0 0 0 0 0 0
 0 0 0 0 0 0 0 0 0 0
 0.351000000002387 0.351999999998952 0.35399999999936 0.339999999996508 0.402000000001863 0.334999999999127 0.350999999995111 0.36200000000099 0.379999999997381 0.379999999997381
 0.000999999999976353 0 0 0 0 0.000999999999976353 0 0 0 0
 0.351999999998952 0.353000000002794 0.355000000010477 0.339999999996508 0.402999999991152 0.335999999995693 0.351999999998952 0.362000000008265 0.380000000004657 0.380000000004657
 0 0 0 0 0 0 0 0 0 0
 0 0 0 0 0 0 0 0 0 0
 6.48600000000442 6.48999999999796 7.07600000000093 6.52199999999721 6.54100000000471 6.82299999999668 6.91999999999825 6.89099999999598 7.37299999999959 6.96600000000035
 0.00599999999985812 0.00199999999995271 0.00299999999992906 0.00400000000013279 0.00399999999990541 0.0080000000000382 0.00400000000013279 0.00600000000008549 0.00299999999992906 0.0180000000000291
 5.63400000000547 5.59199999998964 6.19100000000617 5.64600000000792 5.66900000000896 5.99000000000524 6.07499999999709 6.00699999999779 6.47100000000501 6.0740000000078
 0 0 0 0 0 0 0 0 0 0
 0 0 0 0 0 0 0 0 0 0
 331.972999999998 329.220000000001 351.551999999996 325.963000000003 334.548999999999 338.720999999998 346.300999999999 332.154999999999 339.023000000001 332.350000000006
 0.264000000000124 0.269999999999982 0.326999999999998 0.335000000000036 0.221000000000004 0.291999999999916 0.241999999999962 0.269999999999982 0.335000000000036 0.421000000000049
 288.516000000003 285.909 308.03899999999 282.619999999995 290.70199999999 295.308999999994 302.777000000002 289.057000000001 294.490000000005 290.212
 0 0 0 0 0 0 0 0 0 0
 0 0 0 0 0 0 0 0 0 0
