V1 V2 V3 V4 V5 V6 V7 V8 V9 V10
sam 2.275 2.35000000000002 2.32799999999997 2.46900000000005 2.37400000000002 3.18499999999995 2.60199999999986 2.46499999999969 3.45600000000013 2.5300000000002
geode 0.162 0 0 0 0 0 0 0 0.000999999999999446 0
ref 2.44 2.34999999999997 2.32899999999995 2.47000000000003 2.37799999999993 3.18799999999987 2.60300000000007 2.4680000000003 3.46099999999979 2.53200000000015
infog 0 0 0 0 0 0 0 0 0 0
func 0 0 0 0 0 0 0 0 0 0
EFSIS 0.814 0.780999999999949 0.774000000000001 0.850999999999885 0.780999999999949 0.91800000000012 0.797000000000025 0.769000000000233 0.771999999999935 0.768000000000029
 0 0 0.0179999999999998 0.0129999999999999 0 0 0 0 0 0.00100000000000033
 0.815000000000001 0.783000000000015 0.793000000000006 0.865000000000009 0.781000000000176 0.919000000000096 0.798000000000002 0.768000000000029 0.771999999999935 0.768000000000029
 0 0 0 0 0 0 0 0 0 0
 0 0 0 0 0 0 0 0 0 0
 3.215 3.04100000000005 3.22399999999993 3.25300000000016 2.9670000000001 2.85199999999986 3.02300000000014 2.93299999999999 2.83300000000008 3.09000000000015
 0.304 0.00099999999999989 0.00499999999999989 0.004 0.00099999999999989 0.00499999999999989 0 0 0.00400000000000045 0.00899999999999945
 2.183 1.976 2.32500000000005 2.31899999999996 1.99299999999994 1.89100000000008 2.05199999999991 1.95800000000008 1.77700000000004 2.10099999999966
 0 0 0 0 0 0 0 0 0 0
 0 0 0 0 0 0 0 0 0 0
 0.349 0.363 0.350999999999999 0.401999999999816 0.381000000000085 0.360000000000127 0.360000000000127 0.365999999999985 0.367000000000189 0.375
 0 0 0 0 0 0 0 0 0 0
 0.349000000000004 0.355000000000018 0.350000000000023 0.402000000000044 0.381000000000085 0.360999999999876 0.36200000000008 0.365999999999985 0.367000000000189 0.374000000000251
 0 0 0 0 0 0 0 0 0 0
 0 0 0 0 0 0 0 0 0 0
 6.939 6.84300000000002 6.98399999999992 7.28800000000001 6.80899999999997 7.64200000000005 7.0949999999998 6.99299999999994 7.72700000000032 7.07200000000012
 0.466 0.00099999999999989 0.0229999999999997 0.0169999999999999 0.00099999999999989 0.00499999999999989 0 0 0.00499999999999989 0.00999999999999979
 6.073 5.77100000000002 6.10500000000002 6.37099999999998 5.84000000000015 6.6869999999999 6.12999999999988 6.02200000000039 6.67799999999988 6.08800000000019
 0 0 0 0 0 0 0 0 0 0
 0 0 0 0 0 0 0 0 0 0
 346.863 345.121 347.066 351.606 353.2 360.477 360.335 349.513 357.693 359.574
 0.345 0.848 1.091 0.175 0.277 0.284 0.204000000000001 0.137 0.149 0.317
 298.879 296.964 300.345 304.732 303.522 313.778 312.99 301.74 307.148 312.005
 0 0 0 0 0 0 0 0 0 0
 0 0 0 0 0 0 0 0 0 0
