V1 V2 V3 V4 V5 V6 V7 V8 V9 V10
sam 2.60400000000118 2.49799999999959 2.40099999999984 2.33699999999953 2.3169999999991 2.13900000000103 2.17400000000089 2.19800000000032 2.375 3.01800000000003
geode 0.0169999999999959 0 0 0 0.000999999999997669 0.0069999999999979 0.00500000000000256 0.0139999999999958 0 0.0240000000000009
ref 2.6239999999998 2.4989999999998 2.40200000000004 2.33899999999994 2.31899999999951 2.14799999999923 2.18100000000049 2.21399999999994 2.37800000000061 3.04500000000007
infog 0 0 0 0 0 0 0 0 0 0
func 0 0 0 0 0 0 0 0 0 0
EFSIS 0.814000000000306 0.753000000000611 0.739000000001397 0.764000000001033 0.742000000000189 0.743999999998778 0.755999999999403 0.75 0.754000000000815 0.741000000001804
 0.0160000000000053 0.0120000000000005 0.0109999999999957 0.0160000000000053 0.00999999999999801 0.0140000000000029 0.0159999999999982 0.0139999999999958 0.00799999999999557 0.01400000000001
 0.829999999999927 0.764999999999418 0.752000000000407 0.779999999998836 0.754000000000815 0.757999999999811 0.772999999999229 0.763999999999214 0.76299999999901 0.755000000001019
 0 0 0 0 0 0 0 0 0 0
 0 0 0 0 0 0 0 0 0 0
 2.86999999999898 3.11399999999958 2.77099999999882 2.82899999999972 2.88500000000022 2.41899999999987 2.51300000000083 2.51100000000042 2.82900000000154 2.75699999999779
 0.0249999999999986 0.0390000000000015 0.00200000000000244 0.00300000000000011 0 0.0180000000000007 0.0390000000000015 0.01400000000001 0.00800000000000978 0.0390000000000015
 2.00699999999961 2.25200000000041 1.88199999999961 1.90200000000004 1.91100000000006 1.54800000000068 1.62900000000081 1.61399999999958 1.88700000000063 1.8169999999991
 0 0 0 0 0 0 0 0 0 0
 0 0 0 0 0 0 0 0 0 0
 0.388000000000829 0.337999999999738 0.346000000001368 0.365999999999985 0.338999999999942 0.333000000000538 0.344999999999345 0.355999999999767 0.370999999999185 0.365000000001601
 0.00600000000000023 0.00800000000000267 0 0 0.00100000000000477 0.0069999999999979 0 0.00699999999999079 0.00799999999999557 0
 0.395000000000437 0.344999999999345 0.345999999999549 0.365999999999985 0.340000000000146 0.341000000000349 0.344999999999345 0.363000000001193 0.379000000000815 0.365000000001601
 0 0 0 0 0 0 0 0 0 0
 0 0 0 0 0 0 0 0 0 0
 7.01400000000103 7.02900000000045 6.58899999999994 6.625 6.60299999999916 5.9320000000007 6.09100000000035 6.13500000000022 6.66100000000006 7.20200000000114
 0.0640000000000001 0.0590000000000046 0.0129999999999981 0.0190000000000055 0.0120000000000005 0.0459999999999994 0.0600000000000023 0.0489999999999924 0.0240000000000009 0.0770000000000124
 6.1929999999993 6.1880000000001 5.71399999999994 5.71600000000035 5.64500000000044 5.09100000000035 5.23199999999997 5.27599999999984 5.73800000000119 6.30599999999868
 0 0 0 0 0 0 0 0 0 0
 0 0 0 0 0 0 0 0 0 0
 344.285 339.029 345.056 329.824000000001 348.811 314.76 322.761 339.236000000001 344.387999999999 337.795000000002
 1.532 1.409 0.878999999999998 1.671 1.556 1.565 1.615 1.364 1.721 1.74299999999999
 298.761 294.027 299.655000000001 284.233999999999 303.23 269.611999999999 277.807999999999 293.936 297.177 293.606
 0 0 0 0 0 0 0 0 0 0
 0 0 0 0 0 0 0 0 0 0
