V1 V2 V3 V4 V5 V6 V7 V8 V9 V10
sam 2.57600000000093 3.18100000000049 3.14400000000023 3.46099999999933 2.88799999999901 2.62700000000041 3.08200000000215 2.72000000000116 2.99799999999959 2.80000000000291
geode 0.00200000000006639 0.000999999999976353 0.00199999999995271 0.000999999999976353 0.000999999999976353 0.00100000000009004 0.000999999999976353 0.00100000000009004 0.000999999999976353 0.00200000000006639
ref 2.58099999999831 3.18399999999747 3.15000000000146 3.46600000000035 2.89199999999983 2.63100000000122 3.08499999999913 2.72300000000178 3 2.80299999999988
infog 0 0 0 0 0 0 0 0 0 0
func 0 0 0 0 0 0 0 0 0 0
EFSIS 0.826999999997497 0.778999999998632 0.808999999997468 0.789000000000669 0.882000000001426 0.826999999997497 0.815999999998894 0.799999999999272 0.808000000000902 0.891999999999825
 0.00199999999995271 0 0.000999999999976353 0.000999999999976353 0 0.000999999999976353 0 0.000999999999976353 0.000999999999976353 0.000999999999976353
 0.829000000001543 0.780000000002474 0.809999999997672 0.790000000000873 0.882000000001426 0.827999999997701 0.815999999998894 0.802999999999884 0.809000000001106 0.894000000000233
 0 0 0 0 0 0 0 0 0 0
 0 0 0 0 0 0 0 0 0 0
 3.52500000000146 2.77200000000084 3.18100000000049 2.96099999999933 3.84100000000035 3.42000000000189 3.39500000000044 4.02999999999884 3.13799999999901 3.32099999999991
 0.00900000000001455 0.0040000000000191 0.00200000000006639 0.00300000000004275 0.00300000000004275 0.00299999999992906 0.00200000000006639 0.00699999999994816 0.0040000000000191 0.00999999999999091
 2.51399999999921 1.82399999999689 2.30900000000111 1.99399999999878 2.93799999999828 2.50400000000081 2.45200000000114 3.07800000000134 2.15699999999924 2.38100000000122
 0 0 0 0 0 0 0 0 0 0
 0 0 0 0 0 0 0 0 0 0
 0.377000000000407 0.434999999997672 0.401000000001659 0.414000000000669 0.395000000000437 0.34599999999773 0.383999999998196 0.354000000002998 0.388999999999214 0.39799999999741
 0 0 0 0 0 0 0 0 0 0
 0.354999999999563 0.43500000000131 0.400999999998021 0.415000000000873 0.39600000000064 0.348000000001775 0.384999999998399 0.352999999999156 0.388999999999214 0.399999999997817
 0 0 0 0 0 0 0 0 0 0
 0 0 0 0 0 0 0 0 0 0
 7.62800000000061 7.50799999999799 7.87999999999738 7.95100000000093 8.34500000000116 7.52599999999802 8.03199999999924 8.24200000000201 7.6919999999991 7.75
 0.0130000000000337 0.00499999999999545 0.00499999999999545 0.00499999999999545 0.00499999999999545 0.00499999999999545 0.00300000000004275 0.00900000000001455 0.00599999999997181 0.0130000000000337
 6.60299999999916 6.56599999999889 7.01499999999942 6.99200000000201 7.44800000000032 6.61599999999817 7.09300000000076 7.29500000000189 6.71500000000015 6.81599999999889
 0 0 0 0 0 0 0 0 0 0
 0 0 0 0 0 0 0 0 0 0
 385.396999999997 379.673000000003 384.593000000001 381.290999999997 380.130000000001 374.886000000002 386.607 398.402999999998 391.452000000001 379.818000000003
 0.30499999999995 0.273000000000025 0.283999999999992 6.80799999999999 0.261999999999944 0.253000000000043 7.81099999999992 0.381000000000085 6.34699999999998 0.483999999999924
 337.48 331.855 337.064000000002 341.240999999998 331.999 326.826000000001 349.495999999999 347.927 351.466 332.075000000001
 0 0 0 0 0 0 0 0 0 0
 0 0 0 0 0 0 0 0 0 0
