V1 V2 V3 V4 V5 V6 V7 V8 V9 V10
sam 2.86400000000003 2.36500000000001 2.25700000000006 2.43100000000004 2.88699999999994 2.67899999999986 2.27399999999989 2.67099999999982 3.00500000000011 2.51300000000015
geode 0.0969999999999942 0.0289999999999964 0.0439999999999969 0.0359999999999729 0.0289999999999964 0.0550000000000068 0.0269999999999868 0.0550000000000068 0.0550000000000068 0.0279999999999916
ref 2.96500000000015 2.39499999999998 2.30299999999988 2.4699999999998 2.91799999999967 2.73600000000033 2.30200000000013 2.72900000000027 3.0619999999999 2.54400000000032
infog 0 0 0 0 0 0 0 0 0 0
func 0 0 0 0 0 0 0 0 0 0
EFSOS 0.755999999999858 0.771999999999935 0.740999999999985 0.751999999999953 1.13800000000015 0.980000000000018 1.24299999999994 0.899000000000115 1.13099999999986 0.826999999999998
EFSIS 0.0180000000000007 0.0180000000000007 0.00900000000000034 0.0160000000000196 0.0190000000000055 0.0169999999999959 0.0710000000000264 0.0149999999999864 0.0180000000000007 0.0160000000000196
 0.773999999999887 0.791000000000167 0.751000000000204 0.766999999999825 1.1579999999999 0.996999999999844 1.31500000000005 0.913000000000011 1.14899999999989 0.844000000000051
 0 0 0 0 0 0 0 0 0 0
 0 0 0 0 0 0 0 0 0 0
 1.80400000000009 1.85100000000011 1.83699999999999 2.34699999999998 2.75 2.32300000000009 1.77200000000016 2.19299999999998 2.52099999999996 2.51699999999983
 0.0160000000000053 0.007000000000005 0.01400000000001 0.0739999999999839 0.00300000000001432 0.0229999999999961 0.0339999999999918 0.00100000000000477 0.007000000000005 0.0879999999999939
 1.82200000000012 1.85999999999967 1.85199999999986 2.42200000000003 2.75600000000031 2.34900000000016 1.80799999999999 2.19599999999991 2.52999999999975 2.60599999999977
 0 0 0 0 0 0 0 0 0 0
 0 0 0 0 0 0 0 0 0 0
 0.349999999999909 0.336999999999989 0.343000000000075 0.340000000000146 0.45699999999988 0.391000000000076 0.365999999999985 0.406999999999925 0.423000000000002 0.37700000000018
 0 0.00799999999999557 0.00699999999999079 0 0 0 0.007000000000005 0.00100000000000477 0.00499999999999545 0.00199999999998113
 0.34900000000016 0.345000000000255 0.349999999999909 0.340000000000146 0.45699999999988 0.391000000000076 0.373000000000047 0.407999999999902 0.428000000000338 0.378999999999905
 0 0 0 0 0 0 0 0 0 0
 0 0 0 0 0 0 0 0 0 0
 6.10399999999981 5.64699999999993 5.48500000000013 6.17700000000013 7.62400000000002 6.74199999999996 5.98699999999985 6.50900000000001 7.47499999999991 6.59000000000015
 0.131 0.0619999999999976 0.0739999999999981 0.130999999999972 0.0510000000000161 0.0949999999999989 0.140999999999991 0.0720000000000027 0.085000000000008 0.140000000000015
 6.24099999999999 5.71399999999994 5.5630000000001 6.3130000000001 7.68099999999959 6.8420000000001 6.13300000000027 6.58500000000004 7.5659999999998 6.73600000000033
 0 0 0 0 0 0 0 0 0 0
 0 0 0 0 0 0 0 0 0 0
 21.8230000000001 22.462 21.828 21.232 24.3130000000001 25.2950000000001 24.2550000000001 26.0649999999998 23.8480000000002 26.2619999999999
 1.91 7.181 1.962 1.98400000000001 2.84999999999999 2.25900000000001 2.142 2.398 2.21799999999999 4.92099999999999
 31.239 65.7580000000003 31.3110000000001 30.7350000000001 39.5910000000003 40.8910000000001 38.5940000000001 42.047 38.011 54.739
 335.506000000001 1451.594 331.454999999998 336.868999999999 517.325000000001 545.933000000001 490.215 541.112000000001 507.060999999998 958.882000000001
 32.8789999999999 172.237 30.2049999999999 32.5790000000002 64.7839999999997 63.259 43.855 68.8440000000001 45.8980000000001 96.056
