V1 V2 V3 V4 V5 V6 V7 V8 V9 V10
sam 2.73300000000017 3.11499999999796 2.57099999999991 2.99299999999857 2.42599999999948 2.78600000000006 2.61599999999817 2.57999999999811 2.90200000000186 2.75
geode 0 0 0.000999999999976353 0.00299999999992906 0.00199999999995271 0.000999999999976353 0.000999999999976353 0.00100000000009004 0.000999999999976353 0.000999999999976353
ref 2.73499999999694 3.11799999999857 2.57400000000052 2.9989999999998 2.42999999999665 2.79000000000087 2.61899999999878 2.58299999999872 2.90600000000268 2.75400000000081
infog 0 0 0 0 0 0 0 0 0 0
func 0 0 0 0 0 0 0 0 0 0
EFSIS 1.57999999999811 0.815000000002328 0.800999999999476 0.947000000000116 0.805000000000291 0.835999999999331 0.799999999999272 0.811000000001513 1.09799999999814 0.81499999999869
 0.00199999999995271 0.000999999999976353 0 0.00100000000009004 0.000999999999976353 0 0 0 0 0.000999999999976353
 1.58300000000236 0.81499999999869 0.802999999999884 0.947999999996682 0.807000000000698 0.836999999999534 0.798999999999069 0.812000000001717 1.09799999999814 0.817999999999302
 0 0 0 0 0 0 0 0 0 0
 0 0 0 0 0 0 0 0 0 0
 2.9419999999991 2.84999999999854 3.19000000000233 3.10299999999916 2.96199999999953 3.19000000000233 2.94700000000012 2.91300000000047 4.09700000000157 3.37700000000041
 0.0040000000000191 0.00200000000006639 0.00200000000006639 0.00299999999992906 0.00300000000004275 0.00299999999992906 0.00300000000004275 0.00299999999992906 0.0080000000000382 0.0120000000000573
 1.98899999999776 1.92499999999927 2.05299999999988 2.20100000000093 2.02800000000207 2.24300000000221 2.03900000000067 1.94800000000032 3.07099999999991 2.44900000000052
 0 0 0 0 0 0 0 0 0 0
 0 0 0 0 0 0 0 0 0 0
 0.376000000000204 0.401000000001659 0.440999999998894 0.439000000002125 0.40599999999904 0.413999999997031 0.381000000001222 0.390999999999622 0.431000000000495 0.361000000000786
 0 0 0 0 0 0.00100000000009004 0 0.00100000000009004 0 0
 0.375 0.401000000001659 0.440999999998894 0.438000000001921 0.40599999999904 0.415999999997439 0.382000000001426 0.391999999999825 0.430000000000291 0.361000000000786
 0 0 0 0 0 0 0 0 0 0
 0 0 0 0 0 0 0 0 0 0
 7.98799999999756 7.55299999999988 7.34900000000198 7.81399999999849 6.91300000000047 7.56100000000151 7.15199999999822 7.01599999999962 8.92900000000009 7.64300000000003
 0.00599999999997181 0.0040000000000191 0.0040000000000191 0.00799999999992451 0.00599999999997181 0.00499999999999545 0.0040000000000191 0.00500000000010914 0.00900000000001455 0.0149999999999864
 7.03899999999703 6.63199999999779 6.21800000000076 6.92099999999846 5.98399999999674 6.62000000000262 6.24699999999939 6.05600000000049 7.90800000000309 6.72200000000157
 0 0 0 0 0 0 0 0 0 0
 0 0 0 0 0 0 0 0 0 0
 385.688000000002 375.871999999999 362.374 376.231 331.758999999998 375.958999999999 386.672000000002 385.957999999999 396.097000000002 358.623
 0.240000000000009 0.239000000000033 21.408 20.1320000000001 90.776 0.255999999999972 10.1289999999999 0.29099999999994 0.263000000000034 73.645
 336.853000000003 328.038 347.698 358.649000000001 417.980000000003 327.023999999998 353.481 338.083999999999 346.812999999998 419.161
 0 0 0 0 0 0 0 0 0 0
 0 0 0 0 0 0 0 0 0 0
