V1 V2 V3 V4 V5 V6 V7 V8 V9 V10
sam 2.57200000000012 2.11699999999837 2.26299999999901 2.64300000000003 2.39699999999721 2.23300000000017 2.31399999999849 2.47999999999956 2.58699999999953 2.42299999999886
geode 0 0 0 0.0169999999999959 0 0.00100000000000477 0.00499999999999545 0.00100000000000477 0 0.00900000000000034
ref 2.57400000000052 2.1200000000008 2.26399999999921 2.66400000000067 2.39799999999923 2.23600000000079 2.31999999999971 2.48199999999997 2.58799999999974 2.43400000000111
infog 0 0 0 0 0 0 0 0 0 0
func 0 0 0 0 0 0 0 0 0 0
EFSIS 0.77100000000064 0.733000000000175 0.748999999999796 0.734000000000378 0.756000000001222 0.736000000000786 0.748999999999796 0.765999999999622 0.770000000000437 0.736000000000786
 0.0180000000000007 0.0130000000000052 0.01400000000001 0.0190000000000055 0.0139999999999958 0.0150000000000006 0.0170000000000101 0.0219999999999914 0.0180000000000007 0.0100000000000051
 0.790000000000873 0.746999999999389 0.764000000001033 0.752000000000407 0.77100000000064 0.752000000000407 0.766999999999825 0.787999999996828 0.789000000000669 0.746999999999389
 0 0 0 0 0 0 0 0 0 0
 0 0 0 0 0 0 0 0 0 0
 2.7970000000023 2.47000000000116 3.02400000000125 2.38200000000143 2.87299999999959 2.77499999999782 2.78299999999945 3.45999999999913 2.94800000000032 2.81399999999849
 0.00300000000000011 0.00300000000000011 0.0279999999999916 0.0130000000000052 0 0.000999999999990564 0.00699999999999079 0.00600000000000023 0.00500000000000966 0.0289999999999964
 1.878999999999 1.56600000000071 2.13400000000001 1.48899999999958 1.95700000000033 1.85399999999936 1.89300000000003 2.56900000000314 2.05199999999968 1.89199999999983
 0 0 0 0 0 0 0 0 0 0
 0 0 0 0 0 0 0 0 0 0
 0.361999999997352 0.324000000000524 0.336999999999534 0.371999999999389 0.359000000000378 0.337999999999738 0.345000000001164 0.354999999999563 0.342000000000553 0.378000000000611
 0 0 0 0.000999999999990564 0 0.00300000000000011 0 0 0 0.00600000000000023
 0.362999999999374 0.325999999999112 0.336999999999534 0.373999999999796 0.359999999998763 0.342000000000553 0.34400000000096 0.355999999999767 0.342000000000553 0.385000000002037
 0 0 0 0 0 0 0 0 0 0
 0 0 0 0 0 0 0 0 0 0
 6.82200000000012 5.93100000000049 6.65699999999924 6.40999999999985 6.71799999999712 6.36200000000099 6.51800000000003 7.39600000000064 6.97399999999834 6.67799999999988
 0.0210000000000008 0.0160000000000053 0.0420000000000016 0.0499999999999972 0.0139999999999958 0.019999999999996 0.0289999999999964 0.0289999999999964 0.0230000000000103 0.054000000000002
 5.9260000000013 5.04500000000007 5.78399999999965 5.5580000000009 5.82099999999991 5.46299999999974 5.65199999999822 6.52899999999863 6.10000000000218 5.78299999999945
 0 0 0 0 0 0 0 0 0 0
 0 0 0 0 0 0 0 0 0 0
 341.911 311.744999999999 319.242000000002 337.488000000001 337.377 346.490999999998 355.310999999998 347.294999999998 355.983 320.07
 1.601 1.44399999999999 1.328 0.900000000000006 0.887 0.981999999999999 0.919000000000011 0.918999999999997 1.67399999999999 1.54000000000001
 296.236999999999 266.001 274.784 292.582 290.695000000002 300.053 309.891 302.188999999998 309.466 275.928
 0 0 0 0 0 0 0 0 0 0
 0 0 0 0 0 0 0 0 0 0
