V1 V2 V3 V4 V5 V6 V7 V8 V9 V10
sam 2.88899999999558 2.20999999999913 2.37399999999616 2.2960000000021 2.47800000000279 2.27399999999034 2.47900000000664 2.34900000000198 2.96199999999953 2.3689999999915
geode 0.00199999999995271 0 0 0 0 0.000999999999976353 0.000999999999976353 0 0.000999999999976353 0
ref 2.89300000001094 2.21199999999953 2.37600000000384 2.30000000000291 2.47999999999593 2.27599999999802 2.48200000000361 2.35300000000279 2.96500000001106 2.37099999999919
infog 0 0 0 0 0 0 0 0 0 0
func 0 0 0 0 0 0 0 0 0 0
EFSIS 0.774000000004889 0.751000000003842 0.764000000002852 0.771999999997206 0.775999999998021 0.751000000003842 0.783999999999651 0.75099999998929 0.737000000008265 0.752000000007683
 0.000999999999976353 0.000999999999976353 0 0.000999999999976353 0 0.0109999999999673 0.000999999999976353 0 0 0
 0.774999999994179 0.752999999996973 0.763999999995576 0.773000000001048 0.777000000001863 0.763000000006286 0.785999999992782 0.75 0.739000000001397 0.752000000007683
 0 0 0 0 0 0 0 0 0 0
 0 0 0 0 0 0 0 0 0 0
 2.72599999999511 2.53600000000006 2.80000000000291 2.68400000000111 2.94600000000355 2.88999999999942 3.11399999998685 2.76200000000244 2.65199999998731 2.75800000000163
 0.00199999999995271 0.000999999999976353 0.00400000000013279 0.00200000000018008 0.00200000000018008 0.00299999999992906 0 0.00600000000008549 0.00399999999990541 0.00900000000001455
 1.83599999999569 1.63700000000244 1.9210000000021 1.79499999999825 2.03600000000733 2.04299999999057 2.25 1.84399999999732 1.75400000000081 1.91700000000128
 0 0 0 0 0 0 0 0 0 0
 0 0 0 0 0 0 0 0 0 0
 0.342000000004191 0.377999999996973 0.32999999999447 0.35399999999936 0.35899999999674 0.384000000005472 0.335000000006403 0.351999999998952 0.335000000006403 0.382999999987078
 0 0 0 0 0 0 0 0 0 0
 0.343000000008033 0.379000000000815 0.331999999994878 0.354999999995925 0.360000000000582 0.38300000000163 0.332999999998719 0.353000000002794 0.335999999995693 0.38300000000163
 0 0 0 0 0 0 0 0 0 0
 0 0 0 0 0 0 0 0 0 0
 7.06100000000151 6.1730000000025 6.59999999999854 6.43299999999726 6.86000000000058 6.6079999999929 7.02899999999499 6.52199999999721 6.98700000000827 6.57200000000012
 0.00599999999985812 0.00199999999995271 0.00400000000013279 0.00400000000013279 0.00200000000018008 0.0149999999998727 0.00300000000015643 0.00600000000008549 0.00600000000008549 0.00900000000001455
 6.17899999998917 5.27899999999499 5.72699999999895 5.54899999999907 5.9539999999979 5.77399999999034 6.16800000000512 5.60700000000361 6.09500000000116 5.73399999999674
 0 0 0 0 0 0 0 0 0 0
 0 0 0 0 0 0 0 0 0 0
 331.369999999995 331.417000000001 320.321000000004 337.262000000002 324.899999999994 323.531000000003 333.792000000001 335.656000000003 343.419999999998 326.947999999989
 0.211000000000013 0.229000000000042 0.273999999999887 0.177999999999884 0.358999999999924 0.286000000000058 0.313999999999851 0.22199999999998 0.336999999999989 0.451000000000022
 287.608000000007 288.186000000002 277.142000000007 293.558000000005 281.156000000003 280.185000000012 290.561999999991 292.266999999993 298.554000000004 284.659
 0 0 0 0 0 0 0 0 0 0
 0 0 0 0 0 0 0 0 0 0
