V1 V2 V3 V4 V5 V6 V7 V8 V9 V10
sam 3.80600000000049 3.69700000000012 3.85499999999956 3.76400000000285 3.82400000000052 3.94599999999991 3.88300000000163 3.32500000000073 3.34600000000137 3.28800000000047
geode 0.0010000000000332 0 0 0.000999999999976353 0 0.000999999999976353 0 0.0010000000000332 0 0.0010000000000332
ref 3.8080000000773 3.69999999995343 3.85900000005495 3.76799999992363 3.82699999993201 3.94899999990594 3.88699999998789 3.33000000007451 3.34799999999814 3.29299999994691
infog 0 0 0 0 0 0 0 0 0 0
func 0 0 0 0 0 0 0 0 0 0
EFSIS 0.754000000000815 0.760999999998603 0.782999999999447 0.758999999998196 0.78099999999904 0.797999999998865 0.822000000000116 0.72899999999936 0.754999999997381 0.717000000000553
 0 0 0.0010000000000332 0.0010000000000332 0.000999999999976353 0 0 0 0 0.000999999999976353
 0.755999999935739 0.761999999987893 0.783999999985099 0.761000000056811 0.782000000006519 0.798000000067987 0.821999999927357 0.729999999981374 0.755000000004657 0.717999999993481
 0 0 0 0 0 0 0 0 0 0
 0 0 0 0 0 0 0 0 0 0
 2.61999999999898 2.47500000000218 3.04200000000128 2.53900000000067 2.55400000000009 3.6339999999982 2.96500000000015 2.34500000000116 2.76700000000346 2.51800000000003
 0.000999999999976353 0.000999999999976353 0.00200000000000955 0.00399999999996226 0.00200000000000955 0.0040000000000191 0.00200000000000955 0.0040000000000191 0.0010000000000332 0.00600000000002865
 1.64199999999255 1.65500000002794 2.17700000002515 1.70900000003166 1.70300000009593 2.60100000002421 2.08200000005309 1.50399999995716 1.88800000003539 1.53000000002794
 0 0 0 0 0 0 0 0 0 0
 0 0 0 0 0 0 0 0 0 0
 0.329999999998108 0.367999999998574 0.324000000000524 0.348000000001775 0.34400000000096 0.333000000002357 0.331999999998516 0.322000000000116 0.320999999999913 0.328000000001339
 0 0 0 0 0 0 0 0 0 0
 0.330000000074506 0.368999999947846 0.324999999953434 0.347999999998137 0.34499999997206 0.332999999984168 0.334000000031665 0.320999999996275 0.320999999996275 0.326000000000931
 0 0 0 0 0 0 0 0 0 0
 0 0 0 0 0 0 0 0 0 0
 7.84000000000015 7.82700000000114 8.34000000000015 7.74800000000323 7.83200000000215 9.09799999999814 8.34999999999854 7.02999999999884 7.49599999999919 7.1710000000021
 0.00200000000000955 0.000999999999976353 0.00300000000004275 0.00599999999997181 0.0029999999999859 0.00499999999999545 0.00200000000000955 0.0050000000000523 0.0010000000000332 0.0080000000000382
 6.86700000008568 7.01299999991897 7.48100000002887 6.92499999993015 6.98499999998603 8.0679999999702 7.47199999995064 6.19500000006519 6.61900000006426 6.18799999996554
 0 0 0 0 0 0 0 0 0 0
 0 0 0 0 0 0 0 0 0 0
 410.129000000001 412.620999999999 412.630000000001 419.862999999998 405.406999999999 422.420999999998 403.481000000003 372.736000000001 391.333000000002 399.673999999999
 0.300000000000011 0.286000000000001 0.274999999999977 0.297000000000025 0.301000000000045 0.291999999999973 0.296999999999969 0.263999999999953 0.288999999999987 0.618999999999971
 368.371999999974 370.475000000093 370.190000000061 377.194000000018 362.350999999908 376.640999999945 358.76800000004 331.011999999988 346.331000000006 358.423999999999
 0 0 0 0 0 0 0 0 0 0
 0 0 0 0 0 0 0 0 0 0
