V1 V2 V3 V4 V5 V6 V7 V8 V9 V10
sam 2.39699999999993 2.43799999999965 2.4970000000003 2.75600000000031 2.25200000000041 2.45800000000054 2.25799999999981 2.65999999999985 2.79799999999977 2.63299999999981
geode 0 0 0 0 0 0 0 0 0.00100000000000477 0.00500000000000966
ref 2.39799999999968 2.43900000000031 2.4989999999998 2.75900000000001 2.25399999999991 2.46000000000004 2.25999999999931 2.66299999999956 2.80199999999968 2.64099999999962
infog 0 0 0 0 0 0 0 0 0 0
func 0 0 0 0 0 0 0 0 0 0
EFSIS 0.731000000000222 0.776000000000295 0.78899999999976 0.789999999999964 0.759999999999309 0.770999999999731 0.787000000000262 0.787999999999556 0.844000000000051 0.760000000000218
 0 0 0.000999999999999446 0 0 0 0.000999999999999446 0 0 0.00199999999999534
 0.733000000000175 0.777999999999793 0.791000000000167 0.789999999999964 0.760000000000218 0.771999999999935 0.788000000000466 0.788000000000466 0.846000000000458 0.761000000000422
 0 0 0 0 0 0 0 0 0 0
 0 0 0 0 0 0 0 0 0 0
 3.04099999999971 2.80499999999984 3.14899999999943 3.08299999999963 2.88799999999992 3.60599999999977 2.86999999999989 3.23199999999997 3.68299999999999 3.17799999999988
 0.00399999999999956 0.00200000000000067 0 0.00200000000000067 0 0.00399999999999956 0.00300000000000011 0.00200000000000067 0.00799999999999557 0.0120000000000005
 2.01999999999998 1.89300000000003 2.09699999999975 2.14799999999923 1.79500000000007 2.68299999999999 1.92000000000007 2.28899999999976 2.69999999999982 2.21999999999935
 0 0 0 0 0 0 0 0 0 0
 0 0 0 0 0 0 0 0 0 0
 0.358000000000175 0.356999999999971 0.355000000000473 0.416000000000167 0.348000000000866 0.389000000000124 0.344000000000051 0.445999999999913 0.394000000000233 0.409999999999854
 0 0 0 0 0 0 0 0 0 0.00100000000000477
 0.358000000000175 0.358000000000175 0.356000000000222 0.416000000000167 0.348999999999251 0.389999999999418 0.344999999999345 0.445999999999913 0.394000000000233 0.412000000000262
 0 0 0 0 0 0 0 0 0 0
 0 0 0 0 0 0 0 0 0 0
 6.86099999999988 6.66699999999992 7.125 7.36599999999999 6.57300000000032 7.55100000000039 6.56500000000051 7.49299999999948 8.08100000000013 7.37599999999929
 0.00499999999999989 0.00200000000000067 0.000999999999999446 0.00200000000000067 0 0.00399999999999956 0.00399999999999956 0.00200000000000067 0.0100000000000051 0.0200000000000102
 5.84299999999985 5.75900000000001 6.07799999999997 6.43299999999999 5.48399999999947 6.6309999999994 5.61899999999969 6.55400000000009 7.10499999999956 6.42900000000009
 0 0 0 0 0 0 0 0 0 0
 0 0 0 0 0 0 0 0 0 0
 363.473 359.855 362.943 363.291 353.321 366.027999999999 359.585 332.759 368.142 366.112
 0.156 0.205 0.125 0.181999999999999 4.959 0.231 0.169 84.893 23.906 13.106
 313.995 312.625 315.102 314.046 313.224 315.495 312.059999999999 411.206 351.916 336.538
 0 0 0 0 0 0 0 0 0 0
 0 0 0 0 0 0 0 0 0 0
