V1 V2 V3 V4 V5 V6 V7 V8 V9 V10
sam 3.89600000000064 3.5630000000001 3.26299999999901 3.3640000000014 4 3.90200000000004 3.57499999999891 4.23099999999977 4.02900000000045 3.73199999999997
geode 0.0029999999999859 0.00200000000000955 0.00199999999995271 0.00200000000000955 0.0029999999999859 0.000999999999976353 0.0010000000000332 0.000999999999976353 0.0010000000000332 0.0010000000000332
ref 3.90500000002794 3.56800000008661 3.26800000004005 3.36800000001676 4.00699999998324 3.90500000002794 3.57800000009593 4.23499999998603 4.0339999999851 3.73600000003353
infog 0 0 0 0 0 0 0 0 0 0
func 0 0 0 0 0 0 0 0 0 0
EFSIS 0.789999999999054 0.766000000001441 0.739999999999782 0.781999999999243 0.761000000000422 0.763000000000829 0.757999999999811 0.746000000001004 0.796000000000276 0.740000000001601
 0.0010000000000332 0.0010000000000332 0.0010000000000332 0.000999999999976353 0.00200000000000955 0.00200000000000955 0 0.0010000000000332 0 0.00200000000000955
 0.792999999946915 0.766999999992549 0.741000000038184 0.782000000006519 0.761999999987893 0.76500000001397 0.758999999961816 0.746999999973923 0.795999999972992 0.741999999969266
 0 0 0 0 0 0 0 0 0 0
 0 0 0 0 0 0 0 0 0 0
 2.70299999999952 2.59499999999935 2.46400000000176 2.43499999999949 2.73899999999958 2.74799999999959 2.64500000000044 2.89599999999882 3.20499999999993 2.72799999999916
 0.00399999999996226 0.00399999999996226 0.00499999999999545 0.0029999999999859 0.00499999999999545 0.000999999999976353 0.0029999999999859 0.0040000000000191 0.00499999999999545 0.0129999999999768
 1.77500000002328 1.73300000000745 1.54599999997299 1.56299999996554 1.68999999994412 1.82799999997951 1.72499999997672 1.82700000004843 2.27899999998044 1.79700000002049
 0 0 0 0 0 0 0 0 0 0
 0 0 0 0 0 0 0 0 0 0
 0.34900000000016 0.336999999999534 0.332999999998719 0.356999999999971 0.344999999999345 0.355999999999767 0.355999999999767 0.435999999999694 0.353000000000975 0.352999999999156
 0.0080000000000382 0 0 0.0010000000000332 0.0010000000000332 0 0 0 0 0
 0.359000000054948 0.336999999941327 0.334000000031665 0.358000000007451 0.348000000114553 0.357000000076368 0.356000000028871 0.436999999918044 0.353000000002794 0.353999999933876
 0 0 0 0 0 0 0 0 0 0
 0 0 0 0 0 0 0 0 0 0
 8.07099999999991 7.61200000000099 7.51499999999942 7.2450000000008 8.19700000000012 8.64300000000003 7.67099999999846 8.64500000000044 8.71900000000096 7.89900000000125
 0.0219999999999914 0.007000000000005 0.00799999999998136 0.007000000000005 0.0110000000000241 0.00499999999999545 0.0040000000000191 0.00600000000002865 0.00600000000002865 0.0160000000000196
 7.17099999997299 6.75600000005215 6.60400000005029 6.37899999995716 7.1579999999376 7.73100000002887 6.75500000000466 7.58100000000559 7.79899999999907 6.97499999997672
 0 0 0 0 0 0 0 0 0 0
 0 0 0 0 0 0 0 0 0 0
 386.775 375.831 375.453 391.768 400.849 399.272999999999 396.895 399.066999999999 420.380999999999 405.106
 0.475999999999999 0.388000000000034 0.353000000000009 0.35899999999998 0.34499999999997 0.317999999999984 0.314000000000021 0.298999999999978 0.272999999999968 0.506000000000029
 339.366999999969 330.898000000045 329.314000000013 346.662000000011 354.118999999948 354.31799999997 351.212000000058 353.257999999914 372.147999999928 360.155999999959
 0 0 0 0 0 0 0 0 0 0
 0 0 0 0 0 0 0 0 0 0
