V1 V2 V3 V4 V5 V6 V7 V8 V9 V10
sam 2.16699999999764 3.04200000000128 2.3760000000002 2.1160000000018 2.46099999999933 2.63500000000204 2.52699999999822 2.30699999999706 2.43400000000111 3.0480000000025
geode 0.000999999999990564 0 0 0 0 0 0.00600000000000023 0.0110000000000099 0 0
ref 2.16800000000148 3.04400000000169 2.38000000000102 2.11799999999857 2.46199999999953 2.63600000000224 2.53499999999985 2.31999999999971 2.43600000000151 3.05199999999968
infog 0 0 0 0 0 0 0 0 0 0
func 0 0 0 0 0 0 0 0 0 0
EFSIS 0.736000000000786 0.769000000000233 0.748999999999796 0.727999999999156 0.769000000000233 0.788000000000466 0.723000000001775 0.743000000002212 0.768000000000029 0.74199999999837
 0.01400000000001 0.0169999999999959 0.0169999999999959 0.0150000000000006 0.0189999999999912 0.00900000000000034 0.0160000000000053 0.0120000000000005 0.0160000000000053 0.0100000000000051
 0.751000000000204 0.787000000000262 0.765999999999622 0.743999999998778 0.789000000000669 0.797999999998865 0.739999999997963 0.756000000001222 0.784999999999854 0.751000000000204
 0 0 0 0 0 0 0 0 0 0
 0 0 0 0 0 0 0 0 0 0
 2.46900000000096 2.75200000000041 2.76599999999962 2.43699999999808 2.85399999999936 3.15699999999924 2.41699999999764 2.76399999999921 2.98300000000017 2.70899999999892
 0.00199999999999534 0.00300000000000011 0.0100000000000051 0.00400000000000489 0.00800000000000978 0.0499999999999972 0.0300000000000011 0.0159999999999911 0.00100000000000477 0.0120000000000005
 1.57299999999668 1.78299999999945 1.86100000000079 1.50300000000061 1.9330000000009 2.31200000000172 1.5010000000002 1.84199999999691 2.00500000000102 1.75500000000102
 0 0 0 0 0 0 0 0 0 0
 0 0 0 0 0 0 0 0 0 0
 0.346000000001368 0.368999999998778 0.342000000000553 0.337000000003172 0.354000000002998 0.365000000001601 0.328000000001339 0.338999999999942 0.35399999999936 0.364000000001397
 0 0 0.00699999999999079 0 0.00600000000000023 0.00199999999999534 0 0.00600000000000023 0.00300000000000011 0
 0.347000000001572 0.367999999998574 0.349000000001979 0.336999999999534 0.360000000000582 0.36699999999837 0.328000000001339 0.347000000001572 0.358000000000175 0.363999999997759
 0 0 0 0 0 0 0 0 0 0
 0 0 0 0 0 0 0 0 0 0
 5.9989999999998 7.23800000000119 6.53600000000006 5.90599999999904 6.74300000000221 7.25400000000081 6.28800000000047 6.47699999999895 6.87199999999939 7.19800000000032
 0.0169999999999959 0.019999999999996 0.0339999999999918 0.0190000000000055 0.0330000000000013 0.0609999999999928 0.0520000000000067 0.0450000000000017 0.0200000000000102 0.0220000000000056
 5.11999999999898 6.28900000000067 5.65800000000309 4.99099999999817 5.85099999999875 6.4230000000025 5.395999999997 5.58899999999994 5.91600000000108 6.25799999999799
 0 0 0 0 0 0 0 0 0 0
 0 0 0 0 0 0 0 0 0 0
 346.802 345.091 321.402000000002 357.321 346.164000000001 337.262000000002 348.643 342.409 361.471000000001 335.828000000001
 0.783000000000001 0.912000000000006 1.401 1.208 1.577 1.434 1.57599999999999 1.383 1.27799999999999 0.944000000000003
 300.618000000002 299.248 276.415999999997 311.130000000001 300.994999999999 291.468000000001 303.331000000002 297.580999999998 314.120999999999 290.966
 0 0 0 0 0 0 0 0 0 0
 0 0 0 0 0 0 0 0 0 0
