V1 V2 V3 V4 V5 V6 V7 V8 V9 V10
sam 3.29499999999825 2.3760000000002 3.39800000000105 2.43100000000049 2.84800000000178 2.60299999999916 2.63200000000143 4.17399999999907 4.59199999999691 3.61200000000099
geode 0.000999999999976353 0.000999999999976353 0.00199999999995271 0.00300000000004275 0.000999999999976353 0.00100000000009004 0.000999999999976353 0.000999999999976353 0.00199999999995271 0.00199999999995271
ref 3.29999999999927 2.37999999999738 3.40200000000186 2.43599999999788 2.85099999999875 2.60599999999977 2.6349999999984 4.17900000000009 4.60199999999895 3.61599999999817
infog 0 0 0 0 0 0 0 0 0 0
func 0 0 0 0 0 0 0 0 0 0
EFSIS 0.817999999999302 0.81499999999869 0.84599999999773 0.775000000001455 0.80199999999968 0.800999999999476 0.798999999999069 1.6349999999984 0.874000000003434 0.832999999998719
 0 0 0 0 0 0.00199999999995271 0 0.00300000000004275 0.00200000000006639 0
 0.817999999999302 0.815000000002328 0.846999999997934 0.774000000001251 0.802000000003318 0.802999999999884 0.799000000002707 1.63800000000265 0.877000000000407 0.833999999998923
 0 0 0 0 0 0 0 0 0 0
 0 0 0 0 0 0 0 0 0 0
 3.86700000000201 2.97599999999875 3.21399999999994 3.04499999999825 3.53299999999945 4.52200000000084 3.96299999999974 3.95800000000236 3.55199999999968 3.26199999999881
 0.00499999999999545 0.00300000000004275 0.00300000000004275 0.00300000000004275 0.00300000000004275 0.0359999999999445 0.00600000000008549 0.00499999999999545 0.01299999999992 0.01400000000001
 2.90399999999863 1.98999999999796 2.29400000000169 2.06599999999889 2.5109999999986 3.37199999999939 3.08599999999933 3.00599999999758 2.5789999999979 2.17600000000311
 0 0 0 0 0 0 0 0 0 0
 0 0 0 0 0 0 0 0 0 0
 0.406999999999243 0.375 0.379000000000815 0.403999999998632 0.418000000001484 0.610000000000582 1.14400000000023 0.471999999997934 0.364999999997963 0.392000000003463
 0.000999999999976353 0.000999999999976353 0 0 0 0.00200000000006639 0.000999999999976353 0 0 0
 0.409999999999854 0.377000000000407 0.380999999997584 0.40400000000227 0.417999999997846 0.610000000000582 1.14199999999983 0.485000000000582 0.366000000001804 0.393000000000029
 0 0 0 0 0 0 0 0 0 0
 0 0 0 0 0 0 0 0 0 0
 8.74599999999919 6.84400000000096 8.20599999999831 6.95400000000154 8.01000000000204 9.17299999999886 8.87099999999919 10.6539999999986 9.69899999999689 8.48500000000058
 0.00699999999994816 0.00499999999999545 0.00499999999999545 0.00600000000008549 0.00499999999999545 0.0410000000000537 0.0080000000000382 0.00999999999999091 0.0169999999999391 0.0159999999999627
 7.79099999999744 5.86399999999776 7.29300000000148 5.97999999999956 6.9910000000018 8.02999999999884 7.99399999999878 9.72300000000178 8.73899999999776 7.40499999999884
 0 0 0 0 0 0 0 0 0 0
 0 0 0 0 0 0 0 0 0 0
 378.68 387.101999999999 396.559000000001 384.875 484.939999999999 512.656999999999 495.994000000002 489.245999999999 539.625 516.973999999998
 9.22699999999998 15.624 10.598 16.86 0.515999999999963 28.721 0.827999999999975 27.4830000000001 8.28100000000006 0.581000000000017
 344.545000000002 359.731 361.861000000001 364.027999999998 431.965999999997 504.264000000003 447.214 479.791999999998 500.876 467.880000000001
 0 0 0 0 0 0 0 0 0 0
 0 0 0 0 0 0 0 0 0 0
