V1 V2 V3 V4 V5 V6 V7 V8 V9 V10
sam 3.46199999999953 3.46800000000076 4.27999999999884 3.58700000000681 3.48399999999674 3.35399999999936 3.64700000000448 3.34299999999348 4.11099999999715 3.70599999999831
geode 0 0 0 0 0.000999999999976353 0 0 0 0 0
ref 3.4649999999674 3.47099999990314 4.28300000005402 3.59000000008382 3.48899999994319 3.35800000000745 3.64899999997579 3.34500000008848 4.1140000000596 3.70900000003166
infog 0 0 0 0 0 0 0 0 0 0
func 0 0 0 0 0 0 0 0 0 0
EFSIS 0.752000000000407 0.763999999999214 0.760999999998603 0.753999999993539 0.756999999997788 0.743000000002212 0.759999999994761 0.749000000003434 0.76600000000326 0.72899999999936
 0 0 0.000999999999976353 0 0 0 0 0 0 0
 0.753000000026077 0.797000000020489 0.76300000003539 0.753999999957159 0.756999999983236 0.743000000016764 0.760000000009313 0.748999999952503 0.765999999945052 0.730999999912456
 0 0 0 0 0 0 0 0 0 0
 0 0 0 0 0 0 0 0 0 0
 2.65899999999965 2.71500000000015 2.37800000000425 2.50700000000506 2.46399999999994 2.66100000000006 2.63999999999942 2.81300000000192 2.6160000000018 3.0460000000021
 0.0029999999999859 0.0029999999999859 0.00200000000000955 0.0029999999999859 0.00200000000000955 0.0029999999999859 0.00499999999999545 0.000999999999976353 0.0010000000000332 0.00999999999999091
 1.81000000005588 1.73600000003353 1.53200000000652 1.67700000002515 1.63400000007823 1.79799999995157 1.79500000004191 1.58799999998882 1.73200000007637 2.19200000003912
 0 0 0 0 0 0 0 0 0 0
 0 0 0 0 0 0 0 0 0 0
 0.322000000000116 0.341000000000349 0.332999999998719 0.351999999998952 0.342000000004191 0.32499999999709 0.450000000004366 0.367999999994936 0.343999999997322 0.338999999999942
 0 0 0 0 0 0 0 0 0 0
 0.322999999974854 0.341000000014901 0.33199999993667 0.351999999955297 0.342999999993481 0.326000000000931 0.449999999953434 0.363000000012107 0.34499999997206 0.339000000036322
 0 0 0 0 0 0 0 0 0 0
 0 0 0 0 0 0 0 0 0 0
 7.49499999999898 7.625 8.0769999999975 7.5370000000039 7.3859999999986 7.39199999999983 7.94400000000314 7.62599999999657 8.18299999999726 8.14400000000023
 0.0040000000000191 0.0029999999999859 0.0029999999999859 0.0029999999999859 0.0029999999999859 0.0029999999999859 0.00499999999999545 0.000999999999976353 0.0010000000000332 0.00999999999999091
 6.65099999995437 6.6809999999823 7.23699999996461 6.70900000003166 6.56199999991804 6.53300000005402 7.09999999997672 6.3990000000922 7.30200000002515 7.29599999997299
 0 0 0 0 0 0 0 0 0 0
 0 0 0 0 0 0 0 0 0 0
 407.322 404.978000000003 416.101000000002 407.404999999999 405.593000000001 387.392 410.026999999995 393.243000000002 427.794999999998 416.699000000001
 0.293999999999983 0.291000000000054 0.291999999999973 0.303000000000054 0.274000000000001 0.276999999999987 0.30600000000004 0.286999999999978 0.286000000000001 0.574999999999989
 365.053000000073 362.633999999962 372.425999999978 365.347999999998 362.048999999999 344.824000000022 365.653000000049 348.93200000003 384.043000000063 374.609999999986
 0 0 0 0 0 0 0 0 0 0
 0 0 0 0 0 0 0 0 0 0
