V1 V2 V3 V4 V5 V6 V7 V8 V9 V10
sam 2.66800000000012 3.11899999999991 2.7489999999998 3.28599999999983 2.68100000000004 3.30700000000002 3.77999999999997 3.00599999999986 3.25600000000009 3.02700000000004
geode 0.039999999999992 0.0560000000000116 0.039999999999992 0.0349999999999966 0.0579999999999927 0.104000000000013 0.054000000000002 0.054000000000002 0.0340000000000202 0.0529999999999973
ref 2.71000000000004 3.17799999999988 2.79100000000017 3.32300000000032 2.74199999999973 3.41400000000021 3.83500000000004 3.0630000000001 3.29199999999992 3.08300000000008
infog 0 0 0 0 0 0 0 0 0 0
func 0 0 0 0 0 0 0 0 0 0
EFSOS 0.838999999999942 1.11400000000003 0.937000000000126 1.1690000000001 0.942000000000007 0.963999999999942 1.50700000000006 1.11699999999996 1.13799999999992 0.927000000000135
EFSIS 0.0180000000000007 0.0180000000000007 0.021000000000015 0.021000000000015 0.0120000000000005 0.0200000000000102 0.0219999999999914 0.0159999999999911 0.0199999999999818 0.0199999999999818
 0.858000000000175 1.13300000000027 0.958000000000084 1.1909999999998 0.954000000000178 0.985000000000127 1.5319999999997 1.13400000000001 1.16000000000031 0.945999999999913
 0 0 0 0 0 0 0 0 0 0
 0 0 0 0 0 0 0 0 0 0
 2.2940000000001 2.64599999999996 2.7059999999999 2.61400000000003 2.21399999999994 2.07500000000005 2.84400000000005 2.43700000000013 3.16300000000001 2.21799999999985
 0.0130000000000052 0.00199999999998113 0.0989999999999895 0.00199999999998113 0.0160000000000196 0.0229999999999961 0.0040000000000191 0.0130000000000052 0.137 0.0190000000000055
 2.30999999999995 2.65000000000009 2.80699999999979 2.61900000000014 2.23199999999997 2.09899999999971 2.85000000000036 2.45100000000002 3.30299999999988 2.23900000000003
 0 0 0 0 0 0 0 0 0 0
 0 0 0 0 0 0 0 0 0 0
 0.398999999999887 0.425000000000182 0.375999999999976 0.441000000000031 0.391000000000076 0.397999999999911 0.424999999999955 0.416999999999916 0.451000000000022 0.394999999999982
 0.00200000000000955 0.0040000000000191 0 0 0.00699999999997658 0.00899999999998613 0.00899999999998613 0.00600000000000023 0.00900000000001455 0.00900000000001455
 0.399999999999636 0.428999999999633 0.376999999999953 0.440999999999804 0.398000000000138 0.407000000000153 0.433999999999742 0.423999999999978 0.460000000000036 0.403999999999996
 0 0 0 0 0 0 0 0 0 0
 0 0 0 0 0 0 0 0 0 0
 6.59100000000012 7.70800000000008 7.11399999999981 7.93299999999999 6.59900000000016 7.10799999999995 8.99000000000001 7.35199999999986 8.404 6.92200000000003
 0.0730000000000075 0.0800000000000125 0.167000000000002 0.0579999999999927 0.0929999999999893 0.156000000000006 0.0889999999999986 0.0889999999999986 0.205000000000013 0.100999999999999
 6.67099999999982 7.79500000000007 7.28600000000006 7.9970000000003 6.69699999999966 7.26999999999998 9.08500000000004 7.44700000000012 8.61599999999999 7.02700000000004
 0 0 0 0 0 0 0 0 0 0
 0 0 0 0 0 0 0 0 0 0
 29.816 25.0179999999998 26.6270000000002 25.5349999999999 26.4979999999998 27.8440000000001 26.748 27.971 26.4100000000001 23.806
 2.40699999999998 3.30399999999997 2.404 2.49299999999999 2.24300000000002 2.15899999999999 2.733 5.46000000000001 2.38800000000001 2.29399999999998
 46.1290000000004 38.819 40.721 42.0729999999999 41.9320000000002 41.8520000000003 42.2689999999998 55.5129999999999 40.9850000000001 39.6290000000004
 541.649999999998 484.341 488.018 528.299999999999 510.127 493.513000000003 535.536 980.806 496.869999999995 523.889000000003
 68.6039999999998 46.3980000000001 47.1619999999998 65.8740000000003 46.2109999999998 48.5599999999999 66.152 87.665 47.2460000000001 61.6390000000001
