V1 V2 V3 V4 V5 V6 V7 V8 V9 V10
sam 2.1710000000021 2.29999999998836 2.49199999999837 2.31100000000151 2.38099999999395 2.6990000000078 2.38000000000466 2.4320000000007 2.81900000000314 2.31100000000151
geode 0.000999999999976353 0 0 0 0.000999999999976353 0 0.000999999999976353 0.00100000000020373 0 0.000999999999976353
ref 2.17399999999907 2.30299999999988 2.49499999999534 2.31200000000536 2.38300000000163 2.69999999999709 2.38300000000163 2.43499999999767 2.82099999999627 2.3130000000092
infog 0 0 0 0 0 0 0 0 0 0
func 0 0 0 0 0 0 0 0 0 0
EFSIS 0.73399999999674 0.763000000006286 0.733000000007451 0.796000000002095 0.794000000008964 0.789999999993597 0.769000000000233 0.789000000004307 0.752000000007683 0.775000000008731
 0 0.00100000000020373 0 0.000999999999976353 0.000999999999976353 0.000999999999976353 0.000999999999976353 0 0.00100000000020373 0.00199999999995271
 0.73399999999674 0.764000000010128 0.733000000007451 0.797999999995227 0.796000000002095 0.794000000008964 0.771000000007916 0.792000000001281 0.752999999996973 0.777999999991152
 0 0 0 0 0 0 0 0 0 0
 0 0 0 0 0 0 0 0 0 0
 2.55299999999988 2.80299999999988 2.73199999998906 2.67199999999139 3.21399999999267 3.48500000000058 2.68300000000454 2.81999999999243 2.68899999999849 2.65799999999581
 0.000999999999976353 0.00599999999985812 0.00100000000020373 0.000999999999976353 0.00400000000013279 0.00199999999995271 0 0.000999999999976353 0.000999999999976353 0.0160000000000764
 1.69500000000698 1.95999999999185 1.87099999999919 1.80199999999604 2.31600000000617 2.61599999999453 1.78299999999581 1.96199999999953 1.75900000000547 1.77900000000955
 0 0 0 0 0 0 0 0 0 0
 0 0 0 0 0 0 0 0 0 0
 0.328999999997905 0.630000000004657 0.339000000007218 0.343000000008033 0.355000000010477 0.360000000000582 0.398999999990338 0.355999999999767 0.347999999998137 0.364000000001397
 0 0 0 0 0 0 0 0 0 0
 0.327999999994063 0.630000000004657 0.337999999988824 0.343000000008033 0.355999999999767 0.360000000000582 0.399999999994179 0.357999999992899 0.349000000001979 0.364000000001397
 0 0 0 0 0 0 0 0 0 0
 0 0 0 0 0 0 0 0 0 0
 6.08499999999185 6.82999999998719 6.62099999999919 6.43799999999464 7.05299999999988 7.66700000000128 6.54899999999907 6.7100000000064 6.90099999999802 6.44400000000314
 0.00199999999995271 0.00700000000006185 0.00100000000020373 0.00199999999995271 0.00600000000008549 0.00499999999988177 0.00199999999995271 0.00200000000018008 0.00200000000018008 0.0190000000000055
 5.22999999999593 5.99300000000221 5.76399999999558 5.57000000000698 6.16099999999278 6.80200000001059 5.65400000000955 5.85999999998603 5.97399999998743 5.56900000000314
 0 0 0 0 0 0 0 0 0 0
 0 0 0 0 0 0 0 0 0 0
 320.108000000007 331.776000000013 330.614000000001 327.036000000007 345.611999999994 344.357000000004 332.809000000008 330.347999999998 340.881000000008 335.573000000004
 0.198999999999842 0.348999999999933 0.254999999999882 0.228000000000065 0.317999999999984 0.296000000000049 0.251999999999953 0.245999999999867 0.345000000000027 0.520999999999958
 276.587 288.578000000009 287.338000000003 283.073999999993 302.137000000002 300.409 289.462999999989 287.295000000013 296.353000000003 293.116999999998
 0 0 0 0 0 0 0 0 0 0
 0 0 0 0 0 0 0 0 0 0
