V1 V2 V3 V4 V5 V6 V7 V8 V9 V10
sam 2.707 2.366 2.46799999999999 2.663 2.32499999999999 2.59700000000001 2.92999999999998 2.429 2.387 2.274
geode 0.173 0.0249999999999999 0.0149999999999997 0.0350000000000001 0.0280000000000005 0.0250000000000004 0.0870000000000015 0.0240000000000009 0.0210000000000008 0.0429999999999993
ref 2.883 2.393 2.48400000000001 2.70099999999999 2.35499999999999 2.625 3.02000000000001 2.45399999999995 2.41000000000003 2.31799999999998
infog 0 0 0 0 0 0 0 0 0 0
func 0 0 0 0 0 0 0 0 0 0
EFSOS 1.192 0.755000000000003 1.318 0.737000000000009 0.735000000000014 0.733000000000004 0.726000000000028 0.762 0.77200000000002 0.738999999999976
EFSIS 0.022 0.0219999999999998 0.0680000000000005 0.0139999999999993 0.0120000000000005 0.0149999999999988 0.0169999999999995 0.0109999999999992 0.0100000000000016 0.0199999999999996
 1.249 0.777999999999999 1.387 0.75200000000001 0.747000000000014 0.748000000000019 0.742999999999995 0.774000000000001 0.781999999999982 0.759999999999991
 0 0 0 0 0 0 0 0 0 0
 0 0 0 0 0 0 0 0 0 0
 1.89 2.485 2.346 2.02199999999999 1.73399999999998 1.80099999999999 1.81999999999999 2.417 2.03299999999999 1.77300000000002
 0.051 0.0210000000000004 0.0619999999999994 0.016 0.0159999999999991 0.00999999999999979 0.00799999999999912 0.0570000000000004 0.014999999999997 0.017000000000003
 1.942 2.507 2.411 2.03899999999999 1.75199999999998 1.81299999999999 1.83000000000001 2.47700000000003 2.05000000000001 1.79200000000003
 0 0 0 0 0 0 0 0 0 0
 0 0 0 0 0 0 0 0 0 0
 0.357000000000001 0.338000000000001 0.334000000000003 0.355000000000004 0.332000000000022 0.344999999999999 0.336999999999989 0.330999999999989 0.353000000000009 0.346000000000004
 0.00700000000000001 0 0 0.0100000000000007 0 0.00600000000000023 0 0.0080000000000009 0.00500000000000256 0.0069999999999979
 0.364999999999998 0.338000000000001 0.333999999999989 0.365000000000009 0.332999999999998 0.350999999999999 0.336999999999989 0.338999999999999 0.358000000000004 0.353000000000009
 0 0 0 0 0 0 0 0 0 0
 0 0 0 0 0 0 0 0 0 0
 6.5 6.272 6.79799999999999 6.116 5.41899999999998 5.78 6.13499999999999 6.261 6.42000000000002 5.435
 0.253 0.0680000000000001 0.145 0.0750000000000002 0.056 0.0559999999999992 0.113000000000001 0.101000000000001 0.113 0.0869999999999997
 6.791 6.345 6.94800000000001 6.196 5.47999999999999 5.84100000000001 6.25300000000001 6.36699999999996 6.53800000000001 5.52600000000001
 0 0 0 0 0 0 0 0 0 0
 0 0 0 0 0 0 0 0 0 0
 21.845 22.211 23.359 22.554 22.797 20.25 22.546 20.516 19.449 19.565
 1.562 1.652 1.478 1.862 1.492 1.726 4.683 1.772 2.736 1.848
 32.257 32.671 32.449 33.074 32.947 30.719 50.698 30.142 37.778 29.944
 379.055 372.656 335.044 368.262 372.902 366.917 1008.383 335.078 677.762000000001 359.589999999999
 35.916 36.298 28.217 42.657 40.03 40.53 81.697 29.017 55.218 41.301
