V1 V2 V3 V4 V5 V6 V7 V8 V9 V10
sam 3.1730000000025 2.36699999999837 4.25200000000041 4.06700000000274 3.87299999999959 4.05399999999645 2.5 2.51799999999639 2.36299999999756 2.78600000000006
geode 0.000999999999976353 0.00199999999995271 0.00200000000018008 0.00199999999995271 0.00500000000010914 0.00199999999995271 0.000999999999976353 0.00200000000018008 0.000999999999976353 0
ref 3.17699999999604 2.37100000001374 5.52599999999802 4.72699999999895 4.89299999999639 5.64500000000407 2.50400000000081 2.52300000000105 2.36500000000524 2.78900000000431
infog 0 0 0 0 0 0 0 0 0 0
func 0 0 0 0 0 0 0 0 0 0
EFSIS 0.773999999997613 0.741000000001804 1.56900000000314 1.48700000000099 1.38500000000204 1.41799999999785 0.791000000004715 0.802000000003318 0.745000000002619 0.699000000000524
 0.00100000000020373 0 0.000999999999976353 0 0.000999999999976353 0.01299999999992 0 0.00199999999995271 0.00100000000020373 0.000999999999976353
 0.775999999998021 0.740999999994528 2.11199999999371 2.05799999998999 2.19400000000314 1.79200000000128 0.790999999997439 6.34600000000501 0.745999999999185 0.69999999999709
 0 0 0 0 0 0 0 0 0 0
 0 0 0 0 0 0 0 0 0 0
 2.6820000000007 2.72599999999511 4.7019999999975 3.91300000000047 3.53499999999622 3.81999999999971 2.86399999999412 3.13799999999901 2.78199999999924 2.3640000000014
 0.00399999999990541 0.00300000000015643 0.00199999999995271 0.00300000000015643 0.00399999999990541 0.00400000000013279 0.00399999999990541 0.00299999999992906 0.00699999999983447 0.0180000000000291
 1.78099999998813 1.82200000000012 5.12600000000384 2.93400000000838 3.31100000000151 3.12099999999919 1.98599999998987 2.2219999999943 1.88700000000244 1.5
 0 0 0 0 0 0 0 0 0 0
 0 0 0 0 0 0 0 0 0 0
 0.345000000001164 0.333000000005995 0.628000000004249 0.632000000005064 0.604999999995925 0.649000000004889 0.356000000007043 0.417999999997846 0.375999999996566 0.332999999998719
 0 0 0 0 0.000999999999976353 0 0 0.000999999999976353 0 0
 0.345000000001164 0.334000000002561 0.870999999999185 0.63399999999092 0.725000000005821 0.649999999994179 0.357000000003609 0.418999999994412 0.375 0.331999999994878
 0 0 0 0 0 0 0 0 0 0
 0 0 0 0 0 0 0 0 0 0
 7.30500000000029 6.48999999999796 11.7120000000068 10.7060000000056 9.97999999999593 10.4989999999962 6.84300000000076 7.19200000000274 6.62399999999616 6.48500000000058
 0.00600000000008549 0.00500000000010914 0.00500000000010914 0.00600000000008549 0.0109999999999673 0.0199999999999818 0.00599999999985812 0.0080000000000382 0.00999999999999091 0.0190000000000055
 6.41099999999278 5.59000000001106 14.2859999999928 10.9599999999919 11.8640000000014 11.7670000000071 5.97099999999045 11.8280000000086 5.73500000000058 5.62399999999616
 0 0 0 0 0 0 0 0 0 0
 0 0 0 0 0 0 0 0 0 0
 344.332000000002 452.275000000001 487.906999999999 479.709999999999 485.315999999999 457.860000000001 339.073000000004 337.204999999994 347.627 327.806000000004
 0.348999999999933 0.379999999999882 0.666999999999916 0.494999999999891 0.5300000000002 0.393000000000029 0.336999999999989 0.366999999999962 0.691000000000031 0.7650000000001
 301.366999999998 440.20199999999 544.349000000002 520.570000000007 527.306000000011 464.009999999995 322.79800000001 417.769 341.078000000009 310.843000000008
 0 0 0 0 0 0 0 0 0 0
 0 0 0 0 0 0 0 0 0 0
