V1 V2 V3 V4 V5 V6 V7 V8 V9 V10
sam 2.781 2.40600000000001 2.14699999999993 2.73300000000006 2.54500000000007 2.37699999999995 2.20800000000008 2.35199999999986 2.52300000000014 2.54899999999998
geode 0.049 0.00800000000000001 0.0089999999999999 0 0.000999999999999446 0 0 0 0 0
ref 2.83 2.41699999999997 2.15600000000006 2.73599999999999 2.54700000000003 2.37799999999993 2.21100000000001 2.35199999999986 2.52599999999984 2.55099999999993
infog 0 0 0 0 0 0 0 0 0 0
func 0 0 0 0 0 0 0 0 0 0
EFSIS 1.232 0.765999999999963 0.798000000000002 0.759000000000015 0.821999999999889 0.742999999999938 0.720000000000255 0.730000000000018 0.757000000000062 0.742000000000189
 0.017 0.0130000000000003 0.0110000000000001 0.00900000000000034 0.0140000000000002 0.0129999999999999 0.0120000000000005 0.0140000000000011 0.0140000000000011 0.0129999999999999
 1.254 0.78000000000003 0.809999999999945 0.769000000000005 0.837999999999965 0.757000000000062 0.732999999999947 0.746000000000095 0.771000000000186 0.756000000000313
 0 0 0 0 0 0 0 0 0 0
 0 0 0 0 0 0 0 0 0 0
 2.952 2.90800000000002 2.46299999999997 2.73399999999992 3.20100000000002 3.42000000000007 2.68899999999985 3.17900000000009 3.20400000000018 2.88299999999981
 0.378 0.0139999999999998 0.0170000000000003 0.00100000000000033 0.0229999999999997 0.00400000000000045 0.00199999999999978 0.000999999999999446 0.0109999999999992 0.0190000000000001
 2.173 1.94299999999998 1.53899999999999 1.79100000000005 2.31099999999992 2.46199999999999 1.76700000000005 2.26999999999998 2.29700000000003 1.96399999999994
 0 0 0 0 0 0 0 0 0 0
 0 0 0 0 0 0 0 0 0 0
 0.343999999999999 0.355999999999995 0.331000000000017 0.376999999999953 0.3900000000001 0.336999999999989 0.389000000000124 0.347999999999956 0.340999999999894 0.36200000000008
 0 0.00700000000000012 0.00599999999999978 0.00599999999999934 0.00800000000000001 0 0.00199999999999978 0.00300000000000011 0.00699999999999967 0.000999999999999446
 0.343999999999999 0.362000000000023 0.338000000000079 0.382999999999925 0.397999999999911 0.336000000000013 0.393000000000029 0.349999999999909 0.347999999999956 0.362999999999829
 0 0 0 0 0 0 0 0 0 0
 0 0 0 0 0 0 0 0 0 0
 7.595 6.76900000000001 6.03399999999999 6.91500000000008 7.27700000000004 7.18599999999992 6.32799999999997 6.91300000000001 7.1550000000002 6.87300000000005
 0.444 0.0420000000000003 0.0430000000000001 0.016 0.0459999999999994 0.0170000000000003 0.016 0.0180000000000007 0.0329999999999995 0.0329999999999995
 6.887 5.83499999999998 5.13800000000003 5.99199999999996 6.41399999999999 6.24399999999991 5.42499999999995 6.02399999999989 6.27100000000019 5.971
 0 0 0 0 0 0 0 0 0 0
 0 0 0 0 0 0 0 0 0 0
 337.335 340.22 316.312 354.179 333.584 349.656 324.444 342.53 336.84 343.104
 1.33 1.425 1.24 1.047 0.862 0.859999999999999 1.209 1.275 1.224 1.61
 292.87 294.317 271.191 308.377 288.181 303.327 279.775 297.797 290.382 298.975
 0 0 0 0 0 0 0 0 0 0
 0 0 0 0 0 0 0 0 0 0
