V1 V2 V3 V4 V5 V6 V7 V8 V9 V10
sam 4.32099999999991 2.44499999999971 3.31499999999869 2.5789999999979 2.77300000000105 2.4800000000032 2.59700000000157 2.66799999999785 2.79400000000169 2.85100000000239
geode 0.00100000000009004 0.000999999999976353 0.000999999999976353 0.000999999999976353 0.000999999999976353 0.00100000000009004 0.00200000000006639 0.000999999999976353 0.000999999999976353 0.000999999999976353
ref 4.32500000000073 2.44700000000012 3.3179999999993 2.58199999999852 2.77599999999802 2.48400000000038 2.60200000000259 2.6720000000023 2.7970000000023 2.85499999999956
infog 0 0 0 0 0 0 0 0 0 0
func 0 0 0 0 0 0 0 0 0 0
EFSIS 0.81499999999869 0.829999999998108 1.44100000000253 0.831999999998516 0.803999999996449 0.792999999997846 0.826000000000931 0.757000000005064 0.822000000000116 0.863999999994121
 0.000999999999976353 0 0 0 0 0.000999999999976353 0 0.000999999999976353 0 0.00199999999995271
 0.815999999998894 0.832999999998719 1.44099999999889 0.832000000002154 60.7100000000028 0.794999999998254 0.826999999997497 0.757999999997992 0.822000000000116 0.867000000002008
 0 0 0 0 0 0 0 0 0 0
 0 0 0 0 0 0 0 0 0 0
 3.11300000000119 2.82400000000052 3.87900000000081 3.49700000000303 3.68600000000151 3.42699999999604 3.0570000000007 3.3949999999968 3.83299999999872 4.10900000000402
 0.00499999999999545 0.00300000000004275 0.00499999999999545 0.00200000000006639 0.00799999999992451 0.0040000000000191 0.00599999999997181 0.00299999999992906 0.00499999999988177 0.012000000000171
 1.9989999999998 1.89900000000125 2.81600000000253 2.5 2.71099999999933 2.45799999999872 2.11999999999898 2.09700000000157 2.82300000000032 3.12800000000061
 0 0 0 0 0 0 0 0 0 0
 0 0 0 0 0 0 0 0 0 0
 0.868999999998778 0.341000000000349 0.969999999997526 0.383999999998196 0.398999999997613 0.364000000001397 0.396999999997206 0.52100000000064 0.387000000002445 0.417999999997846
 0 0 0.00100000000009004 0.000999999999976353 0 0 0 0.000999999999976353 0 0
 0.867000000002008 0.340999999996711 0.985999999997148 0.384999999998399 0.399999999997817 0.363000000001193 0.398000000001048 0.521999999997206 0.386999999998807 0.41899999999805
 0 0 0 0 0 0 0 0 0 0
 0 0 0 0 0 0 0 0 0 0
 10.3110000000015 6.74099999999817 9.95699999999852 7.63099999999758 8 7.3660000000018 7.21800000000076 7.69400000000314 8.19900000000052 8.61000000000058
 0.00700000000006185 0.0040000000000191 0.0080000000000382 0.0040000000000191 0.00899999999990087 0.00700000000006185 0.0080000000000382 0.00599999999985812 0.00599999999985812 0.0150000000001
 9.20100000000093 5.82200000000012 8.91300000000047 6.63899999999921 66.9350000000013 6.40399999999863 6.28900000000067 6.40100000000166 7.19200000000274 7.63600000000224
 0 0 0 0 0 0 0 0 0 0
 0 0 0 0 0 0 0 0 0 0
 504.900999999998 489.560000000001 376.825000000001 362.035 379.169999999998 362.639000000003 338.432000000001 369.273999999998 389.315000000002 382.559000000001
 39.865 0.45799999999997 0.323999999999955 33.6130000000001 15.692 31.141 54.4540000000001 32.2260000000001 0.323000000000093 8.64099999999985
 514.5 440.712 368.644 505.241999999998 381.789999999997 357.447 371.476999999999 368.664000000001 346.539999999997 348.115999999998
 0 0 0 0 0 0 0 0 0 0
 0 0 0 0 0 0 0 0 0 0
