V1 V2 V3 V4 V5 V6 V7 V8 V9 V10
sam 3.86799999999494 3.68500000000495 3.78699999999662 4.25200000000041 3.87700000000041 3.80600000000413 3.9320000000007 3.53499999999622 4.29899999999907 3.74399999999878
geode 0 0 0 0.0010000000000332 0 0 0 0 0 0
ref 3.87199999997392 3.68799999996554 3.79000000003725 4.25699999998324 3.88100000005215 3.80900000000838 3.93499999993946 3.53800000005867 4.30300000007264 3.74699999997392
infog 0 0 0 0 0 0 0 0 0 0
func 0 0 0 0 0 0 0 0 0 0
EFSIS 0.757000000005064 0.830999999998312 0.776000000005297 0.776000000005297 0.775999999998021 0.744999999995343 0.760000000002037 0.764000000002852 0.764999999999418 0.743999999998778
 0.0010000000000332 0 0 0 0 0.0010000000000332 0 0 0.0010000000000332 0
 0.758000000030734 0.831000000005588 0.777000000001863 0.777000000001863 0.777000000001863 0.746999999973923 0.761000000056811 0.76500000001397 0.764999999897555 0.744999999995343
 0 0 0 0 0 0 0 0 0 0
 0 0 0 0 0 0 0 0 0 0
 2.91199999999662 2.59700000000157 2.5109999999986 2.45999999999913 2.55400000000373 2.31000000000495 2.42599999999948 2.84700000000157 2.46199999999953 3.33800000000338
 0.0029999999999859 0.000999999999976353 0.00200000000000955 0.000999999999976353 0.00200000000000955 0.00199999999995271 0.00200000000000955 0.0029999999999859 0.00499999999999545 0.00499999999999545
 2.08400000003166 1.7269999999553 1.67699999990873 1.61599999992177 1.5559999999823 1.46400000003632 1.61300000001211 2.00299999990966 1.60500000009779 2.47900000005029
 0 0 0 0 0 0 0 0 0 0
 0 0 0 0 0 0 0 0 0 0
 0.336000000002969 0.326999999997497 0.322999999996682 0.347000000001572 0.3379999999961 0.3379999999961 0.540999999997439 0.328999999997905 0.330000000001746 0.332999999998719
 0 0.000999999999976353 0 0 0 0 0 0 0 0
 0.336000000010245 0.327999999979511 0.322000000043772 0.347999999998137 0.337999999988824 0.337000000057742 0.539999999920838 0.329000000027008 0.32999999995809 0.332999999984168
 0 0 0 0 0 0 0 0 0 0
 0 0 0 0 0 0 0 0 0 0
 8.20599999999831 7.76800000000367 7.73599999999715 8.15500000000611 7.86299999999756 7.50100000000384 8.05500000000029 7.81399999999849 8.17499999999563 8.49199999999837
 0.0040000000000191 0.00199999999995271 0.00200000000000955 0.00200000000000955 0.00200000000000955 0.0029999999999859 0.00200000000000955 0.0029999999999859 0.00600000000002865 0.00499999999999545
 7.38300000003073 6.90200000000186 6.90599999995902 7.31899999990128 6.86999999999534 6.6589999999851 7.24599999992643 6.97400000004563 7.32299999997485 7.63699999998789
 0 0 0 0 0 0 0 0 0 0
 0 0 0 0 0 0 0 0 0 0
 420.294999999998 418.667999999998 419.758000000002 406.447 390.017 413.809999999998 412.417000000001 418.548999999999 429.398000000001 397.298999999999
 0.295000000000016 0.278999999999996 0.296999999999969 0.391999999999996 0.288999999999987 0.26400000000001 0.319999999999993 0.350999999999999 0.298000000000002 0.573000000000036
 376.939999999944 375.3679999999 376.217999999993 363.554000000004 345.708000000101 370.474000000046 369.428000000073 374.842999999993 382.589999999967 354.908999999985
 0 0 0 0 0 0 0 0 0 0
 0 0 0 0 0 0 0 0 0 0
