V1 V2 V3 V4 V5 V6 V7 V8 V9 V10
sam 2.91200000000026 2.31999999999971 2.94900000000052 2.31399999999849 2.18000000000029 2.41799999999785 2.27699999999822 2.53900000000067 2.65299999999843 2.12100000000282
geode 0.027000000000001 0 0.012999999999991 0.00400000000000489 0.00100000000000477 0.00600000000000023 0.00300000000000011 0.00100000000000477 0 0.00399999999999068
ref 2.94000000000233 2.32200000000012 2.96399999999994 2.31999999999971 2.18299999999726 2.42699999999968 2.28199999999924 2.54200000000128 2.65600000000268 2.12700000000041
infog 0 0 0 0 0 0 0 0 0 0
func 0 0 0 0 0 0 0 0 0 0
EFSIS 0.773000000001048 0.764999999999418 0.759999999998399 0.757000000001426 0.717000000000553 0.761999999998807 0.788000000000466 0.752999999996973 0.773000000001048 0.710999999999331
 0.0180000000000007 0.0200000000000102 0.0110000000000099 0.0109999999999957 0.0139999999999958 0.0120000000000005 0.0120000000000005 0.0139999999999958 0.0159999999999911 0.0110000000000099
 0.790999999997439 0.786000000000058 0.77100000000064 0.766999999999825 0.731999999999971 0.77299999999741 0.80000000000291 0.768000000000029 0.789999999997235 0.722000000001572
 0 0 0 0 0 0 0 0 0 0
 0 0 0 0 0 0 0 0 0 0
 2.72299999999814 2.87100000000282 2.74500000000262 2.78799999999683 2.42299999999886 2.83799999999974 2.6359999999986 3.24799999999959 3.29099999999744 2.44399999999951
 0.0360000000000014 0.000999999999990564 0.0109999999999957 0.00900000000000034 0.0100000000000051 0.0190000000000055 0.00799999999999557 0.0280000000000058 0.0630000000000024 0.0149999999999864
 1.81700000000274 1.88500000000204 1.81299999999828 1.8660000000018 1.56200000000172 1.90200000000186 1.66299999999683 2.35099999999875 2.39400000000023 1.54499999999825
 0 0 0 0 0 0 0 0 0 0
 0 0 0 0 0 0 0 0 0 0
 0.350000000002183 0.355999999999767 0.350999999998749 0.360000000000582 0.346000000001368 0.374000000003434 0.369000000002416 0.34400000000096 0.378000000000611 0.330999999998312
 0 0 0.00499999999999545 0.00199999999999534 0 0.00499999999999545 0.00499999999999545 0.00799999999999557 0 0.007000000000005
 0.349999999998545 0.355999999999767 0.355999999999767 0.363999999997759 0.347000000001572 0.378000000000611 0.373999999999796 0.353000000002794 0.378000000000611 0.338999999999942
 0 0 0 0 0 0 0 0 0 0
 0 0 0 0 0 0 0 0 0 0
 7.06899999999951 6.67799999999988 7.11999999999898 6.54899999999907 5.96299999999974 6.7019999999975 6.40599999999904 7.19499999999971 7.41300000000047 5.89700000000084
 0.0810000000000031 0.0219999999999914 0.039999999999992 0.0259999999999962 0.0250000000000057 0.0420000000000016 0.0289999999999964 0.0510000000000019 0.0789999999999935 0.0369999999999919
 6.20900000000256 5.71500000000015 6.22000000000116 5.64600000000064 5.11999999999898 5.79099999999744 5.45500000000175 6.32600000000093 6.53600000000006 5.02200000000084
 0 0 0 0 0 0 0 0 0 0
 0 0 0 0 0 0 0 0 0 0
 347.473000000002 341.190000000002 341.860000000001 336.781999999999 337.125 341.411 346.424999999999 337.917999999998 353.178999999996 344.171000000002
 1.45099999999999 1.20400000000001 1.218 1.325 1.41799999999999 1.69200000000001 1.642 1.242 1.35000000000001 1.357
 302.619999999999 294.926000000003 296.674999999999 291.044000000002 292.078000000001 295.406000000003 301.085999999999 293.162 306.089 299.436999999998
 0 0 0 0 0 0 0 0 0 0
 0 0 0 0 0 0 0 0 0 0
