V1 V2 V3 V4 V5 V6 V7 V8 V9 V10
sam 2.68100000000004 3.26299999999992 3.22399999999971 2.67000000000007 2.97599999999966 2.59799999999996 2.7489999999998 2.41800000000012 2.76299999999992 2.52799999999979
geode 0.0529999999999973 0.0440000000000111 0.0559999999999832 0.0409999999999968 0.0390000000000157 0.046999999999997 0.0589999999999975 0.0240000000000009 0.0349999999999966 0.0430000000000064
ref 2.73700000000008 3.30799999999999 3.2829999999999 2.71300000000019 3.01700000000028 2.64700000000039 2.80999999999995 2.44399999999996 2.79899999999998 2.57300000000032
infog 0 0 0 0 0 0 0 0 0 0
func 0 0 0 0 0 0 0 0 0 0
EFSOS 1.01200000000017 1.27799999999979 1.14200000000028 0.939000000000306 0.980000000000018 0.923999999999978 1.11799999999994 0.788000000000011 0.838999999999942 0.903000000000247
EFSIS 0.0180000000000007 0.0199999999999818 0.0180000000000007 0.0169999999999959 0.0149999999999864 0.0190000000000055 0.0149999999999864 0.0159999999999911 0.0150000000000148 0.0150000000000148
 1.02999999999975 1.29899999999998 1.15999999999985 0.956000000000131 0.99599999999964 0.94399999999996 1.13400000000001 0.804999999999836 0.855000000000018 0.917999999999665
 0 0 0 0 0 0 0 0 0 0
 0 0 0 0 0 0 0 0 0 0
 2.19999999999982 3.51500000000033 2.66100000000006 2.32699999999977 2.90000000000009 2.11099999999988 2.49300000000039 2.40099999999984 2.06399999999985 2.02799999999979
 0.0159999999999911 0.120000000000005 0.0109999999999957 0.0130000000000052 0.0910000000000082 0.0129999999999768 0.01400000000001 0.0970000000000084 0.00399999999999068 0.0209999999999866
 2.2180000000003 3.63900000000012 2.67300000000023 2.34299999999985 2.99400000000014 2.125 2.50900000000001 2.49900000000025 2.07000000000016 2.05100000000039
 0 0 0 0 0 0 0 0 0 0
 0 0 0 0 0 0 0 0 0 0
 0.416000000000167 0.440999999999804 0.434999999999945 0.454999999999927 0.387000000000171 0.399000000000342 0.457999999999629 0.365999999999985 0.440999999999804 0.389000000000124
 0 0 0.00600000000000023 0 0.007000000000005 0.007000000000005 0 0 0.00600000000000023 0
 0.415999999999713 0.440000000000055 0.441000000000258 0.454999999999927 0.394999999999982 0.406999999999698 0.458000000000084 0.365999999999985 0.447999999999865 0.389000000000124
 0 0 0 0 0 0 0 0 0 0
 0 0 0 0 0 0 0 0 0 0
 6.69599999999991 8.91100000000006 7.90000000000009 6.78500000000031 7.60899999999992 6.40900000000011 7.22699999999986 6.29899999999998 6.49699999999984 6.19000000000005
 0.0869999999999891 0.187000000000012 0.0909999999999798 0.070999999999998 0.155000000000001 0.0859999999999843 0.0879999999999939 0.14500000000001 0.0600000000000023 0.0790000000000077
 6.78800000000001 9.10300000000007 7.9970000000003 6.86100000000033 7.76999999999998 6.5 7.31999999999971 6.44900000000007 6.56100000000015 6.27500000000009
 0 0 0 0 0 0 0 0 0 0
 0 0 0 0 0 0 0 0 0 0
 26.7280000000001 26.3759999999997 28.6459999999997 25.4719999999998 26.3420000000001 26.2539999999999 24.2200000000003 28.0530000000003 26.2640000000001 26.223
 2.15700000000001 3.48499999999999 2.458 2.47 2.285 1.98500000000001 2.27599999999998 2.06299999999999 9.09999999999999 2.072
 41.1370000000002 40.7139999999999 44.4379999999996 39.9949999999999 40.596 42.1070000000004 37.7640000000001 42.6699999999996 71.8290000000002 40.4859999999999
 520.271999999997 468.252 534.225000000006 517.011999999995 505.779999999999 540.737000000001 496.373 487.533000000003 1609.442 508.574000000001
 46.1819999999998 49.357 67.0550000000003 45.0709999999999 49.3690000000001 66.9469999999997 41.8180000000002 45.9470000000001 193.678 47.1779999999999
