V1 V2 V3 V4 V5 V6 V7 V8 V9 V10
sam 2.23799999999756 2.24099999999453 2.22000000000116 2.5969999999943 2.22699999999895 2.67600000000675 2.22899999999208 2.1869999999908 2.37299999999232 3.30499999999302
geode 0 0 0.000999999999976353 0 0.000999999999976353 0 0 0.000999999999976353 0 0.000999999999976353
ref 2.24100000000908 2.24300000000221 2.2219999999943 2.59799999999814 2.22899999999208 2.6759999999922 2.23099999999977 2.18999999998778 2.375 3.30800000000454
infog 0 0 0 0 0 0 0 0 0 0
func 0 0 0 0 0 0 0 0 0 0
EFSIS 0.740000000005239 0.744999999995343 0.759000000005472 0.745999999999185 0.730999999999767 0.807000000000698 0.724000000001979 0.729000000006636 0.76500000001397 0.774000000004889
 0.000999999999976353 0.000999999999976353 0 0 0.000999999999976353 0.00199999999995271 0.0180000000000291 0.00199999999995271 0 0
 0.739999999990687 0.745999999999185 0.759999999994761 0.745999999999185 0.734000000011292 0.810000000012224 0.74299999998766 0.730999999999767 0.764999999999418 0.773999999990338
 0 0 0 0 0 0 0 0 0 0
 0 0 0 0 0 0 0 0 0 0
 2.95299999999406 2.6359999999986 2.63099999999395 2.48000000001048 2.75199999999313 3.19799999998941 2.93499999999767 2.57699999999022 3.32499999999709 2.78199999999197
 0.00400000000013279 0.00399999999990541 0.00199999999995271 0.00299999999992906 0.00199999999995271 0.00399999999990541 0.00399999999990541 0.00199999999995271 0.00200000000018008 0.0140000000001237
 2.12399999999616 1.75800000000163 1.75 1.63900000001013 1.82499999999709 2.32099999999627 2.07100000001083 1.68499999999767 2.43499999999767 1.88500000000931
 0 0 0 0 0 0 0 0 0 0
 0 0 0 0 0 0 0 0 0 0
 0.326000000000931 0.350000000005821 0.525000000008731 0.347999999998137 0.347000000008848 0.372000000003027 0.342000000004191 0.343000000008033 0.335999999995693 0.369000000006054
 0 0 0 0 0 0 0 0 0 0
 0.326000000000931 0.349999999991269 0.525000000008731 0.347999999998137 0.347999999998137 0.372000000003027 0.341999999989639 0.343000000008033 0.336999999999534 0.369999999995343
 0 0 0 0 0 0 0 0 0 0
 0 0 0 0 0 0 0 0 0 0
 6.57200000000012 6.8070000000007 6.62200000000303 6.48699999999371 6.35199999999895 7.37099999999919 6.51299999999173 6.16099999999278 7.10300000000279 7.54799999999523
 0.00500000000010914 0.00600000000008549 0.00299999999992906 0.00299999999992906 0.00399999999990541 0.00599999999985812 0.0219999999999345 0.00499999999988177 0.00200000000018008 0.0150000000001
 5.74599999999919 5.93399999999383 5.7439999999915 5.64699999999721 5.42999999999302 6.49700000000303 5.66999999999825 5.27499999999418 6.21700000000419 6.65299999999115
 0 0 0 0 0 0 0 0 0 0
 0 0 0 0 0 0 0 0 0 0
 313.209000000003 316.922999999995 333.020000000004 323.919000000009 331.460999999996 337.236000000004 334.450000000012 324.308999999994 328.353999999992 344.235000000001
 0.26299999999992 0.261999999999944 0.285000000000082 0.296000000000049 0.332000000000107 0.19600000000014 0.199000000000069 0.249000000000024 0.417999999999893 0.513999999999896
 269.817999999999 273.979999999996 290.087 280.40400000001 288.12000000001 292.834000000003 291.712 281.148000000001 284.300999999992 302.043000000005
 0 0 0 0 0 0 0 0 0 0
 0 0 0 0 0 0 0 0 0 0
