V1 V2 V3 V4 V5 V6 V7 V8 V9 V10
sam 4.28600000000006 3.79299999999967 3.32099999999991 3.3690000000006 3.56700000000092 3.69100000000071 3.86000000000058 3.45599999999831 3.78000000000065 3.72900000000118
geode 0.00199999999995271 0.00200000000000955 0.000999999999976353 0.000999999999976353 0.000999999999976353 0.0010000000000332 0 0.000999999999976353 0.000999999999976353 0
ref 4.29200000001583 3.79700000002049 3.32400000002235 3.37300000002142 3.58400000003166 3.69500000006519 3.86300000001211 3.45900000003166 3.78300000005402 3.73100000002887
infog 0 0 0 0 0 0 0 0 0 0
func 0 0 0 0 0 0 0 0 0 0
EFSIS 0.752999999998792 0.753000000000611 0.739999999999782 0.743999999998778 0.759000000000015 0.735000000000582 0.865999999999985 0.734000000000378 0.755999999999403 0.736999999999171
 0.0010000000000332 0.000999999999976353 0 0.0010000000000332 0 0 0.000999999999976353 0.0010000000000332 0.000999999999976353 0.0010000000000332
 0.753999999957159 0.755999999935739 0.741000000038184 0.746000000042841 0.758000000030734 0.73499999998603 0.868000000016764 0.736000000033528 0.758999999961816 0.738000000012107
 0 0 0 0 0 0 0 0 0 0
 0 0 0 0 0 0 0 0 0 0
 2.58400000000074 2.4320000000007 2.41699999999946 2.50400000000081 3.03199999999924 2.28600000000006 2.29199999999946 3.08700000000135 2.72099999999955 2.54399999999987
 0.00499999999999545 0.0040000000000191 0.00200000000000955 0.00499999999999545 0.00300000000004275 0.00200000000000955 0.00200000000000955 0.000999999999976353 0.00300000000004275 0.0129999999999768
 1.70200000004843 1.51399999996647 1.50099999993108 1.58699999994133 2.14899999997579 1.42300000006799 1.41199999989476 2.20199999993201 1.74400000006426 1.6809999999823
 0 0 0 0 0 0 0 0 0 0
 0 0 0 0 0 0 0 0 0 0
 0.328999999999724 0.336999999999534 0.322000000000116 0.346999999999753 0.332000000000335 0.32799999999952 0.326000000000931 0.321999999998297 0.340000000000146 0.337999999999738
 0.000999999999976353 0 0 0 0 0 0 0 0 0
 0.331000000005588 0.336000000010245 0.32300000009127 0.347000000067055 0.332000000053085 0.326999999932013 0.327000000048429 0.322000000043772 0.341000000014901 0.337999999988824
 0 0 0 0 0 0 0 0 0 0
 0 0 0 0 0 0 0 0 0 0
 8.3799999999992 7.63700000000063 7.11999999999898 7.28399999999965 8.02700000000004 7.33700000000135 7.65500000000065 7.90399999999863 7.92799999999988 7.68400000000111
 0.00899999999995771 0.00799999999998136 0.0029999999999859 0.007000000000005 0.0040000000000191 0.00300000000004275 0.0040000000000191 0.0029999999999859 0.00599999999997181 0.0149999999999864
 7.50699999998324 6.7269999999553 6.20900000003166 6.375 7.1600000000326 6.47800000000279 6.78000000002794 7.0230000000447 6.95800000010058 6.82600000000093
 0 0 0 0 0 0 0 0 0 0
 0 0 0 0 0 0 0 0 0 0
 381.211000000001 378.206 373.393 379.248 386.073 365.822 364.839 403.6 406.661 397.118999999999
 0.287000000000035 0.321000000000026 0.25200000000001 0.233000000000004 0.263999999999953 0.251999999999953 0.24799999999999 0.242000000000019 0.206000000000017 0.538000000000011
 336.59600000002 332.942000000039 327.04700000002 332.638000000035 342.626999999979 323.084000000032 320.53199999989 358.594000000041 361.420000000042 355.712000000058
 0 0 0 0 0 0 0 0 0 0
 0 0 0 0 0 0 0 0 0 0
