V1 V2 V3 V4 V5 V6 V7 V8 V9 V10
sam 2.82200000000012 2.88400000000001 2.67799999999988 3.27000000000044 2.39199999999983 2.37700000000041 3.93199999999888 2.64999999999964 3.04700000000048 2.72499999999854
geode 0.000999999999976353 0.0250000000000057 0 0 0 0 0 0.00100000000000477 0.00100000000000477 0.00100000000000477
ref 2.82600000000002 2.91599999999926 2.68000000000029 3.27199999999993 2.39500000000044 2.3809999999994 3.93499999999949 2.65200000000004 3.05199999999968 2.72700000000077
infog 0 0 0 0 0 0 0 0 0 0
func 0 0 0 0 0 0 0 0 0 0
EFSIS 0.805000000000291 0.904999999999745 1.04699999999957 0.823999999998705 0.783999999999651 0.77100000000064 0.80199999999968 0.827000000001135 0.843000000000757 0.773000000001048
 0 0.00100000000000477 0.00199999999998113 0.000999999999976353 0 0 0.00100000000000477 0.00100000000000477 0 0.00100000000000477
 0.806000000000495 0.904999999999745 1.05000000000018 0.826000000000022 0.783999999999651 0.77100000000064 0.805000000000291 0.829999999999927 0.84400000000096 0.773999999999432
 0 0 0 0 0 0 0 0 0 0
 0 0 0 0 0 0 0 0 0 0
 3.04100000000017 3.46700000000055 3.31900000000041 2.89600000000064 2.9940000000006 2.82599999999911 2.94200000000092 3.24599999999919 3.69099999999889 2.87199999999939
 0.00300000000001432 0.018999999999977 0.00300000000001432 0.00200000000000955 0.00199999999998113 0.00200000000000955 0.00300000000001432 0.00100000000000477 0.00399999999999068 0.00999999999999091
 2.09499999999935 2.53400000000056 2.17099999999937 1.9399999999996 2.08200000000033 1.83999999999924 2.02499999999964 2.17399999999907 2.7609999999986 1.95000000000073
 0 0 0 0 0 0 0 0 0 0
 0 0 0 0 0 0 0 0 0 0
 0.420000000000073 0.380000000000109 0.409999999999854 0.404999999998836 0.529999999998836 0.380000000001019 0.38799999999901 0.380000000001019 0.413000000000466 0.385000000000218
 0.00199999999998113 0 0 0 0 0 0 0 0 0.00100000000000477
 0.423000000000684 0.378999999999905 0.411000000000058 0.404000000000451 0.530999999999949 0.381000000000313 0.389000000001033 0.380000000001019 0.412000000000262 0.386999999998807
 0 0 0 0 0 0 0 0 0 0
 0 0 0 0 0 0 0 0 0 0
 7.40800000000036 7.96200000000044 7.77300000000014 7.7559999999994 7.0630000000001 6.67200000000048 8.43399999999929 7.44399999999951 8.32500000000073 7.13899999999921
 0.00799999999998136 0.0459999999999923 0.00499999999999545 0.00399999999999068 0.0029999999999859 0.00200000000000955 0.0040000000000191 0.00300000000001432 0.00499999999999545 0.0130000000000052
 6.47100000000046 7.06299999999919 6.63200000000052 6.80299999999988 6.15400000000045 5.6909999999998 7.52199999999903 6.37700000000041 7.40099999999984 6.22400000000016
 0 0 0 0 0 0 0 0 0 0
 0 0 0 0 0 0 0 0 0 0
 377.325 381.179 368.258999999999 356.039000000001 376.100999999999 387.356 360.449000000001 370.874 354.517 360.623
 0.271000000000015 0.194000000000017 0.170999999999992 9.19800000000001 0.183999999999997 0.211999999999989 29.364 10.304 70.986 21.06
 329.733999999999 332.451 320.268999999999 321.279 327.447999999999 339.225 359.321 336.641 410.76 344.861000000001
 0 0 0 0 0 0 0 0 0 0
 0 0 0 0 0 0 0 0 0 0
