V1 V2 V3 V4 V5 V6 V7 V8 V9 V10
sam 8.90399999999499 8.65600000000268 8.36000000000058 8.62099999999919 9.01699999999255 8.625 8.61100000000442 8.3920000000071 8.42399999999907 8.52599999999802
geode 0.167999999997846 0.157999999999447 0.149000000001251 0.145000000000437 0.148000000001048 0.136999999998807 0.131000000001222 0.123999999999796 0.121999999999389 0.118999999998778
ref 9.07900000002701 8.82099999999627 8.51500000001397 8.77400000000489 9.17200000002049 8.76900000000023 8.74700000000303 8.5230000000156 8.55200000002515 8.65299999999115
infog 0 0 0 0 0 0 0 0 0 0
func 0 0 0 0 0 0 0 0 0 0
EFSOS 12.4159999999974 13.9129999999859 11.9499999999971 12.2490000000107 13.2150000000111 12.9320000000007 12.3009999999922 12.7369999999937 12.9059999999881 12.0780000000086
EFSIS 0.584000000002561 0.600000000002183 0.549999999999272 0.559000000001106 0.715000000000146 0.614000000001397 0.619999999998981 0.542000000001281 0.542000000001281 0.585000000002765
 13.0109999999986 14.5240000000049 12.5100000000093 12.8179999999993 13.9409999999916 13.554999999993 12.9320000000007 13.289999999979 13.4589999999735 12.6719999999914
 0 0 0 0 0 0 0 0 0 0
 0 0 0 0 0 0 0 0 0 0
 16.3340000000026 16.622000000003 16.224000000002 17.4059999999881 18.0139999999956 17.3359999999957 16.0900000000111 17.0679999999993 16.5339999999997 17.0279999999912
 0.312999999998283 0.308000000000902 0.290999999997439 0.299999999999272 0.302999999999884 0.282999999999447 0.254000000000815 0.261999999998807 0.245999999999185 0.245999999999185
 16.6599999999744 16.9439999999886 16.5279999999912 17.7209999999905 18.3319999999949 17.6319999999832 16.3569999999891 17.3440000000119 16.7930000000051 17.2880000000005
 0 0 0 0 0 0 0 0 0 0
 0 0 0 0 0 0 0 0 0 0
 6.35800000000745 6.1310000000085 6.1530000000057 6.14500000000407 6.45500000000175 6.30200000001059 6.24699999998847 6.30100000000675 6.31600000000617 6.17900000000373
 0.300999999999476 0.283999999999651 0.286000000000058 0.283999999999651 0.294999999998254 0.289999999997235 0.297999999998865 0.28099999999904 0.27100000000064 0.269000000000233
 6.66500000000815 6.42000000001281 6.44500000000698 6.43299999998999 6.75500000000466 6.59799999999814 6.55000000001746 6.58599999998114 6.5910000000149 6.45200000001932
 0 0 0 0 0 0 0 0 0 0
 0 0 0 0 0 0 0 0 0 0
 46.4799999999959 47.7409999999945 44.9180000000051 46.7780000000057 49.0610000000015 47.5489999999991 45.5829999999987 47.1490000000049 46.4019999999873 46.1530000000057
 1.41200000000026 1.39800000000105 1.31499999999869 1.33000000000175 1.4989999999998 1.36199999999735 1.33899999999994 1.2489999999998 1.21299999999974 1.25200000000041
 47.9300000000221 49.176999999996 46.2680000000109 48.1479999999865 50.6000000000058 48.9489999999932 46.9590000000026 48.4360000000161 47.6520000000019 47.4419999999809
 0 0 0 0 0 0 0 0 0 0
 0 0 0 0 0 0 0 0 0 0
 2431.27499999999 2210.686 2436.087 2444.10799999999 2235.666 2587.467 2140.19100000001 2283.693 2164.008 2160.393
 74.132999999998 67.0989999999983 71.862000000001 90.3209999999999 69.3179999999993 76.6340000000018 64.9120000000003 62.8729999999996 60.0629999999983 59.3460000000014
 2507.40399999998 2279.584 2509.97500000001 2544.21600000001 2306.79000000001 2666.245 2206.89499999999 2348.42999999999 2225.834 2221.49400000001
 0 0 0 0 0 0 0 0 0 0
 0 0 0 0 0 0 0 0 0 0
