V1 V2 V3 V4 V5 V6 V7 V8 V9 V10
sam 10.2580000000016 8.84500000000116 10.8769999999931 10.3610000000044 13.8610000000044 12.3660000000091 9.3469999999943 9.89900000000489 10.0100000000093 11.0139999999956
geode 0 0.00399999999990541 0.00499999999919964 0.00900000000001455 0.0180000000000291 0.0460000000002765 0.0630000000001019 0.0850000000009459 0.0830000000005384 0.0860000000011496
ref 10.2660000000033 8.85599999999977 10.8920000000071 10.3800000000047 13.8899999999994 12.4219999999914 9.41700000000128 9.99599999999919 10.1000000000058 11.1100000000006
infog 0 0 0 0 0 0 0 0 0 0
func 0 0 0 0 0 0 0 0 0 0
EFSIS 12.9320000000007 13.2060000000056 13.3249999999971 12.7379999999976 13.4629999999888 1.1299999999901 12.8970000000118 16.0369999999966 16.3459999999905 15.1889999999985
 0.403999999999996 0.485000000000127 0.497000000000298 0.432999999999993 2.0649999999996 174.896000000001 0.512000000000626 0.522999999999229 0.539000000000669 0.502000000000407
 13.3470000000088 13.7010000000009 13.8340000000026 13.1809999999969 16.56700000001 272.737999999998 13.4199999999983 16.5849999999919 16.8999999999942 15.7929999999906
 0 0 0 0 0 0 0 0 0 0
 0 0 0 0 0 0 0 0 0 0
 23.3389999999927 19.9839999999967 22.3390000000072 21.5219999999972 23.9520000000048 0 28.7160000000003 21.7149999999965 23.3899999999994 22.1040000000066
 0.887000000000171 0.880999999999858 0.739000000000487 0.983000000000175 0.673000000000684 0 0.850000000000364 0.313000000000102 0.684999999999491 0.825999999999112
 20.6619999999966 17.1909999999916 20.0239999999903 19.1619999999966 21.0199999999895 19.3310000000056 26.2209999999905 19.2520000000077 21.1800000000076 19.5590000000084
 0 0 0 0 0 0 0 0 0 0
 0 0 0 0 0 0 0 0 0 0
 7.0109999999986 6.58400000000256 4.33199999999488 6.93499999999767 4.75400000000081 0 4.26499999999942 9.40099999999802 6.73600000000442 9.13700000000244
 0.242000000000189 0.242999999999938 4.66699999999946 0.201000000000022 48.7609999999995 62.8379999999997 52.8449999999993 0.281000000000859 0.234000000000378 0.272000000000844
 7.28100000000268 6.83199999999488 11.7060000000056 7.1420000000071 77.5760000000009 7.61100000000442 77.9140000000043 9.68999999998778 6.97499999999127 9.41599999999744
 0 0 0 0 0 0 0 0 0 0
 0 0 0 0 0 0 0 0 0 0
 56.0120000000024 50.9110000000073 53.0270000000019 54.0789999999979 56.0299999999988 13.4959999999992 55.2250000000058 59.372000000003 58.9410000000062 61.122000000003
 1.53300000000036 1.61900000000014 5.91100000000006 1.63299999999981 51.5169999999998 237.780000000001 54.2700000000004 1.22199999999975 1.56099999999969 1.71600000000035
 54.0300000000134 48.8800000000047 58.9490000000078 52.3950000000041 131.735000000001 314.633999999991 129.853000000003 57.8649999999907 57.6350000000093 59.5890000000072
 0 0 0 0 0 0 0 0 0 0
 0 0 0 0 0 0 0 0 0 0
 2069.57699999999 2540.34600000001 2072.36499999999 2249.458 1308.53 1393.15700000001 1876.43799999999 2782.287 2788.849 2800.397
 899.139 302.566 1023.355 1054.98 3615.816 3607.11 2029.647 88.2220000000016 87.4050000000007 124.540000000001
 3237.283 2782.11599999999 3474.696 3648.144 6549.78200000001 6586.58200000001 4758.37199999999 2722.717 2724.49500000001 2796.93699999999
 0 0 0 0 0 0 0 0 0 0
 0 0 0 0 0 0 0 0 0 0
