V1 V2 V3 V4 V5 V6 V7 V8 V9 V10
sam 9.75399999999991 9.39400000000023 8.67799999999988 9.16899999999987 8.87100000000009 8.92399999999998 8.79200000000037 8.96100000000024 9.33200000000033 9.19400000000041
geode 0.0709999999999695 0.100000000000023 0.0500000000000114 0.0639999999999645 0.0160000000000196 0.119000000000028 0.0559999999999832 0.00499999999999545 0.12299999999999 0.0760000000000218
ref 9.83300000000054 9.5010000000002 8.73400000000038 9.23999999999978 8.89300000000003 9.04999999999927 8.85599999999977 8.97400000000016 9.46200000000135 9.27700000000186
infog 0 0 0 0 0 0 0 0 0 0
func 0 0 0 0 0 0 0 0 0 0
EFSOS 12.8689999999997 13.0469999999996 12.4459999999999 13.1099999999997 13.6059999999998 12.6689999999999 12.0689999999995 12.7780000000002 12.3059999999996 12.4880000000003
EFSIS 0.399000000000001 0.411000000000001 0.393000000000029 0.400000000000034 0.367999999999995 0.375999999999976 0.396000000000015 0.423999999999978 0.370000000000005 0.38900000000001
 13.2780000000002 13.469000000001 12.8490000000002 13.5210000000006 13.9860000000008 13.0550000000003 12.4750000000004 13.2119999999995 12.6860000000015 12.8869999999988
 0 0 0 0 0 0 0 0 0 0
 0 0 0 0 0 0 0 0 0 0
 17.3609999999999 17.8440000000001 16.9760000000006 17.9270000000006 18.1509999999998 17.491 16.9720000000007 18.7669999999998 17.5889999999999 17.9099999999999
 0.242000000000019 0.192999999999984 0.182999999999993 0.199999999999989 0.174000000000035 0.168000000000006 0.267999999999972 0.189999999999998 0.150000000000034 0.231999999999971
 17.616 18.0609999999997 17.1720000000005 18.1419999999998 18.3389999999999 17.6720000000005 17.2529999999988 18.9719999999998 17.7519999999986 18.1569999999992
 0 0 0 0 0 0 0 0 0 0
 0 0 0 0 0 0 0 0 0 0
 6.4369999999999 6.53099999999995 6.44399999999951 6.6309999999994 6.53899999999976 7.28600000000006 6.41100000000006 6.63500000000022 6.48000000000047 6.69799999999941
 0.197999999999979 0.190999999999974 0.192999999999984 0.199000000000012 0.196999999999946 0.19599999999997 0.194999999999993 0.203000000000031 0.190999999999974 0.189000000000021
 6.63999999999942 6.72600000000057 6.64300000000003 6.83499999999913 6.74200000000019 7.48899999999958 6.61100000000079 6.84400000000096 6.6770000000015 6.89199999999983
 0 0 0 0 0 0 0 0 0 0
 0 0 0 0 0 0 0 0 0 0
 48.7569999999996 49.1880000000001 46.8549999999996 49.2470000000003 49.5109999999995 48.6940000000004 47.201 49.5970000000007 48.0730000000003 48.7240000000002
 0.911000000000001 0.899999999999977 0.824000000000012 0.867999999999995 0.756000000000029 0.860000000000014 0.927999999999997 0.826999999999998 0.835000000000036 0.887
 49.7080000000005 50.1350000000002 47.7170000000006 50.1549999999988 50.3070000000007 49.5929999999989 48.1679999999997 50.4650000000001 48.9470000000001 49.6500000000015
 0 0 0 0 0 0 0 0 0 0
 0 0 0 0 0 0 0 0 0 0
 140.478 131.471 134.174 135.875 133.983 136.237 133.998000000001 136.857999999999 136.409 136.305
 5.322 4.85600000000005 4.83100000000002 4.99799999999999 4.88799999999998 4.685 4.94499999999999 4.96199999999999 4.84699999999998 5.05500000000001
 266.703 435.997000000001 407.459999999999 345.226000000001 254.129999999999 289.171 259.483 328.082 250.844999999999 256.433000000001
 4680.73199999999 2900.114 3038.50600000002 3521.37599999999 4863.70800000001 4532.41199999998 4739.092 3820.44 4614.23199999999 4823.55600000001
 434.599000000002 5882.07399999999 5298.50200000001 3325.575 217.463999999993 1558.789 419.956000000006 2973.90399999999 191.182000000001 186.724000000002
