V1 V2 V3 V4 V5 V6 V7 V8 V9 V10
sam 8.68499999999767 9.12699999999313 9.54899999999907 8.79099999999744 7.89299999999639 9.44200000001001 7.98599999998987 9.61699999999837 9.24800000000687 8.99899999999616
geode 0.192999999999302 0.199000000000524 0.199000000000524 0.178000000003522 0.155000000002474 0.179000000000087 0.14600000000064 0.170999999998457 0.159999999999854 0.150999999998021
ref 8.88499999998021 9.33300000001327 9.75400000001537 8.97599999999511 8.05499999999302 9.62900000001537 8.13800000000629 9.7960000000021 9.41800000000512 9.15700000000652
infog 0 0 0 0 0 0 0 0 0 0
func 0 0 0 0 0 0 0 0 0 0
EFSIS 12.6860000000015 12.525999999998 12.3819999999978 12.601999999999 12.6580000000104 12.898000000001 12.2850000000035 12.3080000000045 12.2770000000019 12.2409999999945
 0.756000000001222 0.638999999999214 0.643000000000029 0.629999999997381 0.682000000000698 0.617999999998574 0.66899999999805 0.617000000002008 0.545999999998457 0.588999999999942
 13.4550000000163 13.1749999999884 13.0370000000112 13.2450000000244 13.3520000000135 13.5259999999835 12.9649999999965 12.9340000000084 12.8319999999949 12.8399999999965
 0 0 0 0 0 0 0 0 0 0
 0 0 0 0 0 0 0 0 0 0
 17.5669999999955 20.6040000000066 20.3099999999977 20.622000000003 17.8869999999879 24.1219999999885 17.6089999999967 21.0359999999928 19.6269999999931 19.4780000000028
 1.28199999999924 1.32400000000052 1.32099999999991 1.26300000000265 1.24799999999959 1.35000000000218 1.08699999999953 1.22499999999854 1.22499999999854 1.22500000000218
 15.4949999999953 18.5500000000175 18.4419999999809 18.7179999999935 15.6539999999804 21.8660000000091 15.5430000000051 19.185999999987 17.7149999999965 17.627999999997
 0 0 0 0 0 0 0 0 0 0
 0 0 0 0 0 0 0 0 0 0
 6.27400000000489 6.21700000000419 6.36100000000442 6.34700000000885 6.16900000000896 6.31800000001385 6.07600000000093 6.38800000000629 6.17799999999988 6.33299999999872
 0.364000000001397 0.318999999999505 0.320999999999913 0.311999999998079 0.34599999999773 0.302999999999884 0.334000000002561 0.311000000001513 0.292000000001281 0.290999999997439
 6.64299999998184 6.54099999999744 6.68700000000536 6.66399999998976 6.52100000000792 6.625 6.41500000000815 6.70499999998719 6.47500000000582 6.62900000001537
 0 0 0 0 0 0 0 0 0 0
 0 0 0 0 0 0 0 0 0 0
 47.4170000000013 50.900999999998 51.0359999999928 50.8439999999973 46.6919999999955 55.1750000000029 46.0729999999894 51.726999999999 49.6720000000059 49.4519999999902
 2.64700000000084 2.53700000000026 2.53399999999965 2.43600000000151 2.47200000000157 2.49799999999959 2.27899999999863 2.36599999999817 2.26299999999901 2.29699999999866
 46.734999999986 50.082000000024 50.4060000000172 50.140000000014 45.7099999999919 54.0910000000149 45.2240000000165 51.0419999999867 48.823000000004 48.698000000004
 0 0 0 0 0 0 0 0 0 0
 0 0 0 0 0 0 0 0 0 0
 2314.806 2407.768 2184.29800000001 2275.33500000001 2323.79400000001 2339.439 2293.65700000001 2260.875 2296.323 2281.164
 126.240000000002 124.396000000001 121.228999999999 118.889999999999 119.343000000001 121.59 115.694 113.559000000001 108.853999999999 111.464
 2280.21799999999 2377.95199999999 2154.79499999998 2240.39199999999 2286.82400000002 2296.88699999999 2254.462 2220.27600000001 2256.21099999998 2242.481
 0 0 0 0 0 0 0 0 0 0
 0 0 0 0 0 0 0 0 0 0
