V1 V2 V3 V4 V5 V6 V7 V8 V9 V10
sam 8.84100000000035 8.92199999999957 8.75399999999991 8.8149999999996 8.49800000000141 9.13299999999981 8.84699999999975 8.36099999999897 8.47199999999975 8.878999999999
geode 0.139999999999986 0.157999999999959 0.0219999999999914 0.0339999999999918 0.0209999999999582 0 0.00599999999997181 0.0859999999999559 0.0910000000000082 0.0629999999999882
ref 8.98699999999917 9.08799999999974 8.78399999999965 8.85599999999977 8.52700000000004 9.14000000000124 8.85800000000017 8.45399999999972 8.56899999999951 8.94900000000052
infog 0 0 0 0 0 0 0 0 0 0
func 0 0 0 0 0 0 0 0 0 0
EFSOS 12.4979999999996 12.7060000000001 12.4750000000004 12.6549999999997 12.610999999999 12.8779999999988 12.268 11.9809999999998 12.1759999999995 12.3180000000011
EFSIS 0.428999999999974 0.40500000000003 0.415999999999997 0.437000000000012 0.396000000000015 0.394000000000005 0.38900000000001 0.400000000000034 0.380999999999972 0.375
 12.9369999999999 13.1209999999992 12.9060000000009 13.1020000000008 13.018 13.2819999999992 12.6679999999997 12.3909999999996 12.5669999999991 12.7019999999993
 0 0 0 0 0 0 0 0 0 0
 0 0 0 0 0 0 0 0 0 0
 17.8810000000003 18.1350000000002 17.8590000000004 17.933 15.6830000000009 19.1900000000005 18.0759999999991 15.1440000000002 15.2010000000009 18.1539999999986
 0.225000000000023 0.200999999999965 0.122000000000014 0.108000000000004 0.089999999999975 0.168999999999983 0.117999999999995 0.115999999999985 0.137 0.175000000000011
 18.1229999999996 18.3500000000004 18.0020000000004 18.0560000000005 15.7839999999997 19.3829999999998 18.2080000000005 15.2720000000008 15.3500000000004 18.3450000000012
 0 0 0 0 0 0 0 0 0 0
 0 0 0 0 0 0 0 0 0 0
 6.55299999999988 7.09699999999975 6.42299999999977 6.3720000000003 6.52999999999884 6.4950000000008 6.45399999999972 6.41899999999987 6.42300000000068 6.46000000000095
 0.189999999999998 0.194000000000017 0.19399999999996 0.189999999999998 0.189000000000021 0.196000000000026 0.189999999999998 0.192000000000007 0.191000000000031 0.194000000000017
 6.74700000000121 7.29700000000048 6.62099999999919 6.5679999999993 6.72500000000036 6.69599999999991 6.64899999999943 6.61700000000019 6.6190000000006 6.65899999999965
 0 0 0 0 0 0 0 0 0 0
 0 0 0 0 0 0 0 0 0 0
 48.1319999999996 49.1089999999995 47.8420000000006 48.1480000000001 46.0300000000007 50.0599999999995 48.0429999999997 44.1309999999994 44.4989999999998 48.1989999999987
 0.98399999999998 0.961999999999989 0.753999999999962 0.771999999999991 0.702999999999975 0.759000000000015 0.702999999999975 0.793999999999983 0.800999999999988 0.812999999999988
 49.1549999999988 50.1119999999992 48.6450000000004 48.9580000000005 46.7710000000006 50.8680000000004 48.7830000000013 44.9590000000007 45.3339999999989 49.0509999999995
 0 0 0 0 0 0 0 0 0 0
 0 0 0 0 0 0 0 0 0 0
 134.189 134.473 132.477 128.936 133.025 134.067999999999 130.816000000001 130.284 137.694 134.111000000001
 6.02199999999999 6.202 6.28100000000001 5.92000000000002 5.44900000000001 4.387 4.65300000000002 4.779 4.82600000000002 4.99200000000002
 261.723 261.847 256.748 250.67 283.225999999999 299.107 249.529999999999 251.769999999999 256.142 255.695000000002
 5029.33799999999 5078.28200000001 4948.63500000001 4808.63999999998 4913.57500000001 4387.70699999999 4628.08000000002 4861.24799999999 4859.652 4891.80100000001
 215.518 227.236000000001 200.396000000001 200.749 848.267 1996.322 188.558000000001 191.722999999998 182.923000000003 209.434999999998
