V1 V2 V3 V4 V5 V6 V7 V8 V9 V10
sam 13.208999999988 13.2719999999972 14.4279999999999 12.6520000000019 14.7639999999956 13.1680000000051 12.9599999999919 13.2100000000064 13.205999999991 12.9949999999953
geode 0.00100000000020373 0.00399999999990541 0.00499999999965439 0.00199999999995271 0.00199999999995271 0.00300000000015643 0.00199999999995271 0.00600000000031287 0.00199999999995271 0.00199999999995271
ref 13.218000000008 13.2799999999988 14.4409999999916 12.6609999999928 14.7709999999934 13.1739999999991 12.9660000000003 13.2189999999973 13.2119999999995 12.9989999999962
infog 0 0 0 0 0 0 0 0 0 0
func 0 0 0 0 0 0 0 0 0 0
EFSIS 12.4860000000044 13.18299999999 12.8279999999941 12.791000000012 13.2189999999973 13.6709999999875 12.6710000000021 12.9379999999946 12.4150000000081 12.6009999999951
 0.373000000000047 0.41800000000012 0.37900000000036 0.476000000000113 0.38799999999992 0.490999999999985 0.376000000000204 0.391999999999825 0.38799999999992 0.400000000000091
 12.8659999999945 13.6040000000066 13.2160000000003 13.2750000000087 13.6140000000014 14.1659999999974 13.0499999999884 13.3330000000133 12.8059999999969 13.0050000000047
 0 0 0 0 0 0 0 0 0 0
 0 0 0 0 0 0 0 0 0 0
 19.4230000000098 20.0900000000111 19.166000000012 18.3740000000107 20.4610000000102 18.6270000000077 18.6530000000057 19.8680000000022 18.6299999999901 19.0350000000035
 0.962999999999738 1.01099999999997 1.04899999999998 1.13000000000011 0.992000000000189 1.06299999999965 1.0029999999997 0.751000000000204 0.923000000000229 0.89200000000028
 17.2510000000038 17.5649999999878 16.926999999996 16.3040000000037 18.0940000000119 16.2860000000073 16.4250000000029 17.1919999999955 16.0840000000026 16.653999999995
 0 0 0 0 0 0 0 0 0 0
 0 0 0 0 0 0 0 0 0 0
 6.92099999998754 6.70100000000093 7.1359999999986 7.19399999998859 6.81299999999464 6.98500000000058 6.71600000000035 6.64800000000105 6.64900000000489 6.89599999999336
 0.200000000000273 0.195999999999913 0.204000000000178 0.239999999999782 0.204999999999927 0.234000000000378 0.201000000000022 0.201000000000022 0.19399999999996 0.243999999999687
 7.125 6.89900000000489 7.34400000001187 7.43799999999464 7.01999999998952 7.2219999999943 6.91999999999825 6.85399999999208 6.84500000000116 7.14100000000326
 0 0 0 0 0 0 0 0 0 0
 0 0 0 0 0 0 0 0 0 0
 54.6739999999991 55.734999999986 56.221000000005 53.6150000000052 57.903999999995 55.0019999999931 53.4829999999929 55.2090000000026 53.3279999999941 53.9889999999868
 1.53900000000021 1.63000000000011 1.63899999999967 1.85399999999981 1.58799999999974 1.79300000000012 1.58300000000008 1.35400000000027 1.50700000000006 1.53800000000001
 53.0979999999981 53.8410000000003 54.5939999999973 52.2890000000043 56.1499999999942 53.3999999999942 51.8449999999866 53.1460000000079 51.377999999997 52.2620000000024
 0 0 0 0 0 0 0 0 0 0
 0 0 0 0 0 0 0 0 0 0
 2611.97199999999 2569.18900000001 2624.924 2611.872 2691.027 2573.47100000001 2552.17 2573.06 2554.898 2609.48000000001
 78.7939999999999 86.4960000000001 78.5100000000002 84.1820000000002 83.654 82.114 79.402 76.1059999999998 75.915 78.5410000000002
 2527.394 2492.151 2543.689 2532.673 2602.739 2488.807 2463.807 2488.11099999999 2474.71699999999 2525.38400000001
 0 0 0 0 0 0 0 0 0 0
 0 0 0 0 0 0 0 0 0 0
