V1 V2 V3 V4 V5 V6 V7 V8 V9 V10
sam 13.0950000000012 13.9860000000044 13.7399999999907 14.082000000024 13.8030000000144 13.0050000000047 13.9639999999781 14.3090000000084 14.2690000000002 13.4740000000165
geode 0.00199999999995271 0.00499999999919964 0.00100000000020373 0.0069999999996071 0.000999999999294232 0.0069999999996071 0.00500000000010914 0.00500000000010914 0.00200000000040745 0.00200000000040745
ref 13.1040000000066 13.9940000000061 13.747000000003 14.0940000000119 13.8090000000084 13.0149999999849 13.9720000000088 14.3190000000177 14.2770000000019 13.4829999999783
infog 0 0 0 0 0 0 0 0 0 0
func 0 0 0 0 0 0 0 0 0 0
EFSIS 12.237999999983 14.9150000000081 12.1900000000023 13.7519999999786 13.8830000000016 13.0270000000019 13.0550000000221 13.1870000000054 13.8269999999902 12.5380000000005
 0.385999999999967 0.412000000000262 0.393000000000029 0.409999999999854 0.460000000000036 0.398000000000138 0.409999999999854 0.507999999999811 0.488999999999578 0.492000000000189
 12.6319999999978 15.3309999999765 12.5899999999965 14.1680000000051 14.3470000000088 13.4590000000026 13.4679999999935 13.7010000000009 14.3209999999963 13.0330000000249
 0 0 0 0 0 0 0 0 0 0
 0 0 0 0 0 0 0 0 0 0
 19.054999999993 20.9210000000021 19.1110000000044 19.551999999996 20.4960000000137 19.2739999999758 19.4590000000026 20.2779999999912 19.4120000000112 19.551999999996
 0.958999999999833 0.989000000000487 1.01000000000022 0.916000000000167 0.925000000000182 1.01800000000003 1.03200000000015 0.796000000000276 1.01400000000012 0.967999999999847
 16.9630000000034 18.5160000000033 17.0950000000012 17.4590000000026 18.1849999999977 16.9819999999891 17.4640000000072 17.9819999999891 17.3260000000009 17.5389999999898
 0 0 0 0 0 0 0 0 0 0
 0 0 0 0 0 0 0 0 0 0
 6.93700000000536 6.85300000000279 6.75899999999092 6.42900000000373 6.75499999997555 6.73400000002584 6.82699999999022 6.79000000000815 7.11799999998766 6.45999999999185
 0.201000000000022 0.240999999999985 0.1899999999996 0.193000000000211 0.195000000000618 0.208999999999833 0.225000000000364 0.239999999999782 0.242000000000189 0.239999999999782
 7.14299999999639 7.09900000001653 6.95300000000861 6.625 6.95199999999022 6.94599999999627 7.05199999999604 7.03200000000652 7.36499999999069 6.70100000000093
 0 0 0 0 0 0 0 0 0 0
 0 0 0 0 0 0 0 0 0 0
 53.9499999999825 59.4530000000086 54.3699999999953 56.3360000000102 57.5050000000047 54.4919999999984 55.997000000003 57.2270000000135 57.4419999999809 54.6020000000135
 1.54799999999977 1.65200000000004 1.59400000000005 1.52899999999954 1.58100000000013 1.63299999999981 1.67300000000068 1.55400000000009 1.7470000000003 1.70700000000033
 52.4670000000042 57.7239999999874 52.9549999999872 54.8710000000137 55.8610000000044 52.8549999999814 54.6499999999942 55.7010000000009 56.1059999999998 53.3399999999965
 0 0 0 0 0 0 0 0 0 0
 0 0 0 0 0 0 0 0 0 0
 2664.614 2681.467 2573.08299999998 2655.52100000001 2663.057 2687.69699999999 2787.20899999997 2679.92199999999 2655.38099999999 2642.30499999999
 76.7420000000002 77.567 77.9480000000003 76.7020000000002 81.0379999999996 85.4050000000007 79.0159999999996 84.4369999999999 84.357 123.559
 2583.90500000001 2600.734 2496.37 2573.92299999998 2579.003 2606.264 2708.5 2605.69400000002 2574.171 2623.234
 0 0 0 0 0 0 0 0 0 0
 0 0 0 0 0 0 0 0 0 0
