V1 V2 V3 V4 V5 V6 V7 V8 V9 V10
sam 15.766 13.96 13.3549999999996 13.6139999999996 12.8230000000003 13.0569999999989 12.4089999999997 13.3279999999977 12.5560000000005 14.1660000000011
geode 0.194 0.00399999999999068 0.00199999999998113 0.00600000000000023 0.00200000000000955 0.00300000000004275 0 0.00100000000009004 0.000999999999976353 0.00499999999999545
ref 15.966 13.9670000000001 13.3609999999999 13.6239999999998 12.8320000000003 13.0640000000003 12.4169999999995 13.3310000000019 12.5620000000017 14.1769999999997
infog 0 0 0 0 0 0 0 0 0 0
func 0 0 0 0 0 0 0 0 0 0
EFSIS 12.423 13.2620000000002 12.4189999999999 12.7690000000002 12.9500000000007 13.3310000000001 12.4239999999991 12.3420000000006 12.2890000000007 12.6239999999998
 0.417 0.454999999999998 0.393000000000001 0.405999999999977 0.35899999999998 0.385999999999967 0.36099999999999 0.384999999999991 0.372999999999934 0.380999999999972
 12.845 13.7190000000001 12.8149999999996 13.1769999999997 13.3130000000001 13.7189999999991 12.7919999999995 12.7309999999998 12.6660000000011 13.0089999999982
 0 0 0 0 0 0 0 0 0 0
 0 0 0 0 0 0 0 0 0 0
 20.223 22.2220000000002 20.1270000000004 20.4030000000002 19.3409999999985 20.2399999999998 17.9430000000011 19.1209999999992 18.5169999999998 19.0279999999984
 1.823 1.02000000000001 0.967000000000013 0.959000000000003 1.02600000000001 1.036 0.961000000000013 0.928999999999974 0.947000000000003 0.976999999999975
 19.347 19.9869999999996 17.9080000000004 18.2739999999994 17.0159999999996 17.9079999999994 16.0010000000002 17.1810000000005 16.1400000000031 17.135000000002
 0 0 0 0 0 0 0 0 0 0
 0 0 0 0 0 0 0 0 0 0
 6.965 7.36499999999978 6.78099999999995 6.74200000000019 6.89400000000023 6.59300000000076 6.4429999999993 6.63000000000102 6.92699999999968 6.60399999999936
 0.193 0.221999999999994 0.198999999999984 0.194999999999993 0.192999999999984 0.194999999999993 0.192000000000007 0.192999999999984 0.19500000000005 0.194000000000074
 7.16100000000006 7.58800000000019 6.98099999999977 6.9380000000001 7.09100000000035 6.79000000000087 6.63900000000103 6.82499999999709 7.12299999999959 6.79899999999907
 0 0 0 0 0 0 0 0 0 0
 0 0 0 0 0 0 0 0 0 0
 57.86 59.4570000000003 55.3760000000002 56.268 54.4359999999997 55.7869999999984 51.6989999999987 54.0459999999985 52.719000000001 54.9470000000001
 2.63 1.702 1.56599999999997 1.56899999999999 1.57999999999998 1.62 1.51799999999997 1.50800000000004 1.51800000000003 1.55799999999999
 57.807 57.9120000000003 53.7660000000005 54.7579999999998 52.6810000000005 54.0489999999991 50.3339999999989 52.6929999999993 50.9259999999995 53.6469999999972
 0 0 0 0 0 0 0 0 0 0
 0 0 0 0 0 0 0 0 0 0
 2580.459 2650.845 2597.134 2553.053 2571.554 2559.064 2491.596 2512.78 2540.572 2514.844
 77.775 79.987 77.47 79.332 79.644 83.131 76.815 77.852 79.7429999999999 76.8349999999999
 2502.946 2573.029 2520.228 2474.277 2501.751 2487.688 2422.92 2444.78 2474.717 2445.328
 0 0 0 0 0 0 0 0 0 0
 0 0 0 0 0 0 0 0 0 0
