V1 V2 V3 V4 V5 V6 V7 V8 V9 V10
sam 9.974 10.6509999999998 8.71699999999964 9.95499999999993 8.17900000000009 9.32799999999952 8.52900000000045 7.55400000000009 7.65899999999965 7.71999999999753
geode 0.304 0 0.0309999999999491 1.65999999999985 1.68100000000049 2.18899999999849 1.7589999999982 1.34599999999773 1.229000000003 1.11999999999898
ref 10.286 10.6599999999999 8.7529999999997 11.6219999999994 9.86800000000221 11.5250000000015 10.3069999999934 8.9059999999954 8.89500000000407 8.84600000000501
infog 0 0 0 0 0 0 0 0 0 0
func 0 0 0 0 0 0 0 0 0 0
EFSIS 13.2 14.7350000000001 1.51000000000022 5.66700000000037 10.875 3.9260000000013 14.759 10.5529999999999 10.7360000000008 10.7150000000001
 0.853 0.536999999999992 47.293 80.1180000000004 2.60099999999875 81.1920000000027 3.43700000000172 2.21199999999953 2.05299999999988 1.91300000000047
 14.3 15.2829999999999 75.2960000000003 129.473000000002 13.4860000000008 149.987999999998 18.2130000000034 12.7750000000015 12.7999999999956 12.6399999999994
 0 0 0 0 0 0 0 0 0 0
 0 0 0 0 0 0 0 0 0 0
 19.298 22.8969999999999 7.86399999999958 21.0990000000002 21.9670000000006 18.3140000000003 26.768 16.6080000000002 15.3100000000013 17.6730000000025
 1.842 0.879000000000005 8.48599999999999 4.41200000000026 5.42900000000009 5.23899999999776 6.29799999999886 3.76599999999962 3.28399999999965 3.3279999999977
 18.219 20.011 19.576 21.857 23.5409999999974 20.3349999999991 29.625 17.3680000000022 15.5750000000044 17.8839999999982
 0 0 0 0 0 0 0 0 0 0
 0 0 0 0 0 0 0 0 0 0
 6.73700000000001 7.1220000000003 7.0600000000004 3.77799999999934 5.96199999999953 4.59299999999894 9.77700000000004 5.56899999999951 5.60900000000038 5.59100000000035
 0 0.920000000000002 0.265999999999963 30.7170000000006 1.39700000000084 23.2020000000011 2.1830000000009 1.15999999999985 1.08299999999872 0.983000000000175
 6.74299999999999 8.04899999999998 7.32999999999993 51.2789999999986 7.3650000000016 45.6860000000015 11.9700000000012 6.73300000000017 6.69799999999668 6.58000000000175
 0 0 0 0 0 0 0 0 0 0
 0 0 0 0 0 0 0 0 0 0
 51.63 57.9479999999999 27.7119999999995 42.2340000000004 49.1779999999999 37.773000000001 63.3739999999998 42.1350000000002 41.2570000000014 43.8349999999991
 2.999 2.339 56.0859999999999 117.308000000001 11.5589999999993 112.486000000001 14.4049999999988 8.81399999999849 7.96100000000297 7.65299999999843
 51.971 56.5519999999997 113.529 216.596000000001 56.9070000000029 230.019999999997 74.387999999999 47.9649999999965 46.2229999999981 48.3970000000045
 0 0 0 0 0 0 0 0 0 0
 0 0 0 0 0 0 0 0 0 0
 2563.199 2365.36 1000.474 2193.198 1899.268 2705.53 2458.204 1942.352 2020.637 2136.061
 93.779 447.524 7843.677 5233.17 5877.836 1614.761 532.572 394.274000000001 373.798999999999 362.830000000002
 2499.642 2853.115 13202.925 10789.393 11518.156 4929.339 2827.047 2189.181 2246.484 2347.79
 0 0 0 0 0 0 0 0 0 0
 0 0 0 0 0 0 0 0 0 0
