V1 V2 V3 V4 V5 V6 V7 V8 V9 V10
sam 10.6150000000052 8.96399999999267 9.2219999999943 10.2690000000002 8.91700000000128 9.16000000000349 9.40099999999802 9.0049999999901 8.65400000000955 8.81900000000314
geode 0.0799999999999272 0.077000000001135 0.0750000000007276 0.0900000000001455 0.091999999996915 0.118999999998778 0.118999999998778 0.110999999997148 0.102999999999156 0.108000000000175
ref 10.7040000000125 9.04899999999907 9.30399999998917 10.3659999999945 9.01699999999255 9.28600000002189 9.52600000001257 9.12400000001071 8.76499999998487 8.93600000001607
infog 0 0 0 0 0 0 0 0 0 0
func 0 0 0 0 0 0 0 0 0 0
EFSIS 15.148000000001 12.6200000000099 13.070000000007 8.20700000000943 12.9189999999944 12.7279999999882 12.2560000000085 12.3090000000084 12.2259999999951 12.351999999999
 0.579999999999927 0.473999999998341 0.552999999999884 16.7659999999996 0.569999999999709 0.546000000002095 0.512000000002445 0.503000000000611 0.526999999998225 0.516999999999825
 15.7409999999945 13.1040000000066 13.6340000000055 33.7530000000115 13.5 13.2829999999958 12.7780000000203 12.8219999999856 12.7630000000063 12.8799999999756
 0 0 0 0 0 0 0 0 0 0
 0 0 0 0 0 0 0 0 0 0
 24.398000000001 21.6609999999928 20.3849999999948 29.2019999999902 19.1700000000128 20.7000000000116 20.1609999999928 20.5979999999981 20.3729999999923 20.3600000000006
 0.818999999999505 1.04000000000087 0.876000000000204 1.08500000000276 0.993000000002212 1.11000000000058 1.17599999999948 1.22799999999916 1.08200000000215 1.09900000000198
 22.1630000000005 19.6659999999974 18.1870000000054 27.0879999999888 17.0920000000042 18.6929999999993 18.2909999999974 18.7050000000163 18.2760000000126 18.3880000000063
 0 0 0 0 0 0 0 0 0 0
 0 0 0 0 0 0 0 0 0 0
 6.98699999999371 7.29099999999744 6.79300000000512 6.50700000001234 6.50799999998708 6.40799999999581 6.31600000000617 6.22800000000279 6.25800000000163 6.30899999999383
 0.281999999999243 0.244999999998981 0.656999999999243 0.247999999999593 0.294999999998254 0.266999999999825 0.258999999998196 0.254000000000815 0.258999999998196 0.255999999997584
 7.27400000000489 7.54099999999744 7.45599999999104 6.75900000000547 6.80799999998999 6.67999999999302 6.58099999997648 6.487999999983 6.52199999999721 6.57000000000698
 0 0 0 0 0 0 0 0 0 0
 0 0 0 0 0 0 0 0 0 0
 59.7580000000016 53.3129999999946 51.9539999999979 56.7630000000063 50.0510000000068 51.4560000000056 50.5779999999941 50.5499999999884 49.7979999999952 50.2379999999976
 1.78099999999904 1.8640000000014 2.1820000000007 18.2160000000003 1.97599999999875 2.07400000000052 2.09699999999793 2.12799999999697 1.9989999999998 2.00800000000163
 58.5130000000063 52.1670000000013 51.0879999999888 80.5739999999932 48.9809999999998 50.4360000000161 49.6540000000095 49.5819999999949 48.6430000000109 49.2000000000116
 0 0 0 0 0 0 0 0 0 0
 0 0 0 0 0 0 0 0 0 0
 2094.739 2574.924 2096.13499999999 1581.64200000001 1263.541 2430.64399999999 2338.54700000001 2404.83500000001 2401.96000000001 2442.374
 1338.205 91.1919999999991 865.315999999999 1822.348 3021.482 104.288 102.541000000001 98.7780000000021 100.932000000001 100.042999999998
 4006.52899999999 2515.78200000001 3282.554 4281.512 5876.12599999999 2377.64199999999 2288.69500000001 2351.78100000002 2352.348 2388.78200000001
 0 0 0 0 0 0 0 0 0 0
 0 0 0 0 0 0 0 0 0 0
