V1 V2 V3 V4 V5 V6 V7 V8 V9 V10
sam 8.84899999999925 8.48400000000038 8.93499999999949 9.02199999999993 8.45300000000043 8.48599999999988 8.38100000000031 8.90099999999984 9.01800000000003 8.95499999999993
geode 0.111000000000018 0.0960000000000036 0.0980000000000132 0.115999999999985 0.0129999999999768 0.111999999999966 0.158999999999992 0.0449999999999591 0.11099999999999 0.0040000000000191
ref 8.96600000000035 8.58799999999974 9.03999999999905 9.14400000000023 8.47200000000157 8.60300000000097 8.54600000000028 8.95299999999952 9.13600000000042 8.96600000000035
infog 0 0 0 0 0 0 0 0 0 0
func 0 0 0 0 0 0 0 0 0 0
EFSOS 12.326 12.4049999999997 12.317 12.5140000000001 12.6199999999999 12.6260000000002 12.1539999999995 12.1329999999998 12.3389999999999 12.3400000000001
EFSIS 0.417000000000002 0.371999999999986 0.37700000000001 0.39500000000001 0.375 0.358000000000004 0.391999999999996 0.378000000000043 0.389999999999986 0.385999999999967
 12.7530000000006 12.7870000000003 12.7030000000013 12.9200000000001 13.0049999999992 12.9939999999988 12.5560000000005 12.5210000000006 12.7389999999996 12.735999999999
 0 0 0 0 0 0 0 0 0 0
 0 0 0 0 0 0 0 0 0 0
 17.5990000000002 15.4610000000002 18.1230000000005 18.5339999999997 15.607 15.5929999999998 15.6909999999998 15.1279999999997 18.491 18.6720000000005
 0.363 0.298000000000002 0.231999999999999 0.271999999999991 0.293000000000006 0.271000000000015 0.182999999999993 0.245000000000005 0.264999999999986 0.221000000000004
 17.9759999999987 15.7709999999988 18.3709999999992 18.8199999999997 15.9140000000007 15.875 15.887999999999 15.3850000000002 18.7690000000002 18.9070000000011
 0 0 0 0 0 0 0 0 0 0
 0 0 0 0 0 0 0 0 0 0
 6.57300000000032 6.5010000000002 6.60400000000027 6.55199999999968 6.97299999999996 7.67799999999988 6.48700000000008 6.54400000000078 6.63500000000022 6.58199999999943
 0.189999999999998 0.192000000000007 0.195999999999998 0.188999999999993 0.229000000000013 0.201999999999998 0.192000000000007 0.190999999999974 0.19300000000004 0.192000000000007
 6.76800000000003 6.69700000000012 6.80600000000049 6.746000000001 7.20600000000013 7.88600000000042 6.68499999999949 6.73999999999978 6.83400000000074 6.77900000000045
 0 0 0 0 0 0 0 0 0 0
 0 0 0 0 0 0 0 0 0 0
 47.6769999999997 45.0690000000004 48.3909999999996 49.0749999999998 45.9340000000002 47.0060000000003 44.9340000000002 44.9110000000001 48.96 48.9769999999999
 1.08100000000002 0.960999999999984 0.90300000000002 0.99199999999999 0.909999999999997 0.942999999999984 0.930000000000007 0.85899999999998 0.973000000000013 0.802999999999997
 48.7960000000003 46.0669999999991 49.3320000000003 50.1060000000016 46.880000000001 47.9860000000008 45.8989999999994 45.8040000000001 49.973 49.8180000000011
 0 0 0 0 0 0 0 0 0 0
 0 0 0 0 0 0 0 0 0 0
 128.419 134.208 131.663 124.708 129.364 123.718 125.472 134.101 133.375 133.407
 4.714 5.399 6.285 6.06900000000002 6.13300000000001 5.12299999999999 6.24200000000002 5.09800000000001 5.315 6.04500000000002
 240.690000000001 250.635 248.009 240.052 250.807999999999 243.769 245.389000000001 251.328 244.071000000002 254.594999999999
 4589.49300000002 4718.30299999999 4724.54400000002 4681.65199999997 4991.50100000002 5017.63 4821.321 4668.652 4656.554 4817.62899999999
 208.793 231.223 195.780000000001 211.451999999999 220.245000000001 216.217000000001 228.645 217.823999999997 215.416000000001 203.656999999999
