V1 V2 V3 V4 V5 V6 V7 V8 V9 V10
sam 10.3120000000054 17.4609999999957 8.82100000001083 10.5810000000056 8.97800000000279 9.54899999999907 11.4470000000001 8.51499999999942 11.0679999999993 14.9660000000003
geode 0.284999999999854 0.467000000000553 0.227999999999156 0.262000000002445 0.213999999999942 0.215999999996711 0.246999999999389 0.173999999999069 0.218000000000757 0.286000000000058
ref 10.6049999999959 18.0890000000072 9.05599999999686 10.8530000000028 9.19899999999325 9.77300000000105 11.7030000000086 8.69500000000698 11.2949999999983 15.2639999999956
infog 0 0 0 0 0 0 0 0 0 0
func 0 0 0 0 0 0 0 0 0 0
EFSOS 15.4340000000084 58.6579999999958 12.3590000000113 15.8070000000007 14.3280000000086 13.2569999999978 19.2259999999951 12.0190000000002 16.2430000000022 23.5709999999963
EFSIS 0.847999999998137 2.12999999999738 0.653999999998632 0.808999999997468 0.712999999999738 0.641999999999825 0.895000000000437 0.582999999998719 0.883999999998196 0.867999999998574
 16.294000000009 61.025999999998 13.0249999999942 16.6290000000008 15.0540000000037 13.9100000000035 20.1370000000024 12.6119999999937 17.1410000000033 24.4590000000026
 0 0 0 0 0 0 0 0 0 0
 0 0 0 0 0 0 0 0 0 0
 20.4219999999914 18.653999999995 15.9539999999979 22.5499999999884 17.9229999999952 48.8010000000068 37.6330000000016 16.55799999999 20.5089999999909 16.6469999999972
 0.570999999999913 0.506000000001222 0.420000000001892 0.565000000002328 0.434000000001106 1.1140000000014 0.818999999999505 0.345000000001164 0.442000000002736 0.325000000000728
 21.0109999999986 19.1790000000037 16.3859999999986 23.1330000000016 18.3709999999992 49.9959999999992 38.4829999999929 16.9170000000013 20.9669999999896 16.984999999986
 0 0 0 0 0 0 0 0 0 0
 0 0 0 0 0 0 0 0 0 0
 7.03500000000349 6.09800000001269 6.38099999999395 7.35100000000966 6.25299999999697 6.25599999999395 7.76300000000629 6.18500000001222 6.45700000000943 6.91300000000047
 0.389000000002852 0.336999999999534 0.342000000000553 0.372999999999593 0.324000000000524 0.316999999999098 0.575999999997293 0.307000000000698 0.329999999998108 0.31499999999869
 7.42900000000373 6.44000000000233 6.72800000000279 7.73000000001048 6.58200000000943 6.57799999999406 8.34500000000116 6.49599999999919 6.79300000000512 7.23399999999674
 0 0 0 0 0 0 0 0 0 0
 0 0 0 0 0 0 0 0 0 0
 56.3180000000139 103.402999999991 45.8250000000116 58.9419999999955 51.2560000000085 80.2050000000017 79.5760000000009 45.6049999999959 56.8119999999908 64.3380000000034
 2.1830000000009 3.51199999999881 1.7029999999977 2.07900000000154 1.77800000000207 2.34199999999691 2.61199999999735 1.45699999999852 1.92399999999907 1.83599999999933
 58.5480000000098 107.340000000011 47.5650000000023 61.0709999999963 53.0749999999971 82.6540000000095 82.2540000000008 47.0980000000127 58.7829999999958 66.2280000000028
 0 0 0 0 0 0 0 0 0 0
 0 0 0 0 0 0 0 0 0 0
 2722.82599999999 2908.58500000001 2312.71799999999 2290.337 2505.432 2883.04399999999 3057.152 2874.671 2708.969 2847.34699999999
 412.752999999997 375.310000000001 86.385000000002 83.6389999999992 87.6709999999985 94.7139999999999 114.774000000001 187.91 287.513000000003 436.131999999998
 3349.12599999999 3459.17999999999 2401.03499999999 2375.86900000001 2595.29000000001 2980.51299999999 3189.83200000001 3144.58499999999 3136.66300000002 3510.36299999998
 0 0 0 0 0 0 0 0 0 0
 0 0 0 0 0 0 0 0 0 0
