V1 V2 V3 V4 V5 V6 V7 V8 V9 V10
sam 8.40899999999965 8.72900000000664 8.60700000000361 8.79400000000896 8.84299999999348 8.68499999999767 8.95600000000559 8.30300000001444 10.2880000000005 9.90799999999581
geode 0.137000000002445 0.13799999999901 0.132999999997992 0.13300000000163 0.130000000001019 0.123999999999796 0.126000000000204 0.11200000000099 0.135000000002037 0.132999999997992
ref 8.55099999997765 8.87400000001071 8.74599999998463 8.93400000000838 8.97999999998137 8.81600000002072 9.08999999999651 8.42199999999139 10.43299999999 10.0719999999856
infog 0 0 0 0 0 0 0 0 0 0
func 0 0 0 0 0 0 0 0 0 0
EFSIS 12.5929999999935 12.5179999999964 12.2369999999937 12.4630000000034 12.6760000000068 12.6620000000112 12.3999999999942 12.5099999999802 12.8070000000007 12.4409999999916
 0.679000000000087 0.549000000002707 0.550999999999476 0.553999999996449 0.543000000001484 0.541000000001077 0.538000000000466 0.618999999998778 0.56499999999869 0.544000000001688
 13.2840000000142 13.0769999999902 12.7980000000098 13.0279999999912 13.2280000000028 13.2129999999888 12.9489999999932 13.140000000014 13.3809999999939 12.997000000003
 0 0 0 0 0 0 0 0 0 0
 0 0 0 0 0 0 0 0 0 0
 17.9990000000107 19.7710000000079 18.2550000000047 20.3389999999927 20.7580000000016 20.6680000000051 20.1680000000051 17.7229999999981 24.3990000000049 20.2570000000123
 1.16899999999805 1.34599999999773 1.13900000000285 1.16700000000128 1.36199999999735 1.03600000000006 1.24299999999857 1.09100000000035 1.18400000000111 0.987999999997555
 15.9100000000035 17.6929999999993 16.1780000000144 18.3180000000284 18.7479999999923 18.3179999999993 18.1110000000044 15.5510000000068 22.3550000000105 18.3330000000133
 0 0 0 0 0 0 0 0 0 0
 0 0 0 0 0 0 0 0 0 0
 6.4149999999936 6.14499999998952 6.15899999999965 6.16199999999662 6.33799999998882 6.23800000001211 6.31199999997625 6.22500000000582 6.57800000000861 6.32799999997951
 0.340000000000146 0.28099999999904 0.32499999999709 0.277000000001863 0.276000000001659 0.272000000000844 0.275000000001455 0.311999999998079 0.278999999998632 0.267000000003463
 6.75899999999092 6.4320000000007 6.4890000000014 6.44399999998859 6.61900000000605 6.51500000001397 6.59200000000419 6.54199999998673 6.86200000002282 6.59999999997672
 0 0 0 0 0 0 0 0 0 0
 0 0 0 0 0 0 0 0 0 0
 47.6070000000036 49.5420000000013 47.6089999999967 50.1770000000106 50.9909999999945 50.6210000000137 50.234999999986 46.8770000000077 56.5760000000009 51.3880000000063
 2.36100000000079 2.35499999999956 2.18399999999747 2.16999999999825 2.34500000000116 2.00700000000143 2.21900000000096 2.16300000000047 2.19599999999991 1.96500000000015
 46.7339999999967 48.4979999999923 46.6009999999951 49.1850000000268 49.9869999999937 49.265000000014 49.1790000000037 45.8040000000037 55.570000000007 50.4929999999877
 0 0 0 0 0 0 0 0 0 0
 0 0 0 0 0 0 0 0 0 0
 2280.314 2342.405 2197.91500000001 2319.92499999999 2314.849 2375.56200000001 2355.185 2386.05499999999 2370.367 2294.462
 110.117999999999 110.968000000001 109.594000000001 110.677 108.714 107.495999999999 105.752 106.476999999999 106.402000000002 102.852999999999
 2234.47 2299.11300000001 2157.44 2275.69899999999 2263.223 2321.19 2309.47500000001 2340.19399999999 2327.171 2249.402
 0 0 0 0 0 0 0 0 0 0
 0 0 0 0 0 0 0 0 0 0
