V1 V2 V3 V4 V5 V6 V7 V8 V9 V10
sam 9.47100000000046 8.79200000000037 8.99699999999939 9.00200000000041 8.67300000000068 12.7010000000009 10.1560000000009 10.982 10.7260000000006 11.4490000000005
geode 0.112000000000023 0.108000000000004 0.00599999999997181 0.00599999999997181 0.0339999999999918 0.13900000000001 0.122000000000014 0.144000000000005 0.100999999999999 0.115999999999985
ref 9.59000000000015 8.90799999999945 9.00900000000183 9.01499999999942 8.71399999999994 12.851999999999 10.2870000000003 11.1360000000022 10.8359999999993 11.5749999999971
infog 0 0 0 0 0 0 0 0 0 0
func 0 0 0 0 0 0 0 0 0 0
EFSOS 12.8760000000002 13.567 12.8099999999995 13.1530000000002 13.4840000000004 18.5279999999984 13.9299999999985 15.4940000000006 18.3599999999988 16.4789999999994
EFSIS 0.379999999999995 0.387999999999977 0.398000000000025 0.386000000000024 0.399000000000001 0.485000000000014 0.40500000000003 0.477999999999952 0.533999999999992 0.435000000000002
 13.2669999999998 13.9650000000001 13.2199999999975 13.5489999999991 13.893 19.0270000000019 14.3460000000014 15.9850000000006 18.9080000000031 16.9269999999997
 0 0 0 0 0 0 0 0 0 0
 0 0 0 0 0 0 0 0 0 0
 18.0549999999994 18.0370000000003 17.7630000000008 18.2459999999992 18.5029999999988 26.116 21.9100000000017 22.3520000000008 22.8190000000013 21.1180000000004
 0.230999999999995 0.189000000000021 0.13900000000001 0.16500000000002 0.115000000000009 0.326999999999998 0.216000000000008 0.244000000000028 0.30400000000003 0.236000000000047
 18.3009999999995 18.2419999999984 17.9160000000011 18.4269999999997 18.6340000000018 26.4650000000001 22.1440000000002 22.614999999998 23.1409999999996 21.3710000000028
 0 0 0 0 0 0 0 0 0 0
 0 0 0 0 0 0 0 0 0 0
 6.79500000000007 6.50399999999991 7.31500000000051 6.5010000000002 6.53600000000006 9.05900000000111 7.92799999999988 8.26999999999862 6.89899999999943 7.02200000000084
 0.194999999999993 0.194999999999993 0.19599999999997 0.19399999999996 0.19300000000004 0.238 0.23399999999998 0.238999999999976 0.213999999999999 0.190999999999974
 6.99599999999919 6.70400000000154 7.51699999999983 6.70000000000073 6.73500000000058 9.30399999999645 8.16799999999785 8.51499999999942 7.11899999999878 7.21799999999712
 0 0 0 0 0 0 0 0 0 0
 0 0 0 0 0 0 0 0 0 0
 49.5700000000006 49.3210000000008 49.1360000000004 49.3080000000009 49.473 69.5910000000003 56.5789999999997 59.8210000000017 61.2289999999994 58.6020000000008
 0.918999999999983 0.889999999999986 0.740000000000009 0.755999999999972 0.742999999999995 1.19 0.979000000000042 1.10599999999999 1.154 0.978999999999985
 50.5299999999988 50.2520000000004 49.9160000000011 50.1049999999996 50.2560000000012 70.8389999999999 57.6049999999996 60.9770000000026 62.4330000000009 59.6289999999972
 0 0 0 0 0 0 0 0 0 0
 0 0 0 0 0 0 0 0 0 0
 141.261 143.059999999999 142.529999999999 142.739 146.694000000001 160.575000000001 152.604000000001 164.855 187.09 138.903
 4.72399999999999 4.57300000000004 4.66999999999996 4.65300000000002 4.63400000000001 6.029 5.82099999999997 7.40699999999998 5.29899999999998 5.17400000000004
 254.987000000001 384.735000000001 301.573 470.056 272.069 340.965 299.738000000001 325.948999999997 483.618999999999 289.399000000001
 4743.11799999999 3595.45000000001 3943.06400000001 3055.32499999998 5161.04000000001 5879.48799999998 6131.56200000001 6134.62 4727.99300000002 4189.959
 226.006999999998 4507.45 1721.54300000001 6251.90300000001 227.195999999996 1594.11299999998 346.323000000004 618.213000000018 4708.264 1494.38099999999
