V1 V2 V3 V4 V5 V6 V7 V8 V9 V10
sam 9.78300000001036 8.87299999999232 9.60400000000664 8.65100000001257 9.03200000000652 8.75300000002608 8.79699999999139 8.81899999998859 8.32300000000396 8.6140000000014
geode 0.109000000000378 0.0960000000013679 0.102999999999156 0.088000000003376 0.0910000000003492 0.0850000000027649 0.0839999999989232 0.08100000000195 0.0750000000007276 0.0759999999972933
ref 9.90100000001257 8.9769999999844 9.71499999999651 8.74599999998463 9.13000000000466 8.84600000001956 8.887000000017 8.90700000000652 8.40499999999884 8.69699999998556
infog 0 0 0 0 0 0 0 0 0 0
func 0 0 0 0 0 0 0 0 0 0
EFSIS 12.6449999999895 12.3280000000086 12.6100000000006 12.4749999999913 13.3149999999878 12.612999999983 12.1820000000007 12.4310000000114 12.2309999999998 12.0160000000033
 0.501000000000204 0.488999999997759 0.503000000000611 0.484999999996944 0.495999999999185 0.459999999999127 0.47700000000259 0.494999999998981 0.488999999997759 0.478000000002794
 13.1559999999881 12.8269999999902 13.1229999999923 12.9710000000196 13.823000000004 13.0829999999842 12.6689999999944 12.935999999987 12.7300000000105 12.5040000000154
 0 0 0 0 0 0 0 0 0 0
 0 0 0 0 0 0 0 0 0 0
 20.1190000000061 20.7739999999903 20.2350000000006 20.6990000000078 21.3940000000002 20.7980000000098 20.2979999999807 19.9569999999949 17.6529999999912 17.1680000000051
 1.07700000000114 1.21300000000338 1.21500000000015 1.26699999999983 1.14099999999962 1.20899999999892 1.30599999999686 1.15100000000166 1.04999999999927 1.14799999999741
 18.2309999999998 18.8380000000179 18.137000000017 18.5950000000012 18.9449999999779 18.4809999999998 18.3129999999946 18.070000000007 15.6839999999793 15.3809999999939
 0 0 0 0 0 0 0 0 0 0
 0 0 0 0 0 0 0 0 0 0
 6.27099999999336 6.43400000000838 6.46899999999732 6.38299999998708 6.60500000001048 6.4769999999844 6.73800000001211 6.23200000001816 6.4770000000135 6.21199999999953
 0.248999999999796 0.25 0.253999999997177 0.248000000003231 0.25 0.248999999999796 0.243000000002212 0.239999999997963 0.239000000001397 0.241000000001804
 6.52500000002328 6.68899999998393 6.7269999999844 6.6359999999986 6.86000000001513 6.73099999999977 6.98699999999371 6.4770000000135 6.72100000001956 6.45800000001327
 0 0 0 0 0 0 0 0 0 0
 0 0 0 0 0 0 0 0 0 0
 51.2230000000127 50.7769999999873 51.4370000000054 50.5450000000128 52.6670000000013 51.0520000000251 50.4099999999744 49.8159999999916 46.859999999986 46.1460000000079
 1.96299999999974 2.07700000000114 2.10199999999895 2.1140000000014 2.0010000000002 2.02700000000186 2.13300000000163 1.9890000000014 1.875 1.96199999999953
 50.247000000003 49.7309999999998 50.2509999999893 49.3120000000054 51.1039999999921 49.5770000000193 49.2760000000126 48.7900000000081 45.7410000000091 45.1959999999963
 0 0 0 0 0 0 0 0 0 0
 0 0 0 0 0 0 0 0 0 0
 2337.14799999999 2276.93500000001 2360.745 2354.52299999999 2282.183 2330.48699999999 2282.96800000002 2275.682 2179.07500000001 2249.33599999998
 101.920000000002 103.355 101.358 101.307000000001 98.3230000000003 103.496999999999 97.5349999999999 99.4880000000012 93.7739999999976 94.851999999999
 2281.16999999998 2220.587 2300.128 2293.299 2222.61800000002 2273.63199999998 2231.90100000001 2224.788 2121.87299999999 2192.16200000001
 0 0 0 0 0 0 0 0 0 0
 0 0 0 0 0 0 0 0 0 0
