V1 V2 V3 V4 V5 V6 V7 V8 V9 V10
sam 9.09399999999914 9.00900000000001 8.87700000000041 8.82600000000093 8.89699999999903 8.91799999999967 8.87900000000081 8.9419999999991 8.83899999999994 8.88299999999981
geode 0.00200000000000955 0.0040000000000191 0.0109999999999673 0 0.00499999999999545 0.089999999999975 0.0520000000000209 0.0850000000000364 0.0550000000000068 0
ref 9.10399999999936 9.020999999997 8.89500000000044 8.83299999999872 8.90999999999985 9.01699999999983 8.93799999999828 9.03200000000288 8.90100000000166 8.88899999999921
infog 0 0 0 0 0 0 0 0 0 0
func 0 0 0 0 0 0 0 0 0 0
EFSOS 12.2930000000015 12.402 12.2939999999999 12.4419999999991 12.8030000000017 12.7639999999992 12.3060000000005 12.4529999999995 12.1829999999991 12.3199999999997
EFSIS 0.379999999999995 0.37700000000001 0.382000000000005 0.371999999999957 0.370000000000005 0.385000000000048 0.379000000000019 0.367999999999995 0.389999999999986 0.382999999999981
 12.6840000000011 12.7870000000003 12.6849999999977 12.8250000000007 13.1829999999973 13.1580000000031 12.6949999999997 12.8319999999985 12.5829999999987 12.7139999999999
 0 0 0 0 0 0 0 0 0 0
 0 0 0 0 0 0 0 0 0 0
 18.0119999999988 18.25 18.6679999999997 18.6869999999999 18.5239999999994 18.2790000000005 17.9789999999994 15.4300000000003 17.9900000000016 18.6090000000004
 0.0920000000000414 0.105000000000018 0.120999999999981 0.150000000000034 0.14100000000002 0.175999999999988 0.20599999999996 0.182999999999993 0.168000000000006 0.119000000000028
 18.1179999999986 18.3710000000028 18.8060000000005 18.851999999999 18.6779999999999 18.4709999999977 18.2000000000007 15.625 18.1729999999989 18.7429999999986
 0 0 0 0 0 0 0 0 0 0
 0 0 0 0 0 0 0 0 0 0
 6.45800000000054 6.37199999999939 6.38299999999981 6.37200000000121 6.51100000000042 6.50600000000122 6.43900000000031 6.55199999999968 6.46099999999933 6.45299999999952
 0.19199999999995 0.192000000000007 0.189999999999998 0.189999999999998 0.192999999999984 0.187000000000012 0.191000000000031 0.197000000000003 0.192999999999984 0.194000000000017
 6.65399999999863 6.5679999999993 6.57800000000134 6.5669999999991 6.70900000000256 6.69700000000012 6.63400000000183 6.75500000000102 6.65999999999985 6.65100000000166
 0 0 0 0 0 0 0 0 0 0
 0 0 0 0 0 0 0 0 0 0
 48.241 48.4419999999991 48.6360000000004 48.6940000000013 49.0920000000006 48.8159999999989 47.9830000000002 45.7399999999998 48.4719999999998 48.6259999999984
 0.66700000000003 0.68100000000004 0.709000000000003 0.714999999999975 0.709000000000003 0.838000000000022 0.828000000000031 0.833000000000027 0.817000000000007 0.697000000000003
 48.9470000000001 49.1630000000005 49.3819999999978 49.4480000000003 49.8410000000003 49.6939999999995 48.8479999999981 46.6100000000006 49.3280000000013 49.3610000000008
 0 0 0 0 0 0 0 0 0 0
 0 0 0 0 0 0 0 0 0 0
 143.110000000001 142.081 138.699999999999 140.992 138.383 141.980000000001 141.624 139.626 134.977999999999 142.101000000001
 4.36199999999997 4.32900000000001 4.5 4.26499999999999 4.81700000000001 4.80699999999996 8.46199999999999 4.65899999999999 4.33699999999999 4.161
 272.587 271.427 266.743000000002 278.848999999998 277.055999999997 273.941000000003 394.970000000001 263.484 255.949000000001 267.418999999998
 4881.77299999999 5103.81900000002 5066.46899999998 5368.25300000003 5251.74799999996 5222.908 9740.538 4837.30600000004 4977.125 5112.32799999998
 660.442000000003 212.182999999997 210.936000000002 212.059000000001 187.000999999997 182.635000000002 365.115999999998 179.454000000002 209.028999999999 207.34
