V1 V2 V3 V4 V5 V6 V7 V8 V9 V10
sam 13.9759999999951 13.6749999999884 15.1390000000247 13.5849999999919 12.7859999999928 13.5229999999865 13.1369999999879 13.25 13.2270000000135 13.3759999999893
geode 0.00100000000020373 0.00399999999990541 0.00199999999949796 0.00500000000010914 0.00500000000010914 0.00200000000040745 0.00499999999919964 0.00600000000122236 0.0159999999996217 0.0180000000000291
ref 13.9850000000151 13.6820000000007 15.1480000000156 13.5940000000119 12.7940000000235 13.5280000000203 13.1490000000049 13.265000000014 13.2459999999846 13.3979999999865
infog 0 0 0 0 0 0 0 0 0 0
func 0 0 0 0 0 0 0 0 0 0
EFSIS 13.0580000000191 12.6080000000075 14.7069999999949 13.1460000000079 12.7840000000142 13.890000000014 1.11300000001211 4.63500000000931 1.21199999999953 1.14699999999721
 0.402000000000044 0.390000000000327 0.438000000000102 0.474999999999454 0.449000000000524 0.456000000000131 65.7970000000005 16.869999999999 63.8420000000006 30.9549999999999
 13.4670000000042 13.002999999997 15.1499999999942 13.6270000000077 13.2369999999937 14.3519999999844 80.9139999999898 30.3039999999746 80.2400000000198 45.8670000000275
 0 0 0 0 0 0 0 0 0 0
 0 0 0 0 0 0 0 0 0 0
 19.9439999999886 19.7339999999967 24.9510000000009 19.5469999999914 18.6169999999984 20.4529999999795 0 19.1499999999942 0 13.0180000000109
 1.0029999999997 0.994999999999891 0.565000000000509 1.00500000000011 1.10300000000007 0.963999999999942 0 1.02800000000025 0 1.36199999999917
 17.61599999998 17.6410000000033 22.3329999999842 17.5449999999837 16.3429999999935 18.1100000000151 17.7680000000109 17.070000000007 17.7939999999944 17.737999999983
 0 0 0 0 0 0 0 0 0 0
 0 0 0 0 0 0 0 0 0 0
 6.6140000000014 6.83100000000559 7.43899999998393 6.60599999999977 6.59299999999348 6.89600000000792 0.636999999987893 6.7609999999986 3.80199999999604 6.57099999999627
 0.203999999999724 0.199999999999818 0.204999999999927 1.07400000000052 0.194999999999709 0.21599999999944 1.40499999999975 0.254000000000815 1.48800000000119 0.203999999999724
 6.82000000000698 7.03200000000652 7.64699999999721 7.7730000000156 6.79099999999744 7.11300000001211 6.80499999999302 7.01799999998184 7.38899999999558 6.77600000001257
 0 0 0 0 0 0 0 0 0 0
 0 0 0 0 0 0 0 0 0 0
 56.2810000000172 55.5119999999879 65.1480000000156 55.5289999999804 53.2779999999912 57.3439999999828 17.5069999999832 46.4169999999867 20.8820000000123 36.6840000000084
 1.61300000000028 1.59400000000005 1.21399999999994 2.5659999999998 1.75200000000041 1.64400000000023 67.2119999999995 18.1589999999997 65.3490000000002 32.5439999999999
 54.5830000000133 54.0290000000095 63.195000000007 55.189000000013 51.6650000000081 55.69200000001 121.262000000017 70.2810000000172 121.313999999984 86.3559999999998
 0 0 0 0 0 0 0 0 0 0
 0 0 0 0 0 0 0 0 0 0
 2336.85499999998 2902.91 2727.5 2662.296 2704.962 2316.20699999999 2119.22500000001 1801.89200000002 1937.89999999999 1970.41499999998
 734.856000000001 67.6090000000004 89.6899999999996 150.783 185.349999999999 959.849 1283.135 1834.4 1547.212 1511.781
 3277.60999999999 2820.28399999999 2672.51699999999 2690.63500000001 2785.451 3573.62099999998 3862.85399999999 4411.23299999998 4110.826 4101.302
 0 0 0 0 0 0 0 0 0 0
 0 0 0 0 0 0 0 0 0 0
