V1 V2 V3 V4 V5 V6 V7 V8 V9 V10
sam 13.2819999999992 13.3889999999992 13.0600000000013 14.3000000000029 12.760000000002 13.5799999999945 13.3020000000033 13.5450000000055 13.3610000000044 12.9930000000022
geode 0.00199999999995271 0.00200000000006639 0.00300000000004275 0.00400000000013279 0.00200000000018008 0.00600000000008549 0 0.000999999999976353 0.00300000000015643 0.00700000000006185
ref 13.2870000000003 13.3950000000004 13.0669999999991 14.3079999999973 12.7669999999998 13.5899999999965 13.3100000000049 13.5550000000003 13.3669999999984 13.0040000000008
infog 0 0 0 0 0 0 0 0 0 0
func 0 0 0 0 0 0 0 0 0 0
EFSIS 12.25 13.3539999999994 12.4069999999992 13.3359999999957 12.7549999999974 12.7690000000002 12.3729999999996 13.0039999999935 12.2719999999972 12.1229999999996
 0.377000000000066 0.397999999999911 0.394999999999982 0.393000000000029 0.380999999999858 0.336000000000013 0.375999999999976 0.381999999999834 0.384000000000015 0.396999999999935
 12.630000000001 13.7559999999976 12.8070000000007 13.734000000004 13.1400000000067 13.109000000004 12.7559999999939 13.3940000000002 12.6589999999997 12.5240000000049
 0 0 0 0 0 0 0 0 0 0
 0 0 0 0 0 0 0 0 0 0
 19.0820000000022 20.1759999999995 19.242000000002 18.6990000000005 18.737000000001 20.1440000000002 19.4230000000025 19.7230000000054 19.3739999999962 18.1989999999932
 0.999000000000024 1.05200000000002 0.808999999999969 0.955999999999904 0.989000000000033 1.14599999999996 0.937999999999874 0.784000000000106 0.916999999999916 0.996999999999844
 17.1099999999969 18.1280000000006 17.2189999999973 16.6569999999992 16.2959999999948 17.8260000000009 17.2540000000008 17.3800000000047 17.0889999999999 16.0869999999995
 0 0 0 0 0 0 0 0 0 0
 0 0 0 0 0 0 0 0 0 0
 6.60399999999936 6.93700000000172 6.59399999999732 6.80200000000332 6.55299999999988 6.85100000000239 6.91299999999319 6.5570000000007 6.64800000000105 6.69800000000396
 0.190999999999917 0.201999999999998 0.188999999999965 0.192999999999984 0.190000000000055 0.204999999999927 0.201000000000022 0.190000000000055 0.198000000000093 0.201000000000022
 6.7970000000023 7.14199999999983 6.78399999999965 6.99699999999575 6.74300000000221 7.0570000000007 7.1140000000014 6.74799999999959 6.84799999999814 6.90399999999499
 0 0 0 0 0 0 0 0 0 0
 0 0 0 0 0 0 0 0 0 0
 53.7690000000002 56.4959999999992 53.8549999999996 55.6129999999976 53.3000000000029 56.0020000000004 54.6820000000007 55.3970000000045 54.3240000000005 52.4749999999985
 1.56899999999996 1.65700000000004 1.39599999999996 1.54899999999998 1.5630000000001 1.69499999999994 1.51499999999987 1.35799999999995 1.50800000000004 1.60400000000004
 52.3760000000002 55.0659999999989 52.4309999999969 54.1759999999995 51.4449999999997 54.2410000000018 53.1070000000036 53.6490000000049 52.6369999999952 50.9809999999998
 0 0 0 0 0 0 0 0 0 0
 0 0 0 0 0 0 0 0 0 0
 2665.146 2509.141 2479.554 2559.527 2562.486 2643.487 2550.205 2579.56299999999 2515.998 2595.399
 80.033 77.7139999999999 76.731 76.557 80.8630000000001 82.4760000000001 76.655 74.3519999999999 72.6860000000001 75.6329999999998
 2597.649 2435.28 2408.635 2486.401 2480.82900000001 2560.47 2469.974 2493.764 2430.717 2515.08
 0.0139999999999993 0 0 0 0 0 0 0 0 0
 0.431 0 0 0 0 0 0 0 0 0
