V1 V2 V3 V4 V5 V6 V7 V8 V9 V10
sam 8.50699999999779 8.91300000000047 8.69899999999325 8.44000000000233 8.73099999999977 8.55999999999767 9.78800000000047 8.58999999999651 8.72800000000279 8.76699999999255
geode 0.115999999998166 0.118000000002212 0.113000000001193 0.106999999999971 0.109000000000378 0.104000000002998 0.118000000002212 0.0980000000017753 0.0989999999983411 0.0969999999979336
ref 8.63000000000466 9.03999999997905 8.81899999998859 8.55299999998533 8.84700000000885 8.6710000000021 9.91399999998976 8.69599999999627 8.83499999999185 8.86999999999534
infog 0 0 0 0 0 0 0 0 0 0
func 0 0 0 0 0 0 0 0 0 0
EFSOS 12.3840000000055 12.9340000000084 12.6560000000027 12.5679999999993 12.7129999999888 12.6309999999939 12.0489999999991 12.2080000000133 12.6560000000172 12.6549999999988
EFSIS 0.613000000001193 0.557999999997264 0.618999999998778 0.599999999998545 0.522000000000844 0.582999999998719 0.498999999999796 0.496999999999389 0.547999999998865 0.56499999999869
 13.0069999999832 13.5020000000077 13.2850000000035 13.1780000000144 13.2449999999953 13.2240000000165 12.5590000000084 12.7149999999965 13.2129999999888 13.2309999999998
 0 0 0 0 0 0 0 0 0 0
 0 0 0 0 0 0 0 0 0 0
 15.9959999999992 17.9799999999959 16.3009999999922 16.471000000005 17.1579999999958 16.7240000000165 16.8530000000028 16.7129999999888 16.7250000000058 16.1549999999988
 0.226999999998952 0.245000000002619 0.220000000001164 0.217000000000553 0.218999999997322 0.209999999999127 0.204999999998108 0.200000000000728 0.197000000000116 0.186000000001513
 16.2360000000044 18.2390000000014 16.5350000000035 16.7019999999902 17.3919999999925 16.9469999999856 17.0709999999963 16.9260000000068 16.9370000000054 16.3539999999921
 0 0 0 0 0 0 0 0 0 0
 0 0 0 0 0 0 0 0 0 0
 6.375 6.1929999999993 6.28600000000733 6.14499999998952 6.22299999999814 6.22099999999045 6.44500000000698 6.21900000001187 6.42599999997765 6.1940000000177
 0.301000000003114 0.264999999999418 0.307999999997264 0.296999999998661 0.25800000000163 0.273000000001048 0.259000000001834 0.251999999996769 0.256000000001222 0.259999999998399
 6.68299999998999 6.46199999999953 6.59799999999814 6.44700000001467 6.48600000000442 6.49900000001071 6.70900000000256 6.47599999999511 6.68799999999464 6.45900000000256
 0 0 0 0 0 0 0 0 0 0
 0 0 0 0 0 0 0 0 0 0
 45.6040000000066 48.3870000000024 46.2219999999943 45.8899999999994 47.1710000000021 46.3820000000123 47.4870000000228 46.0800000000163 46.8820000000123 46.0259999999835
 1.28900000000067 1.22000000000116 1.29400000000169 1.25399999999718 1.13699999999881 1.19800000000032 1.10900000000038 1.07400000000052 1.1260000000002 1.13299999999799
 46.9320000000007 49.6469999999972 47.5529999999853 47.1809999999823 48.3459999999905 47.6180000000168 48.6350000000093 47.1929999999993 48.0460000000021 47.1949999999779
 0 0 0 0 0 0 0 0 0 0
 0 0 0 0 0 0 0 0 0 0
 2164.39199999999 2154.71000000001 2148.144 2138.94399999999 2204.541 2220.87399999998 2163.62399999998 2188.97899999999 2177.78099999999 2189.788
 61.3809999999976 112.141 58.6289999999972 158.599000000002 107.359 72.2000000000007 53.242000000002 54.0799999999981 52.9889999999978 52.6929999999993
 2227.54999999999 2307.01299999998 2208.51200000002 2364.38400000002 2338.42600000001 2297.54199999999 2218.64899999998 2244.83299999998 2232.52799999999 2244.24800000002
 0 0 0 0 0 0 0 0 0 0
 0 0 0 0 0 0 0 0 0 0
