V1 V2 V3 V4 V5 V6 V7 V8 V9 V10
sam 8.96400000000176 9.11899999999878 9.08100000000013 8.57200000000012 8.82999999999993 8.98799999999937 9.07899999999972 8.60599999999977 8.80599999999868 9.02100000000064
geode 0.0699999999999932 0.0779999999999745 0.007000000000005 0.105999999999995 0.01400000000001 0.117999999999938 0.00499999999999545 0.0299999999999727 0.00199999999995271 0.0109999999999673
ref 9.04000000000087 9.2039999999979 9.09600000000137 8.68499999999767 8.85099999999875 9.11300000000119 9.09200000000055 8.64300000000003 8.81399999999849 9.03800000000047
infog 0 0 0 0 0 0 0 0 0 0
func 0 0 0 0 0 0 0 0 0 0
EFSOS 12.5859999999993 12.5570000000007 13.0919999999987 12.9389999999985 13.6009999999987 13.0290000000005 12.6620000000003 12.3959999999988 12.4930000000004 12.6319999999996
EFSIS 0.392999999999972 0.382999999999981 0.397999999999968 0.375 0.399999999999977 0.385999999999967 0.388000000000034 0.393000000000029 0.388000000000034 0.384000000000015
 12.9900000000016 12.9500000000007 13.5020000000004 13.3240000000005 14.0110000000022 13.4259999999995 13.0600000000013 12.7990000000027 12.8919999999998 13.0270000000019
 0 0 0 0 0 0 0 0 0 0
 0 0 0 0 0 0 0 0 0 0
 18.2530000000006 17.5789999999997 16.8460000000014 18.9680000000008 17.8860000000004 17.9359999999997 17.7600000000002 16.9890000000014 17.0419999999995 18.0400000000009
 0.24799999999999 0.134000000000015 0.172000000000025 0.257000000000005 0.120000000000005 0.179000000000087 0.173999999999978 0.120000000000005 0.0599999999999454 0.0760000000000218
 18.5149999999994 17.7279999999992 17.030999999999 19.242000000002 18.020999999997 18.1290000000008 17.9480000000003 17.1219999999994 17.1150000000016 18.1289999999972
 0 0 0 0 0 0 0 0 0 0
 0 0 0 0 0 0 0 0 0 0
 6.64199999999983 6.53000000000065 6.92799999999988 6.36800000000039 6.79600000000028 6.70999999999913 6.85199999999895 6.52199999999903 6.51699999999983 6.74599999999919
 0.197000000000003 0.192999999999984 0.199000000000012 0.199000000000012 0.201000000000022 0.20799999999997 0.199999999999932 0.192000000000007 0.192000000000007 0.197000000000003
 6.84400000000096 6.72800000000279 7.13200000000143 6.56999999999971 7.00300000000061 6.92399999999907 7.05699999999706 6.71900000000096 6.71399999999994 6.95000000000073
 0 0 0 0 0 0 0 0 0 0
 0 0 0 0 0 0 0 0 0 0
 48.9140000000007 48.0949999999993 48.5640000000003 49.271999999999 49.634 49.0409999999993 48.7729999999992 46.8439999999991 47.2079999999987 49.0100000000002
 0.911999999999978 0.791999999999973 0.776999999999987 0.939999999999998 0.73599999999999 0.891999999999939 0.766999999999939 0.735000000000014 0.644000000000005 0.668999999999983
 49.8650000000016 48.9249999999993 49.3820000000014 50.252999999997 50.4099999999999 49.9720000000016 49.5790000000015 47.6160000000018 47.8889999999992 49.7180000000008
 0 0 0 0 0 0 0 0 0 0
 0 0 0 0 0 0 0 0 0 0
 150.087 149.296 145.914999999999 146.477000000001 141.476999999999 142.887999999999 146.929 145.111999999999 149.424000000001 148.546
 4.63499999999999 4.75900000000001 4.85200000000003 4.97199999999998 4.54899999999998 4.87900000000002 4.9430000000001 5.31200000000001 5.25799999999992 4.93299999999999
 468.470000000001 345.350999999999 262.883000000002 342.880000000001 267.494999999999 271.078999999998 267.862000000001 348.368999999999 261.133999999998 265.161
 3538.22 3627.829 4803.06599999999 3463.212 4944.45000000001 5030.14599999998 4768.16100000002 3579.764 4537.52499999999 4578.13
 7011.84700000001 2812.38699999999 194.641000000003 2954.41200000001 187.128999999986 278.035999999993 201.816000000021 3086.14599999998 252.165999999997 401.209000000003
