V1 V2 V3 V4 V5 V6 V7 V8 V9 V10
sam 8.33199999999488 8.83999999999651 8.99700000000303 8.74199999999837 9.99199999999837 8.48600000000442 8.69099999999162 8.68499999999767 8.40399999998044 9.0679999999993
geode 0.104999999999563 0.108000000000175 0.106999999999971 0.101999999998952 0.113999999997759 0.0959999999977299 0.0940000000009604 0.092000000000553 0.0889999999999418 0.092000000000553
ref 8.4429999999993 8.95600000000559 9.11199999999371 8.85099999999511 10.1149999999907 8.58799999998882 8.79399999999441 8.7839999999851 8.5 9.16599999999744
infog 0 0 0 0 0 0 0 0 0 0
func 0 0 0 0 0 0 0 0 0 0
EFSIS 12.9210000000021 12.4260000000068 12.4569999999949 12.4079999999958 12.8600000000151 13.0739999999932 12.1359999999986 12.3029999999853 12.6190000000061 12.375
 0.635000000002037 0.51299999999901 0.536000000000058 0.511000000002241 0.520000000000437 0.604999999999563 0.5 0.5 0.593000000000757 0.496999999999389
 13.56700000001 12.9489999999932 13.0039999999863 12.9290000000037 13.3890000000247 13.689000000013 12.6440000000002 12.8129999999946 13.2220000000088 12.8819999999832
 0 0 0 0 0 0 0 0 0 0
 0 0 0 0 0 0 0 0 0 0
 19.3810000000231 21.1539999999804 21.0769999999902 20.2999999999884 21.9979999999923 17.94200000001 20.2110000000102 21.0290000000095 19.2700000000186 20.0769999999902
 1.05299999999988 1.10299999999916 1.18600000000151 1.19599999999991 0.842000000000553 1.21200000000317 1.05699999999706 0.976999999998952 0.966000000000349 0.994000000002416
 17.252999999997 18.7580000000016 18.7930000000051 18.1849999999977 18.7949999999837 15.6309999999939 18.0279999999912 18.5800000000163 16.9379999999946 17.9840000000258
 0 0 0 0 0 0 0 0 0 0
 0 0 0 0 0 0 0 0 0 0
 6.3179999999993 6.20800000001327 6.36500000001979 6.17399999999907 6.40799999999581 6.32300000000396 6.45499999998719 6.3070000000007 6.36899999997695 6.37299999999232
 0.308999999997468 0.26299999999901 0.263999999999214 0.257999999997992 0.256000000001222 0.294999999998254 0.261000000002241 0.253000000000611 0.253999999997177 0.248999999999796
 6.63300000000163 6.47800000000279 6.63500000000931 6.43900000001304 6.6710000000021 6.62200000000303 6.72100000001956 6.56500000000233 6.62900000001537 6.62699999997858
 0 0 0 0 0 0 0 0 0 0
 0 0 0 0 0 0 0 0 0 0
 49.1310000000231 51.0540000000037 51.3429999999935 50.0290000000095 53.7050000000163 48.0679999999993 49.9750000000058 50.6839999999793 49.1019999999844 50.4100000000035
 2.12900000000081 2.020999999997 2.12299999999959 2.09800000000178 1.7599999999984 2.23300000000017 1.94599999999991 1.84700000000157 1.92699999999968 1.86100000000079
 48.1030000000028 49.6030000000028 50.0219999999972 48.8420000000042 51.448000000004 46.8010000000068 48.7060000000056 49.1289999999863 47.7550000000047 49.2069999999949
 0 0 0 0 0 0 0 0 0 0
 0 0 0 0 0 0 0 0 0 0
 2364.77299999999 2405.967 2323.321 2427.22699999998 2407.802 2415.997 2448.09299999999 2347.04300000001 2309.50100000002 2286.05899999998
 101.546999999999 100.116000000002 101.563000000002 100.969999999998 105.019 102.773999999998 96.4700000000012 98.0419999999976 98.469000000001 98.4340000000011
 2316.63700000002 2349.484 2267.75899999999 2374.01000000001 2349.557 2356.70799999998 2390.69999999998 2289.03899999999 2253.622 2232.101
 0 0 0 0 0 0 0 0 0 0
 0 0 0 0 0 0 0 0 0 0
