V1 V2 V3 V4 V5 V6 V7 V8 V9 V10
sam 7.67799999999988 7.9429999999993 8 7.55199999999968 8.26299999999901 9.27999999999884 9.49399999999878 8.48599999999715 8.91700000000128 9.21800000000076
geode 1.00799999999799 0.953999999997905 0.877999999996973 0.760000000002037 0.768000000000029 0.799999999999272 0.757999999997992 0.631000000001222 0.619999999998981 0.600999999998749
ref 8.69200000000274 8.90299999999843 8.8839999999982 8.31900000000314 9.03800000000047 10.0889999999927 10.2609999999986 9.12399999999616 9.54400000000896 9.82700000000477
infog 0 0 0 0 0 0 0 0 0 0
func 0 0 0 0 0 0 0 0 0 0
EFSIS 10.8530000000028 11.2760000000017 11.1389999999992 11.4269999999997 12.1700000000019 12.1729999999952 11.7360000000044 11.637999999999 11.5609999999942 11.8800000000047
 1.75400000000081 1.69700000000012 1.57500000000073 1.48499999999694 1.46199999999953 1.4210000000021 1.3169999999991 1.22799999999916 1.14900000000125 1.12800000000061
 12.6180000000022 12.9839999999967 12.7229999999981 12.9219999999987 13.6429999999964 13.6050000000105 13.0639999999985 12.8769999999931 12.7189999999973 13.0179999999964
 0 0 0 0 0 0 0 0 0 0
 0 0 0 0 0 0 0 0 0 0
 15.4379999999983 18.5439999999981 19.3270000000011 17.8179999999993 20.5439999999981 24.1770000000033 19.8099999999977 18.7909999999974 18.9880000000048 19.2419999999984
 2.78600000000006 3.07800000000134 2.9220000000023 2.63600000000224 2.65000000000146 2.92199999999866 2.45100000000093 2.09799999999814 2.10399999999936 2.11800000000221
 15.0999999999985 18.2800000000061 19.0999999999985 17.3459999999977 19.9260000000068 23.5559999999969 18.9650000000111 17.9610000000102 17.8870000000024 18.0510000000068
 0 0 0 0 0 0 0 0 0 0
 0 0 0 0 0 0 0 0 0 0
 5.67499999999927 5.57099999999991 5.6830000000009 5.6919999999991 5.84900000000198 5.99599999999919 5.86200000000099 5.94099999999889 6.02599999999802 5.92899999999645
 0.918000000001484 0.841000000000349 0.791999999997643 0.74199999999837 0.711999999999534 0.697000000000116 0.636999999998807 0.620000000002619 0.598999999998341 0.56499999999869
 6.59999999999854 6.416999999994 6.4800000000032 6.43700000000536 6.5679999999993 6.69599999999627 6.50400000000081 6.56599999999162 6.63199999999779 6.5
 0 0 0 0 0 0 0 0 0 0
 0 0 0 0 0 0 0 0 0 0
 41.594000000001 45.4909999999982 46.3500000000022 44.4669999999969 49.0450000000019 54.0479999999952 49.2830000000031 47.0889999999999 47.8430000000008 48.2900000000009
 6.72499999999854 6.83299999999872 6.41100000000006 5.82600000000093 5.80099999999948 6.05099999999948 5.35199999999895 4.74299999999857 4.6349999999984 4.54300000000148
 45.2200000000012 49.0050000000047 49.635000000002 47.2070000000022 51.6039999999921 56.5819999999949 51.3660000000091 48.9279999999999 49.2980000000098 49.5489999999991
 0 0 0 0 0 0 0 0 0 0
 0 0 0 0 0 0 0 0 0 0
 2062.316 2197.905 2210.692 2192.45 2211.262 2256.497 2260.966 2224.513 2265.489 2120.202
 326.252 319.567999999999 299.226999999999 278.703999999998 265.383000000002 254.714 242.157999999999 227.832000000002 220.017 203.697
 2240.48 2363.836 2360.451 2319.379 2320.262 2356.12300000001 2354.21799999999 2303.855 2334.844 2176.651
 0 0 0 0 0 0 0 0 0 0
 0 0 0 0 0 0 0 0 0 0
