V1 V2 V3 V4 V5 V6 V7 V8 V9 V10
sam 8.52599999999984 8.95099999999911 8.66499999999905 8.67799999999988 8.85800000000017 9.01699999999983 8.87900000000081 9.0510000000013 8.95800000000054 8.93299999999908
geode 0.00199999999995271 0.0080000000000382 0.0029999999999859 0.0690000000000168 0 0.00499999999999545 0.00599999999997181 0 0 0
ref 8.53600000000006 8.96399999999994 8.67499999999927 8.75200000000041 8.8650000000016 9.02999999999884 8.89199999999983 9.0580000000009 8.96500000000015 8.94000000000233
infog 0 0 0 0 0 0 0 0 0 0
func 0 0 0 0 0 0 0 0 0 0
EFSOS 12.2600000000002 12.6050000000014 12.0480000000007 12.4330000000009 12.7849999999999 12.7870000000003 12.1700000000001 12.5479999999989 12.3760000000002 12.3909999999996
EFSIS 0.381000000000029 0.382000000000005 0.367999999999995 0.394999999999982 0.39100000000002 0.382999999999981 0.387 0.394000000000005 0.365999999999985 0.391999999999939
 12.6499999999978 12.9979999999996 12.4249999999993 12.8389999999999 13.1850000000013 13.1800000000003 12.5680000000029 12.9520000000011 12.7530000000006 12.7909999999974
 0 0 0 0 0 0 0 0 0 0
 0 0 0 0 0 0 0 0 0 0
 15.5419999999995 18.610999999999 17.5519999999997 18.3889999999992 18.5990000000002 18.630000000001 17.9629999999997 18.1230000000014 18.8379999999997 18.3299999999999
 0.0889999999999986 0.0639999999999645 0.0980000000000132 0.197999999999979 0.216999999999985 0.0819999999999936 0.120999999999981 0.0690000000000168 0.192000000000007 0.22300000000007
 15.6450000000004 18.6889999999985 17.6650000000009 18.6009999999987 18.8309999999983 18.7259999999987 18.0979999999981 18.2060000000019 19.0449999999983 18.5709999999999
 0 0 0 0 0 0 0 0 0 0
 0 0 0 0 0 0 0 0 0 0
 6.57600000000093 6.63000000000102 6.54700000000048 6.48500000000058 6.60200000000077 6.54699999999866 6.58399999999892 6.5619999999999 6.59100000000035 6.76200000000063
 0.185999999999979 0.191000000000031 0.192999999999984 0.189000000000021 0.190999999999974 0.191000000000031 0.189000000000021 0.194999999999993 0.191000000000031 0.187999999999988
 6.76599999999962 6.82800000000134 6.74399999999878 6.68000000000029 6.79799999999886 6.74400000000242 6.77900000000227 6.76299999999901 6.78800000000047 6.95600000000195
 0 0 0 0 0 0 0 0 0 0
 0 0 0 0 0 0 0 0 0 0
 45.223 49.232 47.0619999999999 48.2540000000008 49.2570000000014 49.3770000000004 47.9879999999994 48.6910000000007 49.1779999999999 48.768
 0.657999999999959 0.649000000000001 0.661999999999978 0.855000000000018 0.802999999999997 0.661000000000001 0.702999999999975 0.659000000000049 0.749000000000024 0.808999999999969
 45.9179999999978 49.9189999999981 47.7619999999988 49.1460000000006 50.099000000002 50.0779999999977 48.7300000000032 49.3899999999994 49.9670000000006 49.6180000000022
 0 0 0 0 0 0 0 0 0 0
 0 0 0 0 0 0 0 0 0 0
 159.369999999999 159.069 154.249 159.567999999999 159.925999999999 160.601000000001 163.344000000001 162.668 163.112000000001 159.053
 5.92099999999999 6.40500000000003 6.30000000000001 6.25299999999999 6.63900000000001 6.28300000000002 6.22699999999998 6.04899999999998 5.37900000000002 6.64099999999996
 277.066000000003 274.615000000002 268.609 282.576999999997 285.767 279.992000000002 290.917999999998 329.181 283.226999999999 287.866999999998
 4684.04300000001 4794.41199999995 4714.72900000005 4831.31799999997 5042.935 4939.15600000002 4981.60599999997 4196.81100000005 4893.03599999996 4219.12599999999
 298.873999999996 205.607000000004 179.348999999987 208.421000000002 250.485000000001 211.770000000004 201.804999999993 1704.54900000001 206.80799999999 754.373999999996
