V1 V2 V3 V4 V5 V6 V7 V8 V9 V10
sam 10.459 8.95400000000018 10.3299999999999 8.66799999999967 8.73999999999978 12.2889999999989 9.30600000000049 9.18400000000111 8.7599999999984 11.9459999999999
geode 0.403 0.358000000000061 0.13900000000001 0.0609999999999218 0.0370000000000346 0.0360000000000582 0.0259999999998399 0.0209999999999582 0.0160000000000764 0.0209999999999582
ref 10.87 9.31799999999976 10.4780000000001 8.73600000000079 8.78400000000147 12.3359999999993 9.33799999999974 9.21099999999933 8.78299999999945 11.976999999999
infog 0 0 0 0 0 0 0 0 0 0
func 0 0 0 0 0 0 0 0 0 0
EFSOS 6.593 12.7139999999999 14.8730000000005 12.5709999999999 12.8000000000011 20.4660000000003 14.3850000000002 14.1150000000016 12.7590000000018 19.5730000000003
EFSIS 51.831 0.928999999999974 0.658999999999992 0.452999999999975 0.413000000000011 0.647000000000162 0.47400000000016 0.457000000000107 0.454999999999927 0.630000000000109
 98.356 13.654 15.5439999999999 13.0339999999997 13.223 21.130000000001 14.8719999999994 14.5839999999989 13.2250000000022 20.2180000000008
 0 0 0 0 0 0 0 0 0 0
 0 0 0 0 0 0 0 0 0 0
 3.947 17.9090000000001 22.2599999999993 16.5249999999996 16.8059999999987 27.3170000000009 17.0509999999995 17.9850000000006 16.3199999999997 26.1540000000023
 4.834 0.711000000000013 0.302000000000021 0.118000000000052 0.0769999999999982 0.0909999999998945 0.0929999999998472 0.0850000000000364 0.0399999999999636 0.230999999999995
 18.461 18.6350000000002 22.5799999999999 16.6569999999992 16.8959999999988 27.4309999999987 17.1569999999992 18.0850000000028 16.3739999999998 26.4530000000013
 0 0 0 0 0 0 0 0 0 0
 0 0 0 0 0 0 0 0 0 0
 5.433 6.44000000000005 7.84199999999964 6.47000000000025 7.21000000000095 9.23499999999876 7.0630000000001 7.09000000000015 6.35800000000017 10.9189999999981
 1.213 0.447000000000003 0.324000000000069 0.232999999999947 0.215999999999894 0.321999999999889 0.206000000000131 0.231999999999971 0.207000000000107 0.480000000000018
 6.65100000000001 6.89199999999983 8.17399999999998 6.70800000000054 7.4330000000009 9.5630000000001 7.27500000000146 7.3289999999979 6.57099999999991 11.4409999999989
 0 0 0 0 0 0 0 0 0 0
 0 0 0 0 0 0 0 0 0 0
 28.511 48.4210000000003 58.0100000000002 46.5129999999999 47.8189999999995 72.5259999999998 50.0679999999993 51.5280000000021 46.4929999999986 72.2640000000029
 58.712 2.54200000000003 1.46000000000004 0.883999999999901 0.752999999999929 1.10500000000002 0.805000000000064 0.801999999999907 0.722999999999956 1.36699999999996
 136.851 51.0009999999997 59.5169999999998 47.4340000000011 48.6100000000006 73.6909999999989 50.913999999997 52.3719999999994 47.2540000000008 73.7700000000004
 0 0 0 0 0 0 0 0 0 0
 0 0 0 0 0 0 0 0 0 0
 2025.758 2439.325 2376.86 2440.878 2347.481 2585.599 2300.409 2471.739 2263.036 2472.599
 785.978 102.637 52.581 43.6340000000001 38.383 215.812 41.6329999999998 85.5110000000002 35.665 39.5910000000001
 3224.151 2554.822 2431.365 2486.469 2387.766 2901.075 2344.277 2586.836 2300.527 2514.202
 0 0 0 0 0 0 0 0 0 0
 0 0 0 0 0 0 0 0 0 0
