V1 V2 V3 V4 V5 V6 V7 V8 V9 V10
sam 12.9059999999881 13.7680000000109 12.710000000021 13.6259999999893 13.582000000024 13.689000000013 12.8220000000147 14.7940000000235 13.3960000000079 12.5789999999979
geode 0.0190000000002328 0.0289999999986321 0.0320000000028813 0.0400000000008731 0.0540000000000873 0.0600000000013097 0.0570000000006985 0.0689999999995052 0.0609999999978754 0.055000000000291
ref 12.9280000000144 13.804999999993 12.7449999999953 13.6729999999807 13.6399999999849 13.7559999999939 12.8819999999832 14.8669999999984 13.4599999999919 12.6380000000063
infog 0 0 0 0 0 0 0 0 0 0
func 0 0 0 0 0 0 0 0 0 0
EFSIS 12.4249999999884 13.1729999999807 1.4089999999851 12.7060000000056 12.9389999999839 13.3060000000114 12.5599999999977 13.8959999999788 12.2930000000051 12.7190000000119
 0.440000000000509 0.453000000001339 95.2749999999978 2.47299999999814 0.472000000001572 0.47899999999936 2.6339999999982 0.457999999998719 0.433000000000902 0.519999999996799
 12.8669999999984 13.6320000000123 129.728000000003 15.765000000014 13.4150000000081 13.7900000000081 16.7050000000163 14.3589999999967 12.7300000000105 13.2430000000168
 0 0 0 0 0 0 0 0 0 0
 0 0 0 0 0 0 0 0 0 0
 18.8100000000268 20.9610000000102 0 19.7680000000109 20.0929999999935 18.3759999999893 20.0689999999886 20.8099999999977 19.4569999999949 18.8769999999786
 0.920000000000073 0.972999999999956 0 1.09700000000157 0.878000000000611 1.21600000000035 0.815000000002328 0.449000000000524 0.988999999997759 1.03499999999985
 16.8090000000084 18.9170000000158 17.2570000000123 17.7479999999923 17.8930000000109 16.4610000000102 18.0739999999932 18.4059999999881 17.4659999999858 16.875
 0 0 0 0 0 0 0 0 0 0
 0 0 0 0 0 0 0 0 0 0
 7.47399999998743 6.65700000000652 0 4.01399999999558 6.62100000001374 6.74299999998766 6.5800000000163 7.57500000001164 6.72899999999208 6.53299999999581
 0.197000000000116 0.212999999999738 0 147.043999999998 0.212999999999738 0.235999999997148 0.21900000000096 0.231999999999971 0.213999999999942 0.259000000001834
 7.67399999999907 6.875 6.7839999999851 289.093000000023 6.83599999998114 6.98199999998906 6.80100000000675 7.80999999999767 6.94599999999627 6.7949999999837
 0 0 0 0 0 0 0 0 0 0
 0 0 0 0 0 0 0 0 0 0
 54.4109999999928 57.1290000000154 14.1190000000061 50.1140000000014 55.8070000000007 54.6500000000233 54.6119999999937 59.8070000000007 54.4310000000114 53.3319999999949
 1.57999999999993 1.67599999999948 95.3070000000007 150.653999999999 1.62700000000041 2.00200000000041 3.73600000000079 1.21999999999753 1.70999999999913 1.88099999999758
 53.0810000000056 55.8090000000084 169.108000000007 338.929999999993 54.3669999999984 53.5350000000035 57.054999999993 58.1879999999946 53.1729999999807 52.1860000000161
 0 0 0 0 0 0 0 0 0 0
 0 0 0 0 0 0 0 0 0 0
 2004.864 2100.226 2015.899 1634.70799999998 2029.845 2754.04399999999 2765.61300000001 2878.628 2789.24799999999 2033.01800000001
 1714.061 1480.096 1723.48 2709.337 1722.201 323.029999999999 442.02 86.8719999999994 88.8420000000006 1571.468
 4446.44699999999 4210.60499999998 4486.117 5465.58900000001 4576.891 3051.264 3233.60800000001 2816.83199999999 2728.08600000001 4380.12599999999
 0 0 0 0 0 0 0 0 0 0
 0 0 0 0 0 0 0 0 0 0
