V1 V2 V3 V4 V5 V6 V7 V8 V9 V10
sam 9.08600000001024 8.54899999999907 8.69699999998556 8.17399999999907 8.36900000000605 9.09500000000116 8.62700000000768 8.77999999999884 8.24100000000908 8.27499999999418
geode 0.0790000000015425 0.0709999999999127 0.0710000000035507 0.066000000002532 0.0659999999988941 0.0689999999995052 0.0650000000023283 0.0639999999984866 0.0580000000009022 0.0580000000009022
ref 9.17299999998068 8.62700000000768 8.77499999999418 8.24599999998463 8.44099999999162 9.1710000000021 8.69800000000396 8.85099999999511 8.30499999999302 8.33900000000722
infog 0 0 0 0 0 0 0 0 0 0
func 0 0 0 0 0 0 0 0 0 0
EFSIS 12.3669999999984 12.6719999999914 12.1330000000016 12.2200000000012 12.5890000000072 13.0160000000033 14.5929999999935 12.1879999999946 12.0750000000116 12.0340000000142
 0.474999999998545 0.479999999999563 0.444999999999709 0.467999999997119 0.451000000000931 0.475000000002183 0.472999999998137 0.444999999999709 0.466000000000349 0.456999999998516
 12.8520000000135 13.1619999999821 12.5860000000102 12.6979999999749 13.0499999999884 13.5019999999786 15.0780000000086 12.6419999999925 12.5510000000068 12.5009999999893
 0 0 0 0 0 0 0 0 0 0
 0 0 0 0 0 0 0 0 0 0
 20.3699999999953 18.1800000000221 21.0230000000156 17.814000000013 18.1229999999923 20.8349999999919 20.1779999999853 19.5890000000072 17.3439999999828 17.2839999999851
 1.13999999999942 1.04899999999907 0.751000000000204 1.08500000000276 1.03700000000026 1.16799999999785 1.20400000000154 1.07500000000073 1.03800000000047 1.16500000000087
 18.2679999999818 16.0410000000265 18.4519999999902 15.6429999999818 15.6460000000079 18.6330000000016 18.0059999999939 17.5440000000235 15.1820000000007 15.176999999996
 0 0 0 0 0 0 0 0 0 0
 0 0 0 0 0 0 0 0 0 0
 6.26600000000326 6.12999999997555 6.35599999999977 6.51499999998487 6.76600000000326 6.35699999998906 6.44200000001001 6.28199999997742 6.4440000000177 6.24100000000908
 0.240000000001601 0.240999999998166 0.236999999997352 0.236999999997352 0.238000000001193 0.238000000001193 0.230999999999767 0.231999999999971 0.247999999999593 0.231999999999971
 6.512000000017 6.37599999998929 6.59799999999814 6.75800000000163 7.00899999999092 6.60000000000582 6.67799999998533 6.51900000000023 6.69699999998556 6.47800000000279
 0 0 0 0 0 0 0 0 0 0
 0 0 0 0 0 0 0 0 0 0
 50.4880000000121 47.689000000013 50.6209999999846 46.9669999999751 48.1030000000028 51.6739999999991 52.1699999999837 49.265000000014 46.3330000000133 46.1719999999914
 1.95500000000175 1.86199999999735 1.52700000000186 1.87800000000061 1.81000000000131 1.97000000000116 1.9910000000018 1.83399999999892 1.82500000000073 1.9320000000007
 49.2259999999951 46.3859999999986 48.8489999999874 45.6119999999937 46.4210000000021 50.2989999999991 50.8090000000084 48.0020000000077 44.9819999999891 44.8539999999921
 0 0 0 0 0 0 0 0 0 0
 0 0 0 0 0 0 0 0 0 0
 2316.28399999999 2266.17799999999 2286.519 2211.83000000002 2384.484 2404.86799999999 2334.17300000001 2323.86299999998 2201.31299999999 2323.75200000001
 95.987000000001 95.3690000000024 95.6739999999991 93.4710000000014 95.4529999999977 97.5299999999988 93.9840000000004 88.5720000000001 90.6389999999992 93.1970000000001
 2255.67199999999 2201.04699999999 2221.50200000001 2143.774 2310.799 2337.69899999999 2270.71599999999 2254.82399999999 2135.07400000002 2254.28
 0 0 0 0 0 0 0 0 0 0
 0 0 0 0 0 0 0 0 0 0
