V1 V2 V3 V4 V5 V6 V7 V8 V9 V10
sam 5.169 8.28400000000002 8.35599999999999 8.50900000000001 9.23899999999992 8.904 10.075 9.84099999999989 10.529 10.7850000000001
geode 12.814 0.938999999999993 0.370999999999981 0.28400000000002 0.234999999999985 0.183999999999997 0.198999999999984 0.0679999999999836 0.140000000000015 0.182000000000016
ref 28.109 9.22900000000004 8.73399999999992 8.80000000000018 9.48299999999972 9.096 10.2829999999999 9.91599999999971 10.6770000000001 10.9769999999999
infog 0 0 0 0 0 0 0 0 0 0
func 0 0 0 0 0 0 0 0 0 0
EFSOS 4.291 13.042 12.239 12.2379999999999 12.95 12.859 15.6200000000001 13.78 18.8420000000001 16.076
EFSIS 69.299 1.59999999999999 0.846000000000004 0.625 0.576999999999998 0.509000000000015 0.527000000000015 0.518000000000001 0.597999999999985 0.527999999999992
 142.856 14.653 13.095 12.8739999999998 13.538 13.3790000000004 16.1599999999999 14.3090000000002 19.4559999999997 16.616
 0 0 0 0 0 0 0 0 0 0
 0 0 0 0 0 0 0 0 0 0
 9.424 16.767 17.231 17.7380000000001 18.777 18.213 20.454 20.596 21.2449999999999 23.0139999999999
 6.643 1.75400000000002 0.837000000000018 0.574999999999989 0.477000000000004 0.555999999999983 0.49199999999999 0.442000000000007 0.670999999999992 0.425999999999988
 18.779 18.538 18.0819999999999 18.328 19.2690000000002 18.7839999999997 20.9630000000002 21.0549999999998 21.933 23.46
 0 0 0 0 0 0 0 0 0 0
 0 0 0 0 0 0 0 0 0 0
 4.88 6.82599999999999 6.31999999999999 6.40699999999993 6.63499999999999 6.56600000000003 7.9369999999999 7.67600000000016 7.40900000000011 8.44299999999998
 1.79400000000001 0.732999999999976 0.402999999999992 0.316000000000003 0.27600000000001 0.256 0.263000000000005 0.259999999999991 0.230000000000018 0.27800000000002
 6.67899999999997 7.56399999999985 6.72800000000007 6.72800000000007 6.91599999999971 6.82600000000002 8.20699999999988 7.94300000000021 7.64500000000044 8.72600000000057
 0 0 0 0 0 0 0 0 0 0
 0 0 0 0 0 0 0 0 0 0
 25.565 47.179 46.303 47.12 49.813 48.873 56.8150000000001 54.3530000000001 60.605 61.779
 91.176 5.21099999999998 2.535 1.851 1.59699999999998 1.529 1.50199999999998 1.30199999999999 1.65200000000002 1.42699999999999
 198.853 52.431 48.877 49.011 51.4519999999998 50.4430000000002 58.3649999999998 55.6979999999999 62.3050000000003 63.2570000000005
 0 0 0 0 0 0 0 0 0 0
 0 0 0 0 0 0 0 0 0 0
 117.274 125.686 130.207 130.621 131.555 164.211 151.819 145.097 165.806 141.288
 28.563 13.288 8.54400000000001 7.15300000000002 6.50900000000001 6.72300000000001 7.44 6.898 6.55499999999998 7.53100000000001
 880.81 608.093 264.291 281.812 251.395 310.774 481.346 369.439 336.83 693.367999999999
 3420.012 2978.085 4569.769 4133.222 4802.567 5920.579 4204.842 5266.916 6158.79 3167.113
 17243.011 10054.112 604.811999999998 1500.028 220.878999999997 507.972000000002 6206.007 3120.371 806.004999999997 12216.672
