V1 V2 V3 V4 V5 V6 V7 V8 V9 V10
sam 9.588 9.05000000000001 9.07900000000001 9.36099999999999 9.46400000000006 8.65100000000007 9.01199999999994 8.93100000000004 9.09999999999991 9.65100000000007
geode 0.454 0.0219999999999994 0 0.0640000000000001 0 0 0 0.137 0.0390000000000015 0.0520000000000067
ref 10.05 9.07999999999998 9.08600000000001 9.43299999999999 9.471 8.6579999999999 9.01800000000003 9.07499999999982 9.14600000000019 9.71199999999999
infog 0 0 0 0 0 0 0 0 0 0
func 0 0 0 0 0 0 0 0 0 0
EFSOS 12.124 12.575 12.434 13.5549999999999 13.717 12.828 12.1690000000001 12.357 12.3430000000001 14.0849999999998
EFSIS 0.416 0.401000000000001 0.341000000000001 0.372 0.359000000000002 0.390000000000001 0.372999999999998 0.378 0.384 0.388999999999996
 12.612 12.986 12.785 13.9370000000001 14.088 13.2280000000001 12.5520000000001 12.7450000000003 12.7370000000001 14.4839999999999
 0 0 0 0 0 0 0 0 0 0
 0 0 0 0 0 0 0 0 0 0
 15.141 19.697 18.133 18.8470000000001 19.654 19.6859999999999 15.268 18.068 18.078 18.7030000000002
 0.997 0.290999999999999 0.308999999999997 0.242999999999999 0.185000000000002 0.264999999999993 0.259999999999998 0.222000000000001 0.299999999999997 0.257999999999996
 16.152 20.004 18.457 19.106 19.855 19.9669999999996 15.54 18.3049999999998 18.393 18.9769999999999
 0 0 0 0 0 0 0 0 0 0
 0 0 0 0 0 0 0 0 0 0
 6.56 6.55199999999999 6.61000000000001 7.61199999999997 6.51900000000001 6.64100000000008 6.57199999999989 6.63200000000006 6.62300000000005 6.60199999999986
 0 0 0.192 0.190000000000001 0.192999999999998 0.191000000000003 0.195 0.206000000000003 0.191000000000003 0.195999999999998
 6.565 6.55700000000002 6.80799999999999 7.80699999999979 6.71699999999987 6.83600000000024 6.77199999999993 6.84299999999985 6.82099999999991 6.80299999999988
 0 0 0 0 0 0 0 0 0 0
 0 0 0 0 0 0 0 0 0 0
 45.62 50.348 48.709 51.8299999999999 51.64 50.2440000000001 45.2150000000001 48.4009999999998 48.569 51.4770000000001
 1.867 0.714 0.841999999999999 0.872 0.742000000000004 0.848999999999997 0.827999999999996 0.943000000000005 0.914000000000001 0.894999999999996
 47.588 51.103 49.59 52.7429999999999 52.424 51.1329999999998 46.0790000000002 49.3829999999998 49.5219999999999 52.4160000000002
 0 0 0 0 0 0 0 0 0 0
 0 0 0 0 0 0 0 0 0 0
 131.06 134.635 153.028 172.61 157.799 135.505 130.961 125.688 128.724 136.604
 4.688 10.091 5.716 10.71 7.966 5.974 5.885 5.597 6.496 5.521
 338.739 446.347 267.708 445.737 335.606 299.985 243.351 243.512 256.671 317.527
 4298.201 5544.472 4767.524 10715.771 6558.472 6690.241 4698.428 4935.993 5143.74099999999 7009.422
 2805.075 5129.155 231.561000000001 461.766000000001 392.110999999999 248.743 202.641 214.415000000001 216.284 269.844999999999
