V1 V2 V3 V4 V5 V6 V7 V8 V9 V10
sam 10.319 11.3609999999999 8.6190000000006 9.29999999999927 10.7440000000006 8.73899999999958 11.098 9.20899999999892 9.15799999999945 9.91700000000128
geode 0.411 0 0 0 0.00200000000000955 0 0.00199999999995271 0.00100000000009004 0 0
ref 10.738 11.3700000000003 8.625 9.30699999999979 10.7540000000008 8.746000000001 11.1090000000004 9.21700000000055 9.16399999999703 9.92399999999907
infog 0 0 0 0 0 0 0 0 0 0
func 0 0 0 0 0 0 0 0 0 0
EFSIS 12.604 13.8160000000003 12.3139999999994 13.0630000000001 13.1949999999997 12.9159999999993 13.0640000000003 12.5330000000031 12.6859999999979 13.5780000000013
 0.416 0.444999999999993 0.433999999999997 0.472000000000008 0.511000000000024 0.367999999999995 0.463000000000022 0.439999999999941 0.456999999999994 0.510999999999967
 13.033 14.2719999999999 12.7569999999996 13.5450000000001 13.7170000000006 13.2939999999999 13.5389999999989 12.9830000000002 13.1530000000021 14.1010000000024
 0 0 0 0 0 0 0 0 0 0
 0 0 0 0 0 0 0 0 0 0
 21.03 34.4679999999998 18.8830000000007 21.6150000000007 24.244999999999 22.1940000000013 22.0749999999989 18.5489999999991 21.625 22.6819999999971
 2.193 0.792000000000002 0.942000000000007 0.816999999999979 1.16300000000001 1.024 0.661999999999978 0.902000000000044 0.965000000000032 0.637000000000057
 20.796 31.7919999999999 16.4160000000002 19.2839999999997 21.7239999999983 19.5789999999997 19.8970000000008 16.3679999999986 19.1569999999992 20.0560000000005
 0 0 0 0 0 0 0 0 0 0
 0 0 0 0 0 0 0 0 0 0
 6.547 6.98599999999988 6.63499999999931 6.54199999999946 6.84100000000035 6.64300000000003 6.70100000000093 6.86399999999776 6.73700000000099 7.16500000000087
 0.246 0.215000000000003 0.204000000000008 0.244 0.242999999999995 0.194999999999993 0.198000000000036 0.257999999999925 0.188999999999965 0.242999999999938
 6.798 7.20699999999988 6.84400000000005 6.79200000000037 7.09000000000015 6.84400000000096 6.90300000000025 7.12900000000081 6.9320000000007 7.41299999999683
 0 0 0 0 0 0 0 0 0 0
 0 0 0 0 0 0 0 0 0 0
 52.927 69.3789999999999 48.7130000000006 53.0029999999997 57.5830000000005 52.9489999999987 55.4650000000001 49.6870000000017 52.7049999999981 55.9120000000003
 3.266 1.455 1.58600000000001 1.53800000000001 1.91900000000004 1.58800000000002 1.32499999999999 1.60600000000011 1.61099999999999 1.39099999999996
 53.795 67.393 46.9110000000001 51.4179999999997 55.8450000000012 50.9220000000005 53.9789999999994 48.2360000000008 50.9069999999992 54.0659999999989
 0 0 0 0 0 0 0 0 0 0
 0 0 0 0 0 0 0 0 0 0
 2508.437 2501.214 2484.6 2655.228 2632.974 2508.929 2433.094 2459.102 2421.199 2573.465
 79.42 79.921 78.879 80.362 84.6 80.063 79.0749999999999 77.1099999999999 81.4830000000001 78.236
 2421.168 2409.695 2394.314 2560.872 2538.109 2416.158 2351.953 2375.893 2340.745 2482.422
 0 0 0 0 0 0 0 0 0 0
 0 0 0 0 0 0 0 0 0 0
