V1 V2 V3 V4 V5 V6 V7 V8 V9 V10
sam 8.71199999999953 8.56600000002072 8.4090000000142 8.39600000000792 8.5460000000021 9.10599999999977 8.48600000000442 8.44099999999162 8.43700000000536 8.66200000001118
geode 0.0929999999971187 0.0910000000003492 0.0869999999995343 0.0839999999989232 0.0840000000025611 0.0869999999995343 0.0789999999979045 0.0780000000013388 0.077000000001135 0.0759999999972933
ref 8.81199999997625 8.66300000000047 8.50299999999697 8.48599999997532 8.63699999998789 9.20000000001164 8.57099999999627 8.52699999997276 8.52100000000792 8.74400000000605
infog 0 0 0 0 0 0 0 0 0 0
func 0 0 0 0 0 0 0 0 0 0
EFSOS 12.9229999999807 12.5149999999849 12.289999999979 12.4519999999902 12.7449999999953 12.698000000004 12.2630000000063 12.2989999999991 12.2289999999921 12.2799999999988
EFSIS 0.554000000000087 0.532999999999447 0.517000000003463 0.536000000000058 0.52100000000064 0.528999999998632 0.514000000002852 0.527999999998428 0.523000000001048 0.501000000000204
 13.4870000000228 13.05799999999 12.81700000001 12.9980000000214 13.2759999999835 13.2369999999937 12.7880000000005 12.8369999999995 12.762000000017 12.7920000000158
 0 0 0 0 0 0 0 0 0 0
 0 0 0 0 0 0 0 0 0 0
 17.0530000000144 16.4489999999932 16.2600000000093 16.5320000000065 16.7490000000107 16.7489999999816 16.2350000000151 16.2639999999956 16.1689999999944 16.7380000000121
 0.200000000000728 0.186999999998079 0.173999999999069 0.172999999998865 0.177999999999884 0.167000000001281 0.159999999999854 0.157999999999447 0.152999999998428 0.15400000000227
 17.2669999999925 16.6499999999942 16.4470000000147 16.7179999999935 16.9400000000023 16.9310000000114 16.4090000000142 16.4360000000161 16.3359999999811 16.9049999999988
 0 0 0 0 0 0 0 0 0 0
 0 0 0 0 0 0 0 0 0 0
 6.73600000000442 6.1820000000007 6.22399999998743 6.16699999998673 6.25599999999395 6.24199999999837 6.375 6.23899999997229 6.37200000000303 6.25099999998929
 0.256000000001222 0.251000000000204 0.246999999999389 0.245999999999185 0.259999999998399 0.252000000000407 0.247999999999593 0.239000000001397 0.242999999998574 0.234000000000378
 6.99700000000303 6.43700000000536 6.47599999999511 6.41800000000512 6.52100000000792 6.49900000001071 6.62799999999697 6.48300000000745 6.61999999999534 6.4890000000014
 0 0 0 0 0 0 0 0 0 0
 0 0 0 0 0 0 0 0 0 0
 47.7269999999844 45.9990000000107 45.4470000000147 45.8340000000026 46.5499999999884 47.05799999999 45.6100000000151 45.5059999999939 45.4590000000026 46.2850000000035
 1.12799999999697 1.09000000000015 1.05199999999968 1.06499999999869 1.06500000000233 1.0570000000007 1.02200000000084 1.02300000000105 1.01599999999962 0.985999999997148
 48.8940000000002 47.125 46.5350000000035 46.935999999987 47.6529999999912 48.1530000000203 46.6689999999944 46.5659999999916 46.5109999999986 47.3080000000191
 0 0 0 0 0 0 0 0 0 0
 0 0 0 0 0 0 0 0 0 0
 2165.31400000001 2149.05299999999 2148.93099999998 2163.78099999999 2181.87 2180.29699999999 2142.139 2147.35399999999 2167.77399999998 2195.38
 55.0540000000001 90.7969999999987 52.6080000000002 52.7299999999996 52.9369999999981 51.8489999999983 50.5009999999966 52.2170000000006 49.7930000000015 61.2930000000015
 2222.12 2255.136 2203.27499999999 2218.25700000001 2236.573 2233.905 2194.36600000001 2201.30599999998 2219.31700000001 2260.94
 0 0 0 0 0 0 0 0 0 0
 0 0 0 0 0 0 0 0 0 0
