V1 V2 V3 V4 V5 V6 V7 V8 V9 V10
sam 9.23899999999958 9.28099999999904 10.2919999999995 11.1320000000014 8.63400000000001 9.35399999999936 8.93899999999849 8.61399999999958 9.0669999999991 9.38400000000001
geode 0.00299999999992906 0.00599999999997181 0.0120000000000573 0.0120000000000573 0.0180000000000291 0.00999999999999091 0.0389999999999873 0.000999999999976353 0.0130000000000337 0.00700000000006185
ref 9.24799999999959 9.29399999999805 10.3119999999981 11.1530000000021 8.65999999999985 9.37199999999939 8.98600000000079 8.62199999999939 9.08799999999974 9.39800000000105
infog 0 0 0 0 0 0 0 0 0 0
func 0 0 0 0 0 0 0 0 0 0
EFSOS 12.9760000000006 15.616 14.6939999999995 16.3179999999993 12.7880000000005 14.2300000000014 12.7260000000006 12.3179999999993 12.3510000000006 12.4750000000004
EFSIS 0.391000000000076 0.48599999999999 0.423000000000002 0.460000000000036 0.363999999999919 0.379000000000019 0.383000000000038 0.384999999999991 0.390999999999963 0.392999999999915
 13.3780000000006 16.1140000000014 15.130000000001 16.7909999999974 13.1630000000005 14.619999999999 13.1190000000024 12.7119999999995 12.7520000000004 12.8780000000006
 0 0 0 0 0 0 0 0 0 0
 0 0 0 0 0 0 0 0 0 0
 17.4110000000001 24.5259999999998 23.1270000000004 22.357 17.7869999999984 19.0149999999994 17.9449999999997 17.5060000000012 17.5380000000005 17.1079999999984
 0.110000000000014 0.125 0.103999999999928 0.215999999999894 0.121000000000095 0.140999999999963 0.209999999999923 0.19399999999996 0.244000000000028 0.0850000000000364
 17.5349999999999 24.6709999999985 23.2479999999996 22.5900000000001 17.9229999999989 19.1719999999987 18.1689999999981 17.7150000000001 17.7949999999983 17.2069999999985
 0 0 0 0 0 0 0 0 0 0
 0 0 0 0 0 0 0 0 0 0
 6.57799999999952 11.2060000000001 7.97999999999956 8.77599999999984 6.74300000000039 7.21099999999933 6.50799999999981 6.65299999999843 6.44900000000052 6.50400000000081
 0.206999999999994 0.365999999999985 0.216000000000008 0.249000000000024 0.204999999999927 0.201000000000022 0.19500000000005 0.206000000000017 0.19399999999996 0.197000000000003
 6.79000000000087 11.5810000000019 8.20200000000114 9.03200000000288 6.95300000000134 7.41700000000128 6.70799999999872 6.8640000000014 6.64800000000105 6.70499999999811
 0 0 0 0 0 0 0 0 0 0
 0 0 0 0 0 0 0 0 0 0
 48.5259999999998 64.6790000000001 58.8050000000003 61.8160000000007 48.2630000000008 52.2240000000002 48.4419999999991 47.7169999999987 47.6820000000007 47.8539999999994
 0.711999999999989 1.00300000000004 0.759999999999991 0.944000000000074 0.711000000000013 0.730999999999995 0.826999999999998 0.785999999999945 0.841999999999985 0.687999999999988
 49.2760000000017 65.7330000000002 59.6119999999974 62.8090000000011 49.012999999999 52.9979999999996 49.3080000000009 48.5420000000013 48.5629999999983 48.5800000000017
 0 0 0 0 0 0 0 0 0 0
 0 0 0 0 0 0 0 0 0 0
 200.352999999999 182.108 204.489 176.647999999999 161.656999999999 159.678 163.269 164.361000000001 168.111999999999 165.755999999999
 9.625 6.31999999999994 5.58500000000004 10.2489999999999 5.25 4.64300000000003 4.96500000000003 4.58000000000004 4.76200000000006 9.43200000000002
 627.013999999999 348.695 608.161 505.202000000001 516.959000000003 299.578999999998 283.317999999999 289.27 425.227000000003 502.803
 8034.58600000001 6554.23599999998 4353.011 4515.29399999999 3202.74600000004 4837.74899999995 4746.51900000003 4789.16800000001 3396.52299999999 7315.24800000002
 6622.967 512.379000000015 8171.875 6429.25599999999 7411.821 827.209999999992 234.168999999994 333.719000000012 4584.133 4145.679
