V1 V2 V3 V4 V5 V6 V7 V8 V9 V10
sam 8.06500000000233 8.76199999998789 8.88899999999558 8.62899999998626 8.49099999997998 8.81500000000233 9.30399999997462 10.4070000000065 9.09599999999045 9.06299999999464
geode 0.0799999999981083 0.0849999999991269 0.0849999999991269 0.08100000000195 0.0779999999940628 0.0799999999944703 0.0819999999948777 0.0900000000037835 0.0789999999979045 0.0760000000009313
ref 8.15100000001257 8.85300000000279 8.98099999999977 8.71700000000419 8.57699999999022 8.90100000001257 9.39300000001094 10.5050000000047 9.18399999997928 9.14600000000792
infog 0 0 0 0 0 0 0 0 0 0
func 0 0 0 0 0 0 0 0 0 0
EFSIS 12.3310000000056 12.4109999999928 12.0810000000056 12.4760000000242 12.7640000000247 12.6240000000107 12.2660000000033 12.6040000000212 12.4029999999912 12.5860000000102
 0.582000000002154 0.483000000000175 0.480999999999767 0.559999999997672 0.58700000000681 0.475000000005821 0.474000000001979 0.494999999995343 0.466000000000349 0.571000000003551
 12.9230000000098 12.9040000000095 12.573000000004 13.0460000000021 13.3600000000151 13.1100000000151 12.75 13.1089999999967 12.8770000000077 13.1670000000158
 0 0 0 0 0 0 0 0 0 0
 0 0 0 0 0 0 0 0 0 0
 17.1430000000109 20.2000000000116 19.80799999999 16.9439999999886 18.7739999999758 20.185999999987 19.6480000000156 25.1569999999774 19.8289999999979 21.6650000000081
 1.14300000000003 1.01399999999921 0.961999999999534 1.11200000000099 1.14899999999761 1.17799999999988 1.08499999999913 0.995999999999185 1.09900000000198 1.1160000000018
 14.9679999999935 18.0540000000037 17.8179999999993 14.8809999999939 16.3319999999949 17.9439999999886 17.5679999999993 22.9950000000244 17.5899999999965 19.5249999999942
 0 0 0 0 0 0 0 0 0 0
 0 0 0 0 0 0 0 0 0 0
 7.10000000000582 6.17300000000978 6.38099999999395 6.1019999999844 6.33600000001024 6.29700000002049 6.36699999999837 6.42399999999907 6.31500000000233 6.27599999998347
 0.258999999998196 0.244999999998981 0.248000000003231 0.283999999999651 0.296999999998661 0.244999999995343 0.242000000005646 0.243999999998778 0.235999999997148 0.238999999994121
 7.3640000000014 6.42299999998068 6.63399999999092 6.38999999998487 6.63899999999558 6.5460000000021 6.6140000000014 6.67399999999907 6.55499999999302 6.52100000000792
 0 0 0 0 0 0 0 0 0 0
 0 0 0 0 0 0 0 0 0 0
 47.1009999999951 49.9459999999963 49.6000000000058 46.2889999999898 48.5179999999818 50.4040000000095 49.9569999999949 57.0970000000088 50.0789999999979 52.054999999993
 2.08899999999994 1.85399999999936 1.80199999999968 2.06100000000151 2.13099999999395 2 1.90399999999499 1.84700000000157 1.90099999999802 2.02200000000448
 45.8969999999972 48.6630000000005 48.4750000000058 45.198000000004 47.0830000000133 49.0080000000016 48.7210000000196 55.8130000000237 48.6659999999974 50.8450000000012
 0 0 0 0 0 0 0 0 0 0
 0 0 0 0 0 0 0 0 0 0
 2297.429 2257.894 2199.31299999999 2248.88099999999 2252.61300000001 2339.35800000001 2359.807 2340.995 2300.234 2320.13700000002
 97.4019999999982 98.2589999999982 99.3159999999989 97.5439999999981 101.594000000005 101.495999999999 98.0240000000049 91.9989999999962 96.0769999999975 93.5499999999956
 2242.13100000002 2203.14299999998 2146.87999999998 2190.019 2195.93099999998 2282.38500000001 2301.71699999998 2283.29299999998 2241.18599999999 2262.79300000001
 0 0 0 0 0 0 0 0 0 0
 0 0 0 0 0 0 0 0 0 0
