V1 V2 V3 V4 V5 V6 V7 V8 V9 V10
sam 8.96799999999894 9.37700000000041 8.73300000000017 8.81400000000031 9.02099999999882 8.93900000000031 8.83300000000054 8.72000000000116 8.89000000000124 8.83300000000054
geode 0.0380000000000109 0.00200000000000955 0.00999999999999091 0.00799999999998136 0.04200000000003 0.00499999999999545 0.00600000000002865 0.00200000000000955 0.00699999999994816 0
ref 9.01200000000244 9.38699999999881 8.75 8.8289999999979 9.06899999999951 8.95300000000134 8.84599999999773 8.72899999999936 8.90500000000247 8.84100000000035
infog 0 0 0 0 0 0 0 0 0 0
func 0 0 0 0 0 0 0 0 0 0
EFSOS 12.344000000001 13.0280000000002 12.3209999999999 12.5329999999994 13.3150000000005 12.7469999999994 12.8430000000008 12.1909999999989 12.2219999999998 12.3089999999993
EFSIS 0.370999999999981 0.370999999999981 0.381000000000029 0.404999999999973 0.368999999999971 0.370000000000005 0.388999999999953 0.406000000000006 0.372000000000071 0.379000000000019
 12.7239999999983 13.4089999999997 12.7120000000032 12.9480000000003 13.6959999999999 13.1270000000004 13.242000000002 12.6080000000002 12.6039999999994 12.6980000000003
 0 0 0 0 0 0 0 0 0 0
 0 0 0 0 0 0 0 0 0 0
 18.7649999999994 18.6970000000001 18.018 18.2240000000002 19.0470000000005 18.1720000000005 16.152 17.7309999999998 18.0630000000001 17.9529999999995
 0.135999999999967 0.267999999999972 0.100999999999999 0.112000000000023 0.194000000000017 0.184000000000026 0.131000000000029 0.0810000000000173 0.0709999999999127 0.115999999999985
 18.9180000000015 18.9809999999998 18.1349999999984 18.3510000000024 19.2560000000012 18.369999999999 16.2959999999985 17.8269999999975 18.148000000001 18.0829999999987
 0 0 0 0 0 0 0 0 0 0
 0 0 0 0 0 0 0 0 0 0
 6.60900000000038 6.36999999999898 6.58700000000135 6.38700000000063 7.46700000000055 6.47799999999916 7.46699999999873 7.01500000000124 6.65499999999884 6.43900000000031
 0.192000000000007 0.192000000000007 0.194000000000017 0.189000000000021 0.197999999999979 0.190999999999974 0.199000000000012 0.19599999999997 0.194000000000074 0.189000000000078
 6.80599999999686 6.5669999999991 6.78600000000006 6.58099999999831 7.67099999999846 6.67400000000271 7.6720000000023 7.21600000000035 6.85399999999936 6.6339999999982
 0 0 0 0 0 0 0 0 0 0
 0 0 0 0 0 0 0 0 0 0
 49.0439999999999 49.8540000000012 47.9959999999992 48.9509999999991 51.0869999999995 48.6929999999993 47.8739999999998 48.0110000000004 48.2100000000009 47.9050000000007
 0.736999999999966 0.836000000000013 0.686000000000035 0.718999999999994 0.802999999999997 0.75 0.725999999999999 0.685000000000002 0.644000000000005 0.685000000000059
 49.8199999999997 50.7309999999998 48.7210000000014 49.7099999999991 51.9300000000003 49.4840000000004 48.6389999999992 48.7349999999969 48.893 48.6290000000008
 0 0 0 0 0 0 0 0 0 0
 0 0 0 0 0 0 0 0 0 0
 174.550999999999 174.129999999999 174.992 175.162 174.584000000001 183.200000000001 175.061000000002 177.976000000001 179.566999999999 179.268
 4.74400000000003 5.39099999999996 5.447 4.387 4.47399999999999 5.16200000000003 5.38 5.02500000000003 5.14299999999992 4.40499999999997
 306.078000000001 306.472999999998 312.242999999999 316.799999999999 320.842999999997 330.181 316.294999999998 317.446 313.665000000001 308.241999999998
 5267.71600000001 5103.19799999997 5363.76900000003 5504.12199999997 5625.505 5691.04200000002 5144.24799999996 5392.89000000001 5223.39300000004 5086.38199999998
 211.84 207.233 214.428 221.690999999999 206.534 200.505000000001 465.707999999999 195.466 196.617999999999 378.552000000003
