V1 V2 V3 V4 V5 V6 V7 V8 V9 V10
sam 12.7220000000016 12.9119999999966 12.4510000000009 13.3379999999961 14.2459999999992 13.7140000000072 13.8010000000068 13.1319999999978 12.8439999999973 13.9130000000005
geode 0.00199999999995271 0.00500000000010914 0.00399999999990541 0.000999999999976353 0.00999999999999091 0.00300000000015643 0.00300000000015643 0.00399999999990541 0.00399999999990541 0.00199999999995271
ref 12.7300000000032 12.9219999999987 12.4579999999987 13.3459999999977 14.262999999999 13.7229999999981 13.810999999987 13.1379999999917 12.8530000000028 13.9179999999906
infog 0 0 0 0 0 0 0 0 0 0
func 0 0 0 0 0 0 0 0 0 0
EFSIS 12.7129999999961 12.4730000000054 12.3240000000005 12.4780000000028 13.4729999999981 12.9119999999966 12.6940000000031 12.2970000000059 12.2340000000113 12.2970000000059
 0.400000000000091 0.37299999999982 0.394000000000005 0.395999999999958 0.387000000000171 0.371999999999844 0.402999999999793 0.384999999999764 0.385000000000218 0.384000000000015
 13.1199999999953 12.8499999999985 12.7220000000016 12.8819999999978 13.8680000000022 13.2900000000009 13.1050000000105 12.6849999999977 12.6230000000069 12.6830000000045
 0 0 0 0 0 0 0 0 0 0
 0 0 0 0 0 0 0 0 0 0
 19.448000000004 18.3079999999973 18.288999999997 19.6529999999984 20.7779999999984 20.2149999999965 20.8429999999935 19.4839999999967 18.4099999999889 19.8110000000015
 0.935999999999922 0.8900000000001 0.889999999999873 0.972999999999956 0.916999999999916 0.985000000000127 0.936000000000149 0.952999999999975 0.938000000000102 1.08600000000024
 17.3830000000016 16.1290000000008 15.989999999998 17.198000000004 18.4080000000031 17.8389999999999 18.6269999999931 17.0550000000076 16.0800000000017 17.6739999999991
 0 0 0 0 0 0 0 0 0 0
 0 0 0 0 0 0 0 0 0 0
 6.50299999999697 6.78600000000006 6.85800000000017 7.04299999999785 6.72600000000239 6.71100000001024 6.70100000000093 6.86199999999371 6.87900000000081 6.95699999999488
 0.189000000000078 0.199000000000069 0.201999999999998 0.200000000000045 0.200000000000045 0.195999999999913 0.195999999999913 0.204999999999927 0.202999999999975 0.194999999999709
 6.69400000000314 6.98799999999756 7.06300000000192 7.24500000000262 6.93000000000029 6.90799999999581 6.90099999999802 7.06999999999243 7.08499999999185 7.15499999999884
 0 0 0 0 0 0 0 0 0 0
 0 0 0 0 0 0 0 0 0 0
 53.8410000000003 53.0169999999998 52.4530000000013 55.2390000000014 57.8069999999934 56.1169999999984 56.7039999999979 54.4799999999959 52.8929999999964 55.6440000000002
 1.52800000000002 1.471 1.49099999999999 1.57399999999984 1.5150000000001 1.55700000000002 1.54199999999992 1.54699999999957 1.5300000000002 1.66699999999992
 52.3839999999982 51.4320000000007 50.7669999999998 53.4049999999988 56.0540000000037 54.3269999999975 55.1149999999907 52.6559999999881 51.1670000000013 54.0969999999943
 0 0 0 0 0 0 0 0 0 0
 0 0 0 0 0 0 0 0 0 0
 2549.25 2520.022 2541.187 2619.982 2638.38800000001 2607.967 2561.54400000001 2554.21000000001 2611.27 2608.11
 76.279 79.5609999999999 76.414 77.7 80.9769999999999 82.3979999999999 73.9960000000001 79.5100000000002 75.8739999999998 81.1089999999999
 2468.539 2440.815 2459.733 2539.153 2553.212 2522.72700000001 2469.95 2476.38900000001 2527.45700000001 2529.32799999999
 0 0 0 0 0 0 0 0 0 0
 0 0 0 0 0 0 0 0 0 0
