V1 V2 V3 V4 V5 V6 V7 V8 V9 V10
sam 10.6700000000128 8.69099999999162 9.12200000000303 8.87799999999697 8.31500000000233 8.85100000002421 9.46400000000722 8.51699999999255 8.86600000000908 8.67699999999604
geode 0.0869999999995343 0.069999999999709 0.0720000000001164 0.0690000000031432 0.0630000000019209 0.0659999999988941 0.0709999999962747 0.0610000000015134 0.0630000000019209 0.0610000000015134
ref 10.7649999999849 8.76799999998184 9.20100000000093 8.9550000000163 8.38399999999092 8.92399999999907 9.56200000000536 8.58399999997346 8.93599999998696 8.74499999999534
infog 0 0 0 0 0 0 0 0 0 0
func 0 0 0 0 0 0 0 0 0 0
EFSIS 12.6520000000019 12.7129999999888 12.1749999999884 12.4750000000058 12.8070000000007 12.6299999999756 12.3930000000109 12.6509999999835 12.0869999999995 12.2410000000091
 0.492000000005646 0.569000000003143 0.481999999996333 0.466000000000349 0.552999999999884 0.442999999999302 0.480999999999767 0.569000000003143 0.447000000000116 0.468999999997322
 13.1539999999804 13.2920000000158 12.6670000000158 12.9510000000009 13.3710000000137 13.0840000000026 12.8830000000016 13.2299999999814 12.5430000000051 12.7190000000119
 0 0 0 0 0 0 0 0 0 0
 0 0 0 0 0 0 0 0 0 0
 20.6140000000014 17.8600000000151 22.073000000004 19.8649999999907 18.7989999999991 20.7320000000182 20.7850000000035 18.0860000000102 19.9360000000161 19.8360000000102
 1.2019999999975 0.830999999998312 1.06999999999971 0.993000000002212 1.09900000000198 1.04200000000128 1.01499999999942 0.976999999998952 1.08499999999913 1.10300000000279
 18.512000000017 15.5439999999944 19.9419999999809 17.6609999999928 16.5769999999902 18.3399999999965 18.5469999999914 15.820000000007 17.5960000000196 17.6460000000079
 0 0 0 0 0 0 0 0 0 0
 0 0 0 0 0 0 0 0 0 0
 6.34799999999814 6.24599999998463 6.35399999999208 6.24700000000303 6.29699999999139 6.32000000000698 6.37799999999697 6.37400000001071 6.32499999998254 6.35999999998603
 0.235000000000582 0.2870000000039 0.243000000002212 0.230999999999767 0.278999999994994 0.233000000000175 0.24199999999837 0.281000000002678 0.226999999998952 0.231999999996333
 6.58799999998882 6.53800000000047 6.62400000001071 6.48200000001816 6.58100000000559 6.55900000000838 6.62400000001071 6.66000000000349 6.55600000001141 6.59599999999045
 0 0 0 0 0 0 0 0 0 0
 0 0 0 0 0 0 0 0 0 0
 52.7149999999965 47.7049999999872 52.122000000003 49.9260000000068 48.3660000000091 50.9300000000221 51.3800000000047 47.8619999999937 49.6010000000242 49.5610000000161
 2.03600000000006 1.77999999999884 1.8859999999986 1.78000000000611 2.00900000000547 1.80199999999604 1.82599999999366 1.90400000000227 1.83899999999994 1.88199999999779
 51.4729999999981 46.3610000000044 50.8520000000135 48.5340000000142 47.0780000000086 49.323000000004 49.9949999999953 46.5469999999914 48.0400000000081 48.1730000000098
 0 0 0 0 0 0 0 0 0 0
 0 0 0 0 0 0 0 0 0 0
 2243.098 2350.01699999999 2376.166 2304.465 2368.28099999999 2341.193 2285.93600000002 2349.53399999999 2320.753 2296.71400000001
 94.8420000000042 94.023000000001 89.6860000000015 96.0299999999988 94.0669999999955 93.3040000000037 93.4320000000007 91.788999999997 91.1370000000024 94.5849999999991
 2190.14599999998 2292.853 2318.07999999999 2243.23799999998 2302.96599999999 2274.90700000001 2226.19500000001 2288.842 2260.56 2236.152
 0 0 0 0 0 0 0 0 0 0
 0 0 0 0 0 0 0 0 0 0
