V1 V2 V3 V4 V5 V6 V7 V8 V9 V10
sam 13.3559999999998 13.1949999999779 14.4339999999793 14.1019999999844 15.2770000000019 14.6939999999886 12.6849999999977 13.2960000000021 13.8319999999949 14.5229999999865
geode 0.0649999999986903 0.0709999999999127 0.0850000000027649 0.11200000000099 0.129999999997381 0.122999999999593 0.163999999997031 0.112999999997555 0.11699999999837 0.119999999995343
ref 13.4280000000144 13.2699999999895 14.5230000000156 14.2189999999828 15.4109999999928 14.8209999999963 12.8539999999921 13.4109999999637 13.9520000000484 14.6509999999544
infog 0 0 0 0 0 0 0 0 0 0
func 0 0 0 0 0 0 0 0 0 0
EFSIS 12.4219999999914 1.0340000000142 12.7890000000189 12.8820000000123 12.835000000021 13.1290000000154 12.7240000000165 12.6140000000014 12.5210000000079 12.4220000000205
 0.425999999999476 90.2659999999996 0.490999999998166 0.472999999998137 0.476000000002387 0.540000000000873 0.547000000005937 0.465000000003783 0.482000000003609 0.490000000005239
 12.8530000000028 129.409000000014 13.2839999999851 13.3580000000075 13.3150000000023 13.6710000000021 13.2740000000049 13.0860000000102 13.0059999999939 12.9180000000051
 0 0 0 0 0 0 0 0 0 0
 0 0 0 0 0 0 0 0 0 0
 20.7149999999965 0 19.2509999999893 18.0109999999986 20.0349999999744 21.5929999999935 19.0669999999809 20.3709999999846 18.5130000000063 19.1900000000023
 1.09300000000076 15.8910000000033 1.15000000000146 0.986000000004424 1.12000000000262 1.37799999999697 1.2809999999954 1.14999999999418 1.04499999999825 1.26599999999598
 18.859999999986 16.5079999999725 17.4690000000119 16.1160000000091 18.2259999999951 19.2450000000244 17.2440000000061 18.4309999999823 16.4879999999539 17.3720000000321
 0 0 0 0 0 0 0 0 0 0
 0 0 0 0 0 0 0 0 0 0
 6.8300000000163 0 6.5 6.47500000000582 7.08800000001793 6.71100000001024 6.71500000002561 6.5910000000149 6.56200000000536 6.40599999998813
 0.221000000001368 0 0.266999999999825 0.240999999994528 0.254999999997381 0.289000000004307 0.247999999999593 0.235000000000582 0.233000000000175 0.234000000004016
 7.05300000001444 6.72400000001653 6.76800000001094 6.71700000000419 7.34400000001187 7.00199999997858 6.96499999999651 6.82800000003772 6.79700000002049 6.64199999999255
 0 0 0 0 0 0 0 0 0 0
 0 0 0 0 0 0 0 0 0 0
 56.0050000000047 14.2289999999921 55.6239999999816 53.935999999987 58.070000000007 58.7179999999935 53.8620000000228 55.4349999999977 53.9280000000144 55.810999999987
 1.8179999999993 106.228000000003 2.01300000000265 1.83499999999913 2.00299999999697 2.35199999999895 2.26299999999901 1.98599999999715 1.89800000000105 2.14800000000105
 54.8919999999925 168.434999999998 54.7149999999965 52.9009999999835 57.1540000000095 57.3539999999921 53.0320000000065 54.3429999999935 52.7640000000247 54.8929999999818
 0 0 0 0 0 0 0 0 0 0
 0 0 0 0 0 0 0 0 0 0
 2445.522 2394.785 738.885999999999 2491.48500000002 3012.81399999998 2333.524 2849.97899999999 2879.49299999999 2857.50499999998 2886.86600000001
 1296.222 1585.815 5117.858 1245.08 103.560000000005 1452.133 104.919999999998 103.135000000002 103.523999999998 106.673999999999
 4210.932 4660.239 8774.81400000001 4230.31700000001 2961.04299999998 4483.38400000002 2803.967 2831.34999999998 2808.83299999998 2838.74099999998
 0 0 0 0 0 0 0 0 0 0
 0 0 0 0 0 0 0 0 0 0
