V1 V2 V3 V4 V5 V6 V7 V8 V9 V10
sam 8.5570000000007 8.78499999997439 8.62000000002445 9.25200000000768 18.6320000000123 8.88500000000931 16.7190000000119 8.45900000000256 9.67799999998533 9.99899999998161
geode 0.0740000000005239 0.0740000000005239 0.0709999999999127 0.0750000000007276 0.162000000000262 0.0679999999993015 0.123999999999796 0.0620000000017171 0.0709999999999127 0.0709999999999127
ref 8.63800000000629 8.86600000000908 8.69599999999627 9.33400000000256 18.8360000000102 8.96000000002095 16.8569999999891 8.52800000002026 9.75699999998324 10.0770000000193
infog 0 0 0 0 0 0 0 0 0 0
func 0 0 0 0 0 0 0 0 0 0
EFSOS 12.4530000000086 12.3410000000149 12.1259999999893 36.2699999999895 13.0840000000026 14.1209999999846 12.2110000000102 13.2390000000014 13.7419999999984 13.4239999999991
EFSIS 0.542999999997846 0.458000000002357 0.463999999999942 0.746999999999389 0.474999999998545 0.47700000000259 0.45600000000195 0.479999999999563 0.556000000000495 0.473000000001775
 13.0059999999939 12.8090000000084 12.6000000000058 37.0479999999807 13.5689999999886 14.609999999986 12.676999999996 13.7299999999814 14.3090000000084 13.9079999999958
 0 0 0 0 0 0 0 0 0 0
 0 0 0 0 0 0 0 0 0 0
 16.0229999999865 17.5299999999988 16.1009999999951 17.0050000000047 17.1989999999932 18.0240000000049 17.4819999999891 17.6499999999942 17.6620000000112 18.3239999999932
 0.14600000000064 0.153999999998632 0.138999999999214 0.15400000000227 0.140999999999622 0.145000000000437 0.136999999998807 0.13799999999901 0.134999999998399 0.133999999998196
 16.1820000000007 17.698000000004 16.252999999997 17.1730000000098 17.3550000000105 18.1830000000191 17.63400000002 17.8030000000144 17.8090000000084 18.4729999999981
 0 0 0 0 0 0 0 0 0 0
 0 0 0 0 0 0 0 0 0 0
 6.38400000002002 6.24599999998463 6.39199999999255 6.22099999999045 7.00599999999395 6.38500000000931 7.72399999998743 7.57699999999022 6.89599999997881 7.1140000000014
 0.282999999999447 0.23700000000099 0.230999999999767 0.235999999997148 0.239000000001397 0.23399999999674 0.245999999999185 0.261999999998807 0.27900000000227 0.236000000000786
 6.67199999999139 6.4890000000014 6.62799999999697 6.46199999999953 7.25 6.625 7.97599999999511 7.84399999998277 7.1820000000007 7.35399999999208
 0 0 0 0 0 0 0 0 0 0
 0 0 0 0 0 0 0 0 0 0
 45.7740000000049 47.2359999999753 45.582000000024 71.1389999999956 58.6560000000172 49.8589999999967 56.515000000014 49.5650000000023 50.5299999999988 51.4009999999835
 1.06599999999889 0.942000000002736 0.923999999999069 1.23600000000079 1.03800000000047 0.941999999999098 0.980999999999767 0.966000000000349 1.06399999999849 0.932000000000698
 46.877999999997 48.2170000000042 46.5409999999974 72.43299999999 59.7669999999925 50.8420000000042 57.5419999999867 50.5719999999856 51.6339999999909 52.3730000000214
 0 0 0 0 0 0 0 0 0 0
 0 0 0 0 0 0 0 0 0 0
 2218.26800000001 2459.94500000001 2620.78 2642.38900000002 2658.24299999999 2649.86000000002 2328.28200000001 2334.027 2466.09699999998 2452.32000000001
 50.0540000000001 70.8019999999997 51.5150000000031 50.7020000000011 50.5049999999974 52.469000000001 46.268 50.5319999999992 49.4290000000001 46.4759999999987
 2270.12100000001 2540.53 2674.935 2695.29800000001 2710.98800000001 2706.56 2376.45800000001 2386.603 2517.50599999999 2500.78199999998
 0 0 0 0 0 0 0 0 0 0
 0 0 0 0 0 0 0 0 0 0
