V1 V2 V3 V4 V5 V6 V7 V8 V9 V10
sam 9.06900000000314 8.40200000000186 7.92799999999988 8.7410000000018 8.47099999999773 12.0789999999979 9.87399999999616 10.2679999999964 8.64700000000448 15.6620000000112
geode 0.556999999997061 0.479999999999563 0.426000000003114 0.440999999998894 0.402999999998428 0.542000000001281 0.418000000001484 0.415000000000873 0.332999999998719 0.556000000000495
ref 9.63300000000163 8.89100000000326 8.36000000000058 9.18899999999849 8.8810000000085 12.6299999999901 10.2999999999884 10.6900000000023 8.98700000000827 23.4539999999979
infog 0 0 0 0 0 0 0 0 0 0
func 0 0 0 0 0 0 0 0 0 0
EFSIS 12.2030000000013 11.8719999999958 11.7209999999977 12.125 12.3079999999973 14.3910000000033 12.25 12.5050000000047 11.9249999999956 26.5199999999895
 1.09900000000198 1.03900000000067 0.969999999997526 0.936000000001513 0.922000000002299 1.02500000000146 0.867999999998574 0.893000000000029 0.808000000000902 1.35199999999895
 13.3120000000054 12.9189999999944 12.6999999999971 13.0709999999963 13.2409999999945 15.4279999999999 13.1280000000115 13.4089999999997 12.7439999999915 31.5570000000007
 0 0 0 0 0 0 0 0 0 0
 0 0 0 0 0 0 0 0 0 0
 19.7959999999948 19.2119999999995 16.836000000003 20.2909999999974 19.7200000000012 30.6199999999953 23.7900000000009 28.101999999999 19.6820000000007 25.1620000000112
 1.99199999999837 1.91500000000087 1.72100000000137 1.80299999999988 1.7019999999975 2.32599999999729 1.8640000000014 1.97000000000116 1.59599999999773 1.60299999999916
 18.6879999999946 18.0280000000057 15.3559999999998 18.8520000000135 18.0040000000008 29.5050000000047 22.5509999999922 26.8949999999895 18.1680000000051 23.8939999999857
 0 0 0 0 0 0 0 0 0 0
 0 0 0 0 0 0 0 0 0 0
 6.39400000000023 5.94600000000355 6.041999999994 6.06300000000192 6.0480000000025 6.14500000000407 6.36800000000221 6.58599999999569 6.4010000000053 11.0589999999938
 0.57300000000032 0.520000000000437 0.502000000000407 0.481999999999971 0.466000000000349 0.457000000002154 0.455000000001746 0.449000000000524 0.440000000002328 0.608000000000175
 6.9719999999943 6.47100000000501 6.54799999999523 6.54999999998836 6.51900000000023 6.60700000000361 6.8289999999979 7.04100000001199 6.84599999999045 14.9910000000091
 0 0 0 0 0 0 0 0 0 0
 0 0 0 0 0 0 0 0 0 0
 49.8250000000044 47.7189999999973 44.8329999999987 49.3310000000056 48.8790000000008 65.9890000000014 54.7279999999955 59.9839999999967 49.0820000000022 82.2350000000006
 4.36899999999878 4.08799999999974 3.74200000000201 3.77100000000064 3.60599999999977 4.47700000000259 3.70900000000256 3.82900000000154 3.270999999997 4.25600000000122
 51.1190000000061 48.7330000000075 45.3949999999895 49.8830000000016 49.093000000008 67.0540000000037 55.3589999999967 60.6619999999966 49.2679999999964 98.6489999999903
 0 0 0 0 0 0 0 0 0 0
 0 0 0 0 0 0 0 0 0 0
 2586.266 2467.924 2632.743 2449.57 2487.06299999999 2585.088 2212.865 2341.171 2857.643 2941.65800000001
 218.355 203.483 203.552 185.398999999998 184.510999999999 179.792999999998 161.637999999999 161.543000000001 171.620000000003 170.316999999999
 2662.196 2544.72899999999 2694.05200000001 2480.772 2509.558 2604.95299999999 2220.965 2347.50600000001 3122.64200000001 3199.82000000001
 0 0 0 0 0 0 0 0 0 0
 0 0 0 0 0 0 0 0 0 0
