V1 V2 V3 V4 V5 V6 V7 V8 V9 V10
sam 8.66999999999825 9.30199999999968 8.8739999999998 9.0059999999994 12.0779999999995 11.1670000000013 11.009 8.60199999999895 10.4089999999997 8.97200000000157
geode 0.00599999999997181 0.00700000000006185 0.00699999999994816 0.00300000000004275 0.0130000000000337 0.0040000000000191 0.00299999999992906 0 0.00499999999999545 0.00600000000008549
ref 8.6830000000009 9.31700000000274 8.88799999999901 9.01800000000003 12.1000000000022 11.1800000000003 11.0200000000004 8.60800000000017 10.4239999999991 8.98500000000058
infog 0 0 0 0 0 0 0 0 0 0
func 0 0 0 0 0 0 0 0 0 0
EFSOS 12.375 12.7849999999999 13.2429999999986 13.1659999999993 19.777 15.3209999999999 16.4860000000008 12.1949999999997 12.9549999999999 13.1009999999987
EFSIS 0.383000000000038 0.383999999999901 0.394000000000005 0.383999999999901 0.496999999999957 0.40300000000002 0.5 0.401000000000067 0.392000000000053 0.388999999999896
 12.7690000000002 13.1809999999969 13.6489999999976 13.5599999999977 20.2910000000011 15.7360000000008 17 12.6060000000034 13.3580000000002 13.5020000000004
 0 0 0 0 0 0 0 0 0 0
 0 0 0 0 0 0 0 0 0 0
 17.1780000000017 18.0110000000004 17.1360000000004 17.9090000000015 26.4969999999994 22.6359999999986 24.8999999999996 18.116 17.268 16.8189999999995
 0.13900000000001 0.100000000000023 0.118000000000052 0.117000000000075 0.0860000000000127 0.240000000000009 0.0750000000000455 0.0699999999999363 0.206000000000017 0.163000000000011
 17.3300000000017 18.125 17.2670000000035 18.0390000000007 26.6049999999996 22.8960000000006 24.9969999999994 18.2010000000009 17.4880000000048 16.9949999999953
 0 0 0 0 0 0 0 0 0 0
 0 0 0 0 0 0 0 0 0 0
 7.3799999999992 6.43299999999908 6.46100000000115 6.60499999999956 9.32200000000012 7.89900000000125 7.61700000000019 6.76500000000124 6.46500000000015 6.54000000000087
 0.204999999999927 0.19500000000005 0.192000000000007 0.192000000000007 0.239000000000033 0.215000000000032 0.219000000000051 0.197000000000003 0.198999999999955 0.192999999999984
 7.59100000000035 6.63300000000163 6.65899999999965 6.80299999999988 9.56899999999951 8.11999999999898 7.84200000000055 6.96799999999348 6.66899999999441 6.73700000000099
 0 0 0 0 0 0 0 0 0 0
 0 0 0 0 0 0 0 0 0 0
 47.9869999999992 48.9169999999995 48.0169999999998 49.098 70.8019999999997 59.8170000000009 62.4420000000009 48.5329999999994 49.6270000000004 47.7469999999994
 0.732999999999947 0.691000000000031 0.711999999999989 0.701000000000022 0.835000000000036 0.86200000000008 0.798000000000002 0.677000000000021 0.802000000000021 0.752000000000066
 48.7590000000018 49.6490000000013 48.7689999999966 49.8389999999999 71.6950000000033 60.726999999999 63.2910000000011 49.2480000000032 50.471000000005 48.5380000000005
 0 0 0 0 0 0 0 0 0 0
 0 0 0 0 0 0 0 0 0 0
 181.610000000001 184.342000000001 186.781999999999 215.528999999999 209.705 213.847 190.896000000001 183.994000000001 182.908999999998 185.003000000001
 4.91600000000005 5.12299999999993 4.98099999999999 5.00599999999997 7.13099999999997 5.83499999999992 5.52599999999995 4.45100000000002 4.803 5.12399999999991
 301.166000000001 410.217000000001 309.772000000001 340.895 420.589 468.978999999999 537.168000000001 453.870999999999 297.464999999997 303.417999999998
 4724.48099999997 3500.87700000004 4845.033 4800.82499999995 5693.36100000003 4772.66899999999 3687.53200000001 3475.98699999996 4804.67600000004 4721.13199999998
 188.34599999999 3935.848 340.392000000022 634.054999999993 2275.361 3839.12999999998 7288.73200000002 5420.16999999998 184.010999999999 185.523000000016
