V1 V2 V3 V4 V5 V6 V7 V8 V9 V10
sam 8.72099999999045 8.77400000000489 8.737999999983 8.60300000000279 8.43299999998999 8.80999999999767 8.89699999999721 8.72299999999814 8.75099999998929 8.98599999997532
geode 0.0600000000013097 0.058999999997468 0.0570000000006985 0.0560000000004948 0.0529999999998836 0.055000000000291 0.055000000000291 0.0519999999996799 0.0509999999994761 0.0509999999994761
ref 8.78899999998976 8.83999999999651 8.80199999999604 8.66599999999744 8.49400000000605 8.87199999997392 8.95900000000256 8.78299999999581 8.80799999998999 9.0449999999837
infog 0 0 0 0 0 0 0 0 0 0
func 0 0 0 0 0 0 0 0 0 0
EFSIS 12.2570000000123 12.3530000000028 12.1750000000175 12.3070000000007 12.7280000000028 12.5620000000054 12.2939999999944 12.2369999999937 12.2820000000065 12.5110000000277
 0.458999999998923 0.450000000000728 0.468000000000757 0.458000000002357 0.449000000000524 0.421999999998661 0.447000000000116 0.444999999999709 0.436000000001513 0.436000000001513
 12.7250000000058 12.8130000000237 12.6530000000203 12.7750000000233 13.1879999999946 12.9930000000168 12.7510000000184 12.6910000000207 12.7280000000028 12.957000000024
 0 0 0 0 0 0 0 0 0 0
 0 0 0 0 0 0 0 0 0 0
 20.679999999993 20.4599999999919 19.4839999999967 19.6110000000044 18.1039999999921 20.0169999999925 20.1520000000019 20.3440000000119 20.2890000000189 20.1889999999839
 1.16999999999825 1.00700000000143 1.04899999999907 1.20999999999913 1.04000000000087 1.32900000000154 1.0769999999975 1.04400000000169 1.07999999999811 1.02999999999884
 18.4899999999907 18.3679999999877 17.3969999999972 17.6189999999769 15.7960000000021 17.9059999999881 18.1209999999846 18.0840000000026 18.1499999999942 17.9419999999809
 0 0 0 0 0 0 0 0 0 0
 0 0 0 0 0 0 0 0 0 0
 6.24400000000605 6.47399999998743 6.45600000000559 6.30299999998533 6.31500000000233 6.36999999999534 6.33500000002095 6.6359999999986 6.24499999999534 6.23099999999977
 0.22700000000259 0.22899999999936 0.22899999999936 0.224999999998545 0.227999999999156 0.222999999998137 0.21900000000096 0.226999999998952 0.218000000000757 0.218000000000757
 6.47599999999511 6.70900000000256 6.69099999999162 6.53200000000652 6.54800000000978 6.59799999999814 6.55900000000838 6.86799999998766 6.46799999999348 6.4539999999979
 0 0 0 0 0 0 0 0 0 0
 0 0 0 0 0 0 0 0 0 0
 50.289999999979 50.5869999999995 49.2010000000009 49.2170000000042 48.3359999999811 50.1149999999907 50.0810000000056 50.4249999999884 49.945000000007 50.2429999999877
 1.9330000000009 1.76499999999942 1.81800000000294 1.96700000000055 1.78800000000047 2.04300000000148 1.81299999999828 1.78299999999945 1.79899999999907 1.74799999999959
 48.8869999999879 49.2770000000019 47.9070000000065 48.0059999999939 46.8010000000068 48.7399999999907 48.8099999999977 48.9279999999853 48.5479999999807 48.737999999983
 0 0 0 0 0 0 0 0 0 0
 0 0 0 0 0 0 0 0 0 0
 2393.345 2403.86499999999 2365.41399999999 2233.05499999999 2284.927 2410.557 2391.639 2386.67800000001 2389.38999999998 2385.45499999999
 95.1270000000004 88.8819999999978 91.4379999999983 89.4880000000012 95.5370000000003 96.5900000000001 90.8660000000018 90.9210000000021 92.4969999999994 90.3559999999998
 2324.82399999999 2335.348 2298.03099999999 2163.07100000003 2214.535 2340.86799999999 2322.45300000001 2319.77500000002 2321.50700000001 2314.63
 0 0 0 0 0 0 0 0 0 0
 0 0 0 0 0 0 0 0 0 0
