V1 V2 V3 V4 V5 V6 V7 V8 V9 V10
sam 10.1770000000001 9.97000000000025 9.96000000000004 9.83099999999968 9.82099999999991 10.3420000000001 9.60100000000011 9.50599999999986 10.0730000000003 9.58600000000024
geode 0.0849999999999937 0.132000000000005 0 0 0.0180000000000007 0.120000000000005 0 0.106999999999999 0.0759999999999934 0.0120000000000005
ref 10.2690000000002 10.1099999999997 9.96700000000055 9.83799999999974 9.84600000000046 10.4700000000003 9.60699999999997 9.62100000000009 10.1570000000002 9.60400000000027
infog 0 0 0 0 0 0 0 0 0 0
func 0 0 0 0 0 0 0 0 0 0
EFSOS 13.761 13.7739999999999 13.5970000000002 13.931 13.8969999999999 14.0460000000003 13.6610000000001 13.6210000000001 13.7849999999999 13.6689999999999
EFSIS 0.396000000000001 0.370000000000005 0.394999999999996 0.376000000000005 0.419000000000011 0.393000000000001 0.371999999999986 0.38900000000001 0.406000000000006 0.384000000000015
 14.1679999999997 14.1550000000007 14.0039999999999 14.3190000000004 14.326 14.4489999999996 14.0450000000001 14.0219999999999 14.2030000000004 14.0649999999996
 0 0 0 0 0 0 0 0 0 0
 0 0 0 0 0 0 0 0 0 0
 19.2839999999999 19.3409999999999 19.3759999999997 22.8319999999999 19.1289999999999 21.3649999999998 16.9180000000001 16.614 19.337 16.6700000000001
 0.257999999999996 0.137999999999991 0.25800000000001 0.197000000000003 0.27600000000001 0.260999999999996 0.231999999999999 0.156999999999982 0.282999999999987 0.212999999999994
 19.5590000000002 19.4939999999997 19.6489999999994 23.0469999999996 19.4200000000001 21.6449999999995 17.1639999999998 16.7820000000002 19.6359999999995 16.8960000000006
 0 0 0 0 0 0 0 0 0 0
 0 0 0 0 0 0 0 0 0 0
 7.3760000000002 7.91300000000001 7.35500000000002 7.17000000000007 7.40700000000015 7.38099999999986 7.26599999999962 7.29699999999957 7.38299999999981 7.31899999999996
 0.196000000000012 0.197000000000003 0.197000000000003 0.192000000000007 0.195999999999998 0.199999999999989 0.193000000000012 0.197000000000003 0.198000000000008 0.194999999999993
 7.57700000000023 8.11599999999999 7.5570000000007 7.36800000000039 7.60900000000038 7.58800000000065 7.46600000000035 7.50099999999929 7.58600000000024 7.51999999999953
 0 0 0 0 0 0 0 0 0 0
 0 0 0 0 0 0 0 0 0 0
 53.191 53.6110000000003 53.5610000000001 56.1879999999996 52.6589999999997 55.636 49.9540000000002 49.5329999999999 53.2330000000002 49.7199999999998
 0.938000000000002 0.841000000000008 0.852000000000004 0.768000000000001 0.90900000000002 0.97999999999999 0.796999999999997 0.849999999999994 0.967999999999989 0.804000000000002
 54.1710000000003 54.4949999999999 54.4560000000001 57.0010000000002 53.6110000000008 56.6620000000003 50.79 50.4229999999998 54.2440000000006 50.5640000000003
 0 0 0 0 0 0 0 0 0 0
 0 0 0 0 0 0 0 0 0 0
 140.137 140.085 131.937 132.392 133.295 139.577 135.073 143.143 143.434 140.806
 6.46799999999999 6.45999999999999 6.44699999999999 6.136 5.86199999999999 5.91400000000002 5.666 5.62100000000001 6.32599999999999 10.267
 393.263 402.892 314.631 330.643999999999 283.482999999999 356.454 318.104 325.076 400.414 519.159000000001
 4007.591 3917.155 4416.49000000001 4157.996 5134.012 4350.36499999999 4526.641 4578.48700000001 3943.602 9620.791
 4600.119 4669.15 1829.4 2719.318 996.209999999999 3221.344 1901.178 1823.85200000001 4570.687 4010.713
