V1 V2 V3 V4 V5 V6 V7 V8 V9 V10
sam 12.8420000000042 14.0819999999949 13.4679999999935 13.2059999999765 13.0739999999932 12.9550000000163 0 14.2880000000005 15.3329999999842 21.6680000000051
geode 0.105999999999767 0.11200000000099 0.10399999999936 0.101999999998952 0.0990000000019791 0.0950000000011642 0 0.165999999997439 0.205999999998312 0.315999999998894
ref 12.9519999999902 14.1980000000331 13.5760000000009 13.310999999987 13.1769999999669 13.054999999993 16.185999999987 14.4580000000424 15.5420000000158 21.9910000000382
infog 0 0 0 0 0 0 0 0 0 0
func 0 0 0 0 0 0 0 0 0 0
EFSIS 12.3279999999795 12.6749999999884 12.5219999999972 13.0240000000049 13.0709999999963 13.4469999999856 0 13.198000000004 12.8319999999949 1.25599999999395
 0.468000000000757 0.477999999995518 0.49199999999837 0.464999999996508 0.461000000002969 0.546000000002095 0 0.584000000002561 1.68499999999767 285.216999999997
 12.7989999999991 13.1579999999958 13.0199999999604 13.4920000000275 13.5360000000219 13.9990000000107 104.388999999966 13.7859999999637 14.8709999999846 494.254000000015
 0 0 0 0 0 0 0 0 0 0
 0 0 0 0 0 0 0 0 0 0
 17.4520000000193 19.5219999999972 19.1609999999928 19.4700000000012 18.55799999999 19.5169999999925 0 18.5070000000123 18.7790000000095 0
 1.23799999999756 1.21800000000076 1.18899999999849 0.588000000003376 1.24799999999959 1.08199999999488 0 1.24199999999837 1.28399999999965 121.105000000003
 15.7849999999744 17.6510000000126 17.2820000000065 16.6179999999586 16.5200000000186 17.4529999999795 18.4880000000121 16.6770000000251 16.9249999999884 23.1979999999749
 0 0 0 0 0 0 0 0 0 0
 0 0 0 0 0 0 0 0 0 0
 6.39600000000792 6.54400000002352 6.57200000001467 7.04000000000815 7.32600000000093 6.82000000000698 0 4.5570000000007 6.44699999998556 0
 0.234000000004016 0.24199999999837 0.239000000001397 0.243999999998778 0.24199999999837 0.277000000001863 89.4479999999967 70.2649999999994 0.317000000002736 0
 6.63300000003073 6.78800000000047 6.81400000001304 7.28600000002189 7.57099999999627 7.09899999998743 87.185999999987 125.77999999997 6.76600000000326 36.4060000000172
 0 0 0 0 0 0 0 0 0 0
 0 0 0 0 0 0 0 0 0 0
 51.4890000000014 55.3519999999844 54.3179999999993 55.2539999999863 54.622000000003 55.2840000000142 0 50.5500000000175 55.9199999999837 22.9239999999991
 2.06900000000314 2.07299999999668 2.0460000000021 1.42699999999604 2.06999999999971 2.02999999999884 89.4479999999967 72.2569999999978 3.52799999999843 406.637999999999
 50.6630000000005 54.3490000000456 53.3099999999977 53.25 53.4189999999944 54.1809999999823 229.003999999957 173.267000000051 56.6700000000419 580.717000000004
 0 0 0 0 0 0 0 0 0 0
 0 0 0 0 0 0 0 0 0 0
 3058.269 3039.75200000001 3035.13999999998 3053.141 3102.12699999998 575.684999999998 1285.75599999999 1507.82699999999 2121.45000000001 2072.50900000002
 104.343999999997 103.199000000001 104.231999999996 102.075000000004 108.048000000003 6171.811 4051.255 4197.439 3188.388 4330.581
 3014.02600000001 2988.70699999999 2985.70699999999 2997.91100000002 3048.56099999999 10108.902 7554.44400000002 7869.88999999996 6864.76599999995 8719.50400000002
 0 0 0 0 0 0 0 0 0 0
 0 0 0 0 0 0 0 0 0 0
