V1 V2 V3 V4 V5 V6 V7 V8 V9 V10
sam 14.2430000000168 9.80200000002515 9.75899999999092 9.8179999999993 9.88899999999558 9.95699999999488 9.91000000000349 9.64899999997579 10.1650000000081 8.76000000000931
geode 0.101999999998952 0.0659999999988941 0.0639999999984866 0.0650000000023283 0.0669999999990978 0.0650000000023283 0.0639999999984866 0.0599999999976717 0.0639999999984866 0.055000000000291
ref 14.3559999999998 9.87599999998929 9.83099999997648 9.89100000000326 9.96300000001793 10.0309999999881 9.98399999999674 9.7160000000149 10.2370000000228 8.82300000000396
infog 0 0 0 0 0 0 0 0 0 0
func 0 0 0 0 0 0 0 0 0 0
EFSOS 13.5259999999835 13.9569999999949 13.7540000000154 13.8940000000002 14.1600000000035 14.1020000000135 13.4469999999856 13.6929999999993 13.7319999999891 12.18299999999
EFSIS 0.486000000000786 0.562999999998283 0.533999999999651 0.544999999998254 0.496999999999389 0.497999999999593 0.465000000000146 0.471000000001368 0.46900000000096 0.433000000000902
 14.0240000000049 14.5320000000065 14.2980000000098 14.4500000000116 14.6680000000051 14.6120000000228 13.9210000000021 14.1759999999776 14.2129999999888 12.6240000000107
 0 0 0 0 0 0 0 0 0 0
 0 0 0 0 0 0 0 0 0 0
 18.0760000000009 18.4729999999981 18.5859999999811 18.3569999999891 18.8420000000042 19.3500000000058 18.7130000000179 17.7760000000126 19.0320000000065 17.7400000000198
 0.134000000001834 0.138000000002648 0.144000000000233 0.132000000001426 0.131000000001222 0.131999999997788 0.126000000000204 0.117999999998574 0.163000000000466 0.121999999999389
 18.2229999999981 18.625 18.7460000000137 18.502999999997 18.987999999983 19.497000000003 18.8539999999921 17.9090000000142 19.2099999999919 17.8770000000077
 0 0 0 0 0 0 0 0 0 0
 0 0 0 0 0 0 0 0 0 0
 6.96000000002095 6.88099999999395 6.62700000000768 6.8859999999986 6.79299999997602 7.0559999999823 7.02399999997579 6.96700000000419 7.08699999999953 6.28800000000047
 0.234999999996944 0.278999999998632 0.229999999999563 0.255999999997584 0.234000000000378 0.249000000003434 0.230999999999767 0.231999999999971 0.231999999999971 0.22700000000259
 7.20199999999022 7.16500000000815 6.86199999999371 7.14900000000489 7.03299999999581 7.30999999999767 7.262000000017 7.2039999999979 7.32300000000396 6.52099999997881
 0 0 0 0 0 0 0 0 0 0
 0 0 0 0 0 0 0 0 0 0
 55.3470000000088 51.6630000000005 51.4049999999988 51.5109999999986 52.2250000000058 53.0309999999881 51.6540000000095 50.6469999999972 52.5910000000149 47.3300000000163
 0.974000000001979 1.06599999999889 0.993999999998778 1.02000000000044 0.949000000000524 0.961000000002969 0.90599999999904 0.900999999998021 0.947000000000116 0.851000000002387
 56.3649999999907 52.7709999999788 52.4400000000023 52.5739999999932 53.2150000000256 54.0359999999928 52.6030000000028 51.5890000000072 53.5810000000056 48.2190000000119
 0 0 0 0 0 0 0 0 0 0
 0 0 0 0 0 0 0 0 0 0
 2467.22700000001 2452.394 2356.193 2468.07399999999 2505.28499999997 2582.549 2772.74400000001 3370.72399999999 3148.94899999999 2875.177
 52.2409999999982 114.312999999998 529.364000000001 48.6980000000003 51.1039999999994 191.522999999997 80.4530000000013 433.001 329.842999999997 83.3420000000006
 2521.48300000001 2589.84700000001 3191.25999999998 2518.75200000001 2558.42299999998 2848.848 2886.68700000001 4080.94899999999 3677.109 2984.97200000001
 0 0 0 0 0 0 0 0 0 0
 0 0 0 0 0 0 0 0 0 0
