V1 V2 V3 V4 V5 V6 V7 V8 V9 V10
sam 8.58000000000175 10.1970000000001 8.8650000000016 10.030999999999 11.0629999999983 11.6739999999991 10.9429999999993 9.03800000000047 8.99699999999939 9.28299999999945
geode 0.00199999999995271 0.0080000000000382 0.0170000000000528 0.00599999999997181 0.0040000000000191 0.00200000000006639 0.00999999999999091 0.00299999999992906 0.00299999999992906 0.00499999999999545
ref 8.58899999999994 10.2129999999961 8.88999999999942 10.0439999999944 11.0760000000009 11.6849999999977 10.9609999999957 9.0480000000025 9.00699999999779 9.29499999999825
infog 0 0 0 0 0 0 0 0 0 0
func 0 0 0 0 0 0 0 0 0 0
EFSOS 12.5219999999972 13.3919999999998 12.6189999999988 12.7999999999993 16.0730000000003 20.594000000001 16.0999999999985 12.7459999999992 12.7330000000002 12.8259999999973
EFSIS 0.38900000000001 0.390999999999963 0.410999999999945 0.419999999999959 0.465000000000032 0.54200000000003 0.451000000000022 0.394000000000005 0.398000000000025 0.38900000000001
 12.9210000000021 13.7940000000017 13.0409999999974 13.2309999999998 16.5489999999991 21.1540000000023 16.5650000000023 13.1499999999942 13.1410000000033 13.226999999999
 0 0 0 0 0 0 0 0 0 0
 0 0 0 0 0 0 0 0 0 0
 17.1020000000026 17.8369999999995 17.7160000000003 18.4670000000006 22.0499999999993 26.3629999999976 22.005000000001 17.6579999999994 17.3459999999977 18.1270000000004
 0.201999999999998 0.257000000000062 0.105999999999995 0.144000000000005 0.134000000000015 0.134000000000015 0.0869999999999891 0.115999999999985 0.0850000000000364 0.0960000000000036
 17.3179999999993 18.1080000000002 17.836000000003 18.6260000000038 22.2059999999983 26.5180000000037 22.109000000004 17.7890000000043 17.4449999999997 18.2380000000048
 0 0 0 0 0 0 0 0 0 0
 0 0 0 0 0 0 0 0 0 0
 6.625 6.74199999999837 6.95100000000093 6.42699999999968 7.84300000000076 9.33900000000358 7.25200000000041 7.30900000000111 6.76900000000023 6.48199999999997
 0.204000000000065 0.201999999999998 0.191000000000031 0.193000000000097 0.216999999999985 0.254000000000019 0.208000000000084 0.192000000000007 0.187999999999988 0.188999999999965
 6.83400000000256 6.95000000000437 7.14699999999721 6.62599999999657 8.06800000000658 9.60099999999511 7.46599999999307 7.50699999999779 6.9629999999961 6.67599999999948
 0 0 0 0 0 0 0 0 0 0
 0 0 0 0 0 0 0 0 0 0
 47.1980000000003 50.512999999999 48.4749999999985 50.1359999999986 59.744999999999 71.1820000000007 59.0969999999979 49.3129999999983 48.1729999999989 49.0659999999989
 0.798000000000002 0.863000000000056 0.725000000000023 0.766999999999939 0.82000000000005 0.933000000000106 0.757000000000062 0.706000000000017 0.674999999999955 0.680000000000064
 48.0339999999997 51.4170000000013 49.239999999998 50.9429999999993 60.6169999999984 72.1719999999987 59.9020000000019 50.0570000000007 48.8859999999986 49.7860000000001
 0 0 0 0 0 0 0 0 0 0
 0 0 0 0 0 0 0 0 0 0
 208.474999999999 213.226999999999 211.364000000001 220.357 253.936000000002 244.082999999999 211.627 205.913 209.266 214.401999999998
 5.17499999999995 4.80099999999993 5.25999999999999 4.75700000000006 5.05099999999993 4.5089999999999 4.21500000000003 3.59499999999991 3.54700000000003 3.38799999999992
 325.317000000003 436.038 323.396000000001 497.767999999996 460.781999999999 615.954000000005 369.291999999994 328.408000000003 325.601000000002 331.087
 4753.86200000002 3457.897 4804.92499999999 3457.54300000001 5448.30800000002 4979.73599999998 6758.58199999999 4718.62099999998 4800.49300000002 4852.03999999998
 184.282999999996 3938.85000000001 215.332999999984 5063.78400000001 2480.44899999999 7644.67000000001 258.25999999998 316.392000000022 285.646999999997 263.494000000006
