V1 V2 V3 V4 V5 V6 V7 V8 V9 V10
sam 8.03599999999278 9.07000000000698 8.0449999999837 10.1000000000058 9.35999999998603 9.26399999999558 8.7270000000135 10.3139999999839 10.997000000003 10.948000000004
geode 0.0559999999968568 0.0630000000019209 0.0529999999998836 0.06600000000617 0.0600000000049477 0.0590000000011059 0.055000000000291 0.0630000000019209 0.0659999999988941 0.0649999999950523
ref 8.09999999997672 9.13899999999558 8.10300000000279 10.1750000000175 9.42699999999604 9.33100000000559 8.78900000004796 10.3859999999986 11.0720000000438 11.0219999999972
infog 0 0 0 0 0 0 0 0 0 0
func 0 0 0 0 0 0 0 0 0 0
EFSIS 12.4730000000272 12.6900000000023 12.4130000000005 12.8699999999953 13.0570000000007 12.9239999999991 12.8960000000079 12.6240000000107 13.5320000000065 12.9439999999886
 0.536000000000058 0.45499999999447 0.538000000000466 0.473999999994703 0.578000000001339 0.445999999996275 0.551999999996042 0.497999999999593 0.495000000002619 0.468000000000757
 13.0190000000002 13.1560000000172 12.9609999999811 13.3530000000028 13.6460000000079 13.3799999999756 13.4599999999627 13.1319999999832 14.0389999999898 13.4220000000205
 0 0 0 0 0 0 0 0 0 0
 0 0 0 0 0 0 0 0 0 0
 17.2549999999756 19.9530000000086 17.0849999999919 21.2489999999816 18.55799999999 20.4720000000088 19.289999999979 20.8999999999942 28.6020000000135 20.765000000014
 1.16800000000512 1.0570000000007 1.05900000000111 1.11700000000565 1.11499999999796 1.27200000000448 0.97099999999773 0.913999999997031 0.98700000000099 1.07300000000396
 15.0900000000256 17.7679999999818 15.0650000000023 19.1929999999993 16.064000000013 18.2589999999909 16.6710000000312 18.3260000000009 26.4199999999837 18.4029999999912
 0 0 0 0 0 0 0 0 0 0
 0 0 0 0 0 0 0 0 0 0
 6.18800000002375 6.22299999999814 6.31300000002375 6.41600000002654 6.27400000000489 6.29000000000815 6.46000000002095 6.54699999999139 6.64900000000489 6.44699999998556
 0.273000000001048 0.224999999998545 0.269000000000233 0.229999999995925 0.283999999999651 0.233000000000175 0.290000000000873 0.251000000003842 0.239000000001397 0.226999999998952
 6.4659999999858 6.4539999999979 6.58799999998882 6.65099999998347 6.56500000000233 6.52900000000955 6.75699999998324 6.8059999999823 6.89500000001863 6.6809999999823
 0 0 0 0 0 0 0 0 0 0
 0 0 0 0 0 0 0 0 0 0
 46.0620000000054 50.3650000000198 46.0409999999974 53.2099999999919 49.4609999999811 51.445000000007 49.6330000000016 52.9669999999751 62.4899999999907 53.7160000000149
 2.0480000000025 1.81999999999971 1.93800000000192 1.90800000000309 2.05600000000413 2.02799999999843 1.88699999999517 1.74199999999837 1.8070000000007 1.85299999999552
 44.8029999999853 48.9670000000042 44.9239999999991 51.9700000000012 47.9340000000084 50.0149999999849 47.9560000000056 51.2490000000107 61.1540000000386 52.1600000000326
 0 0 0 0 0 0 0 0 0 0
 0 0 0 0 0 0 0 0 0 0
 2290.85800000001 2399.70499999999 2264.696 2274.84599999999 2358.64300000001 2382.21899999998 2493.44 2482.94200000001 2481.65700000001 2450.46099999998
 92.2559999999939 90.6259999999966 90.8399999999965 91.4329999999973 94.4389999999985 94.3320000000022 89.7989999999991 90.7419999999984 91.2510000000038 91.8380000000034
 2227.783 2334.61300000001 2205.13200000001 2212.736 2290.96899999998 2311.54700000002 2422.20199999999 2416.61499999999 2414.12 2383.685
 0 0 0 0 0 0 0 0 0 0
 0 0 0 0 0 0 0 0 0 0
