V1 V2 V3 V4 V5 V6 V7 V8 V9 V10
sam 8.86799999999994 9.76499999999987 9.42799999999988 10.1790000000001 8.67299999999977 9.18000000000029 8.88200000000006 9.05299999999988 9.53800000000001 8.77299999999968
geode 0.145999999999987 0.176000000000016 0.0279999999999916 0.189999999999998 0.0829999999999984 0.152999999999992 0.117999999999995 0.137999999999977 0.15100000000001 0.0330000000000155
ref 9.02099999999973 9.94799999999941 9.46400000000085 10.3770000000004 8.76299999999992 9.34000000000015 9.00600000000031 9.19800000000032 9.69599999999991 8.8119999999999
infog 0 0 0 0 0 0 0 0 0 0
func 0 0 0 0 0 0 0 0 0 0
EFSOS 12.8620000000001 13.1320000000001 13.8289999999997 13.0769999999998 12.5680000000002 13.1900000000001 13.1439999999998 13.0750000000003 12.4879999999998 12.5480000000002
EFSIS 0.427000000000021 0.406999999999982 0.425000000000011 0.417000000000002 0.415999999999997 0.421999999999997 0.413999999999987 0.396000000000015 0.394000000000005 0.418999999999983
 13.299 13.5510000000004 14.2659999999996 13.5059999999994 12.9940000000006 13.6229999999996 13.5680000000002 13.4810000000007 12.8920000000007 12.9770000000008
 0 0 0 0 0 0 0 0 0 0
 0 0 0 0 0 0 0 0 0 0
 18.7839999999999 18.5070000000001 18.2310000000002 18.904 17.556 18.1699999999996 17.136 18.0709999999999 17.518 18.0679999999998
 0.325999999999993 0.253000000000014 0.289999999999992 0.316999999999979 0.253999999999991 0.253999999999991 0.192999999999984 0.259000000000015 0.218999999999994 0.274000000000001
 19.1270000000004 18.7749999999996 18.5349999999999 19.2370000000001 17.8239999999996 18.4380000000001 17.3439999999991 18.3449999999993 17.7519999999995 18.357
 0 0 0 0 0 0 0 0 0 0
 0 0 0 0 0 0 0 0 0 0
 6.8420000000001 6.63099999999986 6.75500000000011 6.61400000000003 6.71099999999979 6.82800000000043 6.53500000000031 6.77100000000019 6.5920000000001 6.70400000000018
 0.209000000000003 0.205999999999989 0.205999999999989 0.202000000000027 0.201999999999998 0.206000000000017 0.203000000000031 0.204000000000008 0.201999999999998 0.199999999999989
 7.05499999999938 6.84200000000055 6.96699999999964 6.82099999999991 6.91799999999967 7.03999999999996 6.74300000000039 6.98000000000047 6.79899999999998 6.90999999999985
 0 0 0 0 0 0 0 0 0 0
 0 0 0 0 0 0 0 0 0 0
 49.7139999999999 51.1849999999999 50.6459999999997 51.212 47.797 49.7730000000001 48.0210000000002 49.3989999999999 48.511 48.4429999999998
 1.11699999999999 1.06300000000002 0.954999999999984 1.13499999999999 0.95999999999998 1.04299999999998 0.932999999999993 1.00299999999999 0.975999999999999 0.928999999999974
 50.8710000000001 52.2889999999998 51.643 52.3900000000003 48.7950000000001 50.8559999999998 48.9920000000002 50.4430000000002 49.5250000000005 49.4099999999999
 0 0 0 0 0 0 0 0 0 0
 0 0 0 0 0 0 0 0 0 0
 134.097 133.98 131.898 131.495 130.986 134.227 135.815 135.557 139.699 131.801
 6.22800000000001 6.12699999999998 5.78200000000001 5.91900000000001 5.52800000000002 6.12500000000003 5.81599999999997 5.60300000000001 5.80099999999999 5.82800000000003
 263.625999999999 262.9 253.643 382.187 258.978 250.864 254.418 254.951 297.298 253.671
 4540.864 4766.183 4597.95 3252.468 4858.75999999999 4793.84600000001 4506.47199999999 4798.435 4154.68400000001 4920.989
 588.953000000001 508.945 493.209999999999 4492.51300000001 642.795999999995 206.323000000004 219.555999999997 202.303 1547.251 220.742999999995
