V1 V2 V3 V4 V5 V6 V7 V8 V9 V10
sam 8.99599999999919 9.17300000000068 8.46500000000015 8.84399999999732 8.96399999999994 8.86100000000079 8.86499999999796 8.74599999999919 8.91900000000169 8.92399999999907
geode 0.00100000000009004 0.000999999999976353 0.00300000000004275 0.00300000000004275 0.00299999999992906 0.000999999999976353 0.0080000000000382 0.000999999999976353 0.00199999999995271 0.000999999999976353
ref 9.00399999999718 9.18000000000029 8.47600000000239 8.85299999999916 8.97400000000198 8.86799999999857 8.87999999999738 8.75200000000041 8.92799999999988 8.93199999999706
infog 0 0 0 0 0 0 0 0 0 0
func 0 0 0 0 0 0 0 0 0 0
EFSOS 12.2549999999992 12.4009999999998 12.1660000000011 12.5380000000005 12.742000000002 12.6440000000002 12.3190000000031 12.3070000000007 12.3070000000007 12.3090000000011
EFSIS 0.384000000000015 0.380999999999972 0.390999999999963 0.377999999999929 0.38900000000001 0.386999999999944 0.393000000000029 0.375 0.390999999999963 0.388000000000034
 12.6490000000013 12.7919999999976 12.5649999999987 12.9260000000031 13.1419999999998 13.0420000000013 12.7200000000012 12.6939999999995 12.7069999999985 12.7060000000019
 0 0 0 0 0 0 0 0 0 0
 0 0 0 0 0 0 0 0 0 0
 17.8080000000009 18.771999999999 15.1739999999991 17.9890000000014 19.1219999999994 18.1669999999976 18.0579999999973 18.518 18.0329999999994 18.0740000000005
 0.205999999999904 0.123000000000047 0.163000000000011 0.106000000000108 0.108000000000061 0.175000000000068 0.0759999999999081 0.125999999999976 0.186000000000035 0.112999999999943
 18.0289999999986 18.9110000000001 15.351999999999 18.1099999999969 19.2439999999988 18.357 18.1490000000013 18.6599999999999 18.2340000000004 18.2019999999975
 0 0 0 0 0 0 0 0 0 0
 0 0 0 0 0 0 0 0 0 0
 6.42499999999927 6.3700000000008 6.5679999999993 6.35900000000038 6.37900000000081 6.45400000000154 6.46399999999994 6.38099999999758 6.47699999999895 6.44399999999951
 0.187000000000012 0.192999999999984 0.191000000000031 0.188999999999965 0.195999999999913 0.192999999999984 0.19500000000005 0.19500000000005 0.187999999999988 0.19399999999996
 6.61800000000221 6.56899999999951 6.76300000000265 6.55199999999968 6.58100000000195 6.65200000000186 6.66499999999724 6.58100000000195 6.67099999999846 6.64200000000346
 0 0 0 0 0 0 0 0 0 0
 0 0 0 0 0 0 0 0 0 0
 47.8589999999986 49.112000000001 44.5770000000011 48.125 49.6059999999998 48.4629999999997 48.0930000000008 48.3379999999997 48.122000000003 48.148000000001
 0.786000000000058 0.703999999999951 0.748000000000047 0.680000000000064 0.698999999999955 0.756999999999948 0.673000000000002 0.701000000000022 0.766999999999939 0.695999999999913
 48.6839999999975 49.8559999999998 45.362000000001 48.8430000000008 50.3450000000012 49.2570000000014 48.8040000000001 49.0780000000013 48.9269999999997 48.882999999998
 0 0 0 0 0 0 0 0 0 0
 0 0 0 0 0 0 0 0 0 0
 202.327000000001 188.874 197.731999999998 199.625 195.724000000002 196.863000000001 195.844999999998 201.175999999999 199.757999999998 203.240999999998
 13.875 5.40700000000004 4.59899999999993 4.904 4.95000000000005 5.08199999999999 5.29100000000005 5.07299999999998 5.17399999999998 9.25900000000001
 662.376 326.900999999998 425.285 348.304 387.054 349.567999999999 342.416999999998 331.151999999998 332.392 466.498
 14025.657 5395.386 3643.516 5505.31299999997 4799.31400000001 5773.016 5299.38099999999 5110.08000000002 5152.63500000001 10364.985
 3290.249 233.201999999997 3809.53 210.565999999999 2197.615 203.741999999998 403.208000000006 212.684000000001 199.914999999994 431.254000000001
