V1 V2 V3 V4 V5 V6 V7 V8 V9 V10
sam 9.625 9.88999999999942 10.393 8.32800000000134 9.76399999999558 9.50799999999435 8.44499999999971 9.19700000000012 10.9219999999987 9.29499999999825
geode 0 0 0 0 0 0 0 0.000999999999976353 0 0
ref 9.63300000000163 9.89900000000125 10.4000000000015 8.33599999999933 9.77100000000064 9.51599999999598 8.45200000000477 9.20499999999447 10.9309999999969 9.30099999999948
infog 0 0 0 0 0 0 0 0 0 0
func 0 0 0 0 0 0 0 0 0 0
EFSIS 13.3159999999989 13.4550000000017 13.0069999999978 12.9300000000003 13.5149999999994 13.125 12.8600000000006 12.5780000000013 13.2750000000015 12.5290000000023
 0.377000000000066 0.40300000000002 0.498000000000047 0.476000000000113 0.480999999999995 0.392000000000053 0.491999999999962 0.38799999999992 0.480000000000018 0.392000000000053
 13.7029999999977 13.8679999999986 13.5159999999996 13.4150000000009 14.0070000000051 13.5279999999984 13.3629999999976 12.9760000000024 13.7660000000033 12.9310000000041
 0 0 0 0 0 0 0 0 0 0
 0 0 0 0 0 0 0 0 0 0
 21.9720000000016 22.0740000000005 22.0350000000035 19.346000000005 22.4020000000019 21.8250000000044 19.3539999999994 21.5140000000029 28.0469999999987 21.0330000000031
 0.800999999999931 0.920999999999935 0.886999999999944 0.889999999999873 1.08600000000001 1.08300000000008 1.11200000000008 0.864000000000033 1.16899999999987 0.875999999999976
 19.125 19.5750000000007 19.2139999999999 16.6759999999995 20.0659999999989 19.0869999999995 17.0109999999986 19.0460000000021 25.3240000000005 18.8489999999947
 0 0 0 0 0 0 0 0 0 0
 0 0 0 0 0 0 0 0 0 0
 6.90499999999884 6.78299999999945 6.76199999999881 6.57299999999668 6.7039999999979 6.79000000000087 6.7960000000021 6.61599999999453 6.94099999999889 6.65299999999843
 0.19500000000005 0.197000000000003 0.240000000000009 0.242999999999938 0.242999999999938 0.202999999999975 0.204999999999927 0.192999999999984 0.255000000000109 0.19399999999996
 7.10699999999997 6.98500000000058 7.00699999999779 6.82200000000012 6.9519999999975 6.99799999999959 7.00699999999779 6.81399999999849 7.20099999999366 6.85200000000623
 0 0 0 0 0 0 0 0 0 0
 0 0 0 0 0 0 0 0 0 0
 54.3669999999984 54.7289999999994 54.6769999999997 49.3740000000034 54.8529999999955 53.7679999999964 50.1290000000008 52.362000000001 61.8199999999997 52.023000000001
 1.37300000000005 1.52499999999998 1.625 1.60899999999992 1.80999999999995 1.67900000000009 1.8130000000001 1.44599999999991 1.90899999999988 1.46500000000015
 52.1180000000022 52.8610000000008 52.6179999999986 47.4479999999967 53.2669999999998 51.6529999999984 48.512999999999 50.5009999999966 59.864999999998 50.4510000000009
 0 0 0 0 0 0 0 0 0 0
 0 0 0 0 0 0 0 0 0 0
 2516.146 2620.799 2485.655 2454.982 2566.532 2506.108 2462.194 2454.081 2453.03 2458.434
 78.332 81.345 80.914 80.018 82.7380000000001 82.684 79.4829999999999 80.2940000000001 80.412 80.973
 2424.728 2528.122 2401.382 2372.012 2475.9 2417.048 2377.106 2363.718 2366.057 2367.838
 0 0 0 0 0 0 0 0 0 0
 0 0 0 0 0 0 0 0 0 0
