V1 V2 V3 V4 V5 V6 V7 V8 V9 V10
sam 9.58199999999852 8.64300000000003 8.70200000000114 0 9.94599999999991 8.8839999999982 8.39699999999721 13.8949999999968 8.625 8.41100000000006
geode 0.0130000000001473 0.00999999999999091 0.00900000000001455 0 0.226999999998952 0.191000000000713 0.167000000001281 0.247999999999593 0.144000000000233 0.137000000000626
ref 9.60399999999936 8.65999999999985 8.71800000000076 9.96600000000035 10.1829999999973 9.08099999999831 8.57099999999627 14.1540000000023 8.77500000000146 8.55399999999645
infog 0 0 0 0 0 0 0 0 0 0
func 0 0 0 0 0 0 0 0 0 0
EFSOS 13.2489999999998 12.7109999999993 0.895000000000437 0 15.7530000000006 13.1889999999985 11.9700000000012 12.0970000000016 17.226999999999 12.2750000000015
EFSIS 0.386999999999944 0.490000000000009 194.79 316.931 0.779000000000451 0.734000000000378 0.561999999999898 29.7540000000008 0.67200000000048 0.631999999999607
 13.6470000000008 13.2109999999993 271.494999999999 249.079999999994 16.5440000000017 13.9349999999977 12.5420000000013 56.2839999999997 17.9140000000043 12.9180000000051
 0 0 0 0 0 0 0 0 0 0
 0 0 0 0 0 0 0 0 0 0
 16.4400000000023 16.655999999999 0 0 20.1130000000012 16.760000000002 16.0969999999943 20.515999999996 16.9680000000008 16.6189999999988
 0.0299999999999727 0.0270000000000437 0 0 0.462999999999738 0.368999999998778 0.32300000000032 0.51299999999901 0.289000000000669 0.278000000000247
 16.4830000000002 16.6970000000001 17.3130000000019 18.3430000000008 20.5930000000008 17.1440000000002 16.4340000000011 25.2719999999972 17.2709999999934 16.9099999999962
 0 0 0 0 0 0 0 0 0 0
 0 0 0 0 0 0 0 0 0 0
 6.75400000000081 6.22300000000178 0 0 7.41599999999744 6.21899999999732 6.35399999999936 8.69000000000233 6.20699999999488 6.16100000000006
 0.245000000000118 0.242999999999938 137.157 0 0.355999999999767 0.351000000000568 0.299999999999272 0.421000000000276 0.27599999999984 0.320999999999913
 7.00400000000081 6.47000000000116 127.467000000001 90.2880000000005 7.77799999999843 6.57600000000093 6.65899999999965 9.11800000000221 6.48800000000483 6.48700000000099
 0 0 0 0 0 0 0 0 0 0
 0 0 0 0 0 0 0 0 0 0
 48.4830000000002 46.5190000000002 9.59700000000157 0 55.8230000000003 47.3659999999945 45.0420000000013 58.3509999999951 51.3410000000003 45.6699999999983
 0.678000000000111 0.77800000000002 331.956 316.931 1.88799999999901 1.69499999999971 1.39600000000064 30.9920000000002 1.42000000000007 1.40400000000045
 49.2010000000009 47.3340000000026 427.496000000003 370.038 57.7589999999982 49.0999999999985 46.4739999999947 108.038999999997 52.8029999999999 47.1109999999971
 0 0 0 0 0 0 0 0 0 0
 0 0 0 0 0 0 0 0 0 0
 2391.676 2524.398 0 1823.575 2325.715 2446.669 2641.287 2579.572 2245.542 1324.955
 37.22 40.5119999999999 5375.572 757.438999999999 334.096000000001 176.972 95.2720000000008 204.502999999999 367.489000000001 2418.808
 2430.822 2566.938 8671.117 3213.127 2838.084 2681.155 2750.8 2877.287 2828.498 5234.219
 0 0 0 0 0 0 0 0 0 0
 0 0 0 0 0 0 0 0 0 0
