V1 V2 V3 V4 V5 V6 V7 V8 V9 V10
sam 8.7609999999986 9.21799999999348 9.04999999998836 8.51900000000023 8.80100000000675 8.25500000000466 8.57200000001467 8.86100000000442 8.74599999998463 8.2729999999865
geode 0.047999999998865 0.0509999999994761 0.0490000000027067 0.0459999999984575 0.0489999999990687 0.0430000000014843 0.0430000000014843 0.0430000000014843 0.0430000000014843 0.0390000000006694
ref 8.81599999999162 9.27700000000186 9.10400000002119 8.57200000001467 8.85899999999674 8.30600000001141 8.62200000000303 8.91099999999278 8.7960000000021 8.31899999998859
infog 0 0 0 0 0 0 0 0 0 0
func 0 0 0 0 0 0 0 0 0 0
EFSIS 12.2119999999995 13.0460000000021 12.6800000000221 12.6730000000098 12.6900000000023 12.4599999999919 12.5509999999776 12.4770000000135 12.1710000000021 12.2320000000182
 0.422000000002299 0.441000000002532 0.422999999998865 0.459999999999127 0.401000000001659 0.442999999999302 0.455999999998312 0.432000000000698 0.42699999999968 0.438000000001921
 12.6440000000002 13.4979999999923 13.1140000000014 13.1430000000109 13.1010000000242 12.9139999999898 13.0169999999925 12.9200000000128 12.6080000000075 12.679999999993
 0 0 0 0 0 0 0 0 0 0
 0 0 0 0 0 0 0 0 0 0
 20.2600000000093 20.5270000000019 19.9159999999974 18.3819999999832 21.1100000000151 17.9250000000175 17.6550000000279 19.987999999983 19.4010000000126 17.7619999999879
 1.09999999999854 1.10800000000017 1.01199999999881 0.945999999999913 0.915999999997439 1.03399999999965 0.979000000002998 0.947000000000116 1.04999999999927 0.88799999999901
 18.1039999999921 18.3699999999953 17.8249999999825 16.0649999999732 18.5559999999823 15.5570000000007 15.2999999999884 17.7699999999895 17.4070000000065 15.6840000000084
 0 0 0 0 0 0 0 0 0 0
 0 0 0 0 0 0 0 0 0 0
 6.39300000001094 6.32600000000093 6.36100000000442 6.29399999999441 6.70699999999488 6.42799999998533 6.62399999998161 6.5679999999993 6.58699999999953 6.25899999999092
 0.213999999999942 0.230999999999767 0.221000000001368 0.222000000001572 0.223000000001775 0.223999999998341 0.221999999997934 0.22099999999773 0.218000000000757 0.217000000000553
 6.61199999999371 6.56200000000536 6.58699999999953 6.52100000000792 6.93499999999767 6.65700000000652 6.85100000002421 6.79399999999441 6.81099999998696 6.48099999999977
 0 0 0 0 0 0 0 0 0 0
 0 0 0 0 0 0 0 0 0 0
 50.0740000000224 51.6050000000105 50.4340000000084 48.0430000000051 51.8380000000179 47.2740000000049 47.6169999999984 50.3000000000175 49.247000000003 46.6900000000023
 1.79699999999866 1.84900000000198 1.72100000000137 1.69099999999889 1.60499999999956 1.75600000000122 1.71100000000297 1.65500000000247 1.75 1.59300000000076
 48.6410000000033 50.2129999999888 49.0750000000116 46.4960000000137 49.9990000000107 45.6540000000095 46.0169999999925 48.814000000013 47.9770000000135 45.3399999999965
 0 0 0 0 0 0 0 0 0 0
 0 0 0 0 0 0 0 0 0 0
 2400.67099999997 2411.68399999998 2349.88799999998 2267.66399999999 2420.68599999999 2283.448 2391.171 2383.11299999998 2243.89799999999 2404.465
 90.242000000002 88.3849999999984 85.5659999999989 85.5610000000015 89.1539999999986 86.851999999999 87.3339999999989 86.8339999999989 84.8000000000029 83.375
 2333.147 2339.08900000001 2276.49400000001 2193.50599999999 2344.318 2203.53099999999 2320.65400000001 2317.791 2180.52900000001 2336.99299999999
 0 0 0 0 0 0 0 0 0 0
 0 0 0 0 0 0 0 0 0 0
