V1 V2 V3 V4 V5 V6 V7 V8 V9 V10
sam 10.125 9.47699999999986 8.93399999999929 9.18299999999999 9.22899999999936 8.94400000000041 9.29899999999998 8.98599999999988 8.9980000000005 8.90099999999984
geode 0.0669999999999789 0.00999999999999091 0.00600000000000023 0.11099999999999 0.0569999999999879 0.0499999999999829 0.054000000000002 0.063999999999993 0.0159999999999911 0.0480000000000018
ref 10.2000000000007 9.49499999999898 8.94599999999991 9.3020000000015 9.29200000000128 9.00200000000041 9.35899999999856 9.05600000000049 9.02200000000084 8.95499999999993
infog 0 0 0 0 0 0 0 0 0 0
func 0 0 0 0 0 0 0 0 0 0
EFSOS 13.8929999999996 13.0050000000001 13.0460000000003 12.9549999999999 13.7800000000007 12.6669999999995 13.1770000000006 12.3149999999996 12.3850000000002 12.4620000000004
EFSIS 0.387 0.382000000000005 0.419999999999987 0.385999999999996 0.39500000000001 0.354000000000013 0.378999999999991 0.39500000000001 0.379000000000019 0.355999999999995
 14.2910000000011 13.3970000000008 13.4760000000006 13.351999999999 14.1859999999997 13.030999999999 13.5660000000007 12.7219999999998 12.7739999999994 12.8279999999995
 0 0 0 0 0 0 0 0 0 0
 0 0 0 0 0 0 0 0 0 0
 16.7430000000004 18.7629999999999 19.4440000000004 19.6120000000001 18.5549999999994 18.6780000000008 19.0299999999997 18.3590000000004 18.1999999999998 18.0699999999997
 0.234000000000009 0.280999999999977 0.257000000000005 0.13900000000001 0.272999999999996 0.274000000000001 0.247000000000014 0.186999999999983 0.262999999999977 0.219999999999999
 16.9899999999998 19.0609999999997 19.7180000000008 19.7669999999998 18.8449999999993 18.9680000000008 19.2939999999999 18.5609999999997 18.4779999999992 18.3060000000005
 0 0 0 0 0 0 0 0 0 0
 0 0 0 0 0 0 0 0 0 0
 7.33299999999963 6.92199999999957 7.41799999999967 6.76599999999962 6.6260000000002 6.72799999999916 7.55500000000029 6.85800000000017 6.64400000000023 6.51299999999992
 0.194999999999993 0.199000000000012 0.199000000000012 0.197000000000003 0.191000000000003 0.201999999999998 0.201999999999998 0.197000000000003 0.200000000000017 0.194999999999993
 7.53499999999985 7.12700000000041 7.62199999999939 6.96800000000076 6.82300000000032 6.93399999999929 7.76200000000063 7.06000000000131 6.85000000000036 6.71299999999974
 0 0 0 0 0 0 0 0 0 0
 0 0 0 0 0 0 0 0 0 0
 50.5839999999998 50.5349999999999 51.3109999999997 51.0129999999999 50.6120000000001 49.415 51.5930000000008 48.915 48.6530000000002 48.3450000000003
 0.882999999999981 0.875999999999976 0.882000000000005 0.832999999999998 0.915999999999997 0.879999999999995 0.882000000000005 0.843999999999994 0.858000000000004 0.818999999999988
 51.5079999999998 51.4529999999995 52.2350000000006 51.8870000000006 51.5690000000013 50.3360000000011 52.5149999999994 49.8000000000011 49.5509999999995 49.2029999999995
 0 0 0 0 0 0 0 0 0 0
 0 0 0 0 0 0 0 0 0 0
 130.089 126.833 132.965 133.363 128.5 130.947 132.069 130.991 128.601 133.847
 5.49200000000002 6.26400000000001 5.82900000000001 6.13 6.30000000000001 6.19399999999999 5.346 6.077 6.31 6.31800000000001
 274.759 250.960999999999 250.665000000001 253.039000000001 249.334999999999 249.626999999999 246.976999999999 244.466 247.210000000001 259.602999999999
 5728.541 5020.538 4887.66200000001 4959.56099999999 5051.821 5041.739 4768.16200000001 4917.60199999998 4865.429 5076.541
 310.645000000004 253.121999999996 201.300000000003 202.732000000004 179.615999999995 304.971000000005 288.659999999996 173.065000000002 172.587999999996 199.514999999999
