V1 V2 V3 V4 V5 V6 V7 V8 V9 V10
sam 18.2249999999913 25.5060000000085 9.38300000000163 9.24200000001292 9.88999999999942 9.90799999999581 8.64500000000407 8.71999999998661 9.38000000000466 9.1310000000085
geode 0.626000000000204 0.809000000001106 0.28099999999904 0.26600000000326 0.274000000001251 0.264000000002852 0.222000000001572 0.216000000000349 0.222999999998137 0.211999999999534
ref 21.849000000002 30.1990000000078 9.67300000000978 9.51699999999255 10.1720000000059 10.1809999999969 8.87300000000687 8.94300000001385 9.61199999999371 9.34999999997672
infog 0 0 0 0 0 0 0 0 0 0
func 0 0 0 0 0 0 0 0 0 0
EFSIS 25.9000000000087 15.6079999999929 12.6100000000006 12.6709999999875 12.6490000000049 12.8940000000002 12.3020000000106 12.2680000000109 12.1089999999967 12.2609999999986
 1.38999999999942 0.886999999998807 0.741000000001804 0.731999999999971 0.719999999997526 0.716999999996915 0.685999999997875 0.66899999999805 0.650000000001455 0.667000000001281
 32.2419999999984 17.8269999999902 13.3619999999937 13.4130000000005 13.3800000000047 13.6209999999992 13 12.9470000000001 12.7690000000002 12.9380000000237
 0 0 0 0 0 0 0 0 0 0
 0 0 0 0 0 0 0 0 0 0
 18.7669999999925 43.122000000003 22.2629999999917 20.1610000000073 20.1730000000098 20.9320000000007 17.9389999999985 17.7829999999958 19.6179999999877 21.1319999999978
 1.57300000000032 1.86200000000099 1.48999999999796 1.5 1.3660000000018 1.49200000000201 0.715000000000146 1.39600000000064 1.25799999999799 1.28700000000026
 17.0180000000109 41.125 20.6209999999992 18.2839999999997 18.2459999999992 19.0929999999935 15.6600000000035 15.9679999999935 17.7219999999943 19.0909999999858
 0 0 0 0 0 0 0 0 0 0
 0 0 0 0 0 0 0 0 0 0
 7.59300000000803 14.3340000000026 6.36699999999837 6.34600000000501 6.21199999999953 6.34500000000116 6.43399999999383 6.30800000000454 6.1880000000092 6.37200000000303
 0.444999999999709 0.641999999999825 0.375 0.35899999999674 0.352999999999156 0.356999999999971 0.345000000001164 0.342000000000553 0.332000000002154 0.329999999998108
 8.34799999999814 15.8870000000024 6.74800000000687 6.71499999999651 6.57099999999627 6.70900000000256 6.78499999998894 6.65499999999884 6.52599999999802 6.70699999999488
 0 0 0 0 0 0 0 0 0 0
 0 0 0 0 0 0 0 0 0 0
 73.80799999999 101.92300000001 52.8349999999919 50.8480000000127 51.3540000000066 52.551999999996 47.5200000000041 47.2069999999949 49.7829999999958 51.2930000000051
 4.15000000000146 4.3080000000009 2.95500000000175 2.93000000000029 2.78299999999945 2.89600000000064 2.02699999999822 2.67499999999927 2.52499999999782 2.55400000000009
 83.4040000000095 108.570000000007 52.6849999999977 50.4309999999969 50.8709999999992 52.1429999999964 46.5770000000048 46.695000000007 49.179999999993 50.542999999976
 0 0 0 0 0 0 0 0 0 0
 0 0 0 0 0 0 0 0 0 0
 3995.342 3159.522 2336.807 2262.15599999999 2350.90599999999 2297.588 2306.05499999999 2337.64 2328.841 2348.876
 194.112000000001 160.234999999997 137.543999999998 132.982 136.651000000002 133.514999999999 128.112000000001 126.32 125.087 127.034
 4341.14899999999 3563.43699999999 2323.74400000001 2243.152 2328.25599999999 2274.69099999999 2284.375 2313.768 2303.986 2319.95200000002
 0 0 0 0 0 0 0 0 0 0
 0 0 0 0 0 0 0 0 0 0
