V1 V2 V3 V4 V5 V6 V7 V8 V9 V10
sam 9.34900000000198 9.59799999999814 9.43000000000029 9.03399999999965 8.41899999999441 11.5380000000005 9.34799999999814 10.1260000000038 11.5669999999955 8.62299999999232
geode 0.0109999999999673 0 0 0 0 0 0 0 0 0
ref 9.36899999999878 9.60599999999977 9.43699999999808 9.04099999999744 8.42399999999907 11.5469999999987 9.35599999999977 10.1330000000016 11.5750000000116 8.63099999999395
infog 0 0 0 0 0 0 0 0 0 0
func 0 0 0 0 0 0 0 0 0 0
EFSIS 12.7699999999968 12.9510000000009 12.7429999999949 12.9889999999941 12.9530000000013 14.1730000000025 12.7550000000047 13.0160000000033 16.349000000002 12.6129999999976
 0.499000000000024 0.406999999999925 0.466999999999871 0.461999999999989 0.496999999999844 0.45699999999988 0.509000000000015 0.494000000000142 0.436999999999898 0.486000000000331
 13.2819999999992 13.3680000000022 13.2200000000012 13.4630000000034 13.4609999999957 14.6410000000033 13.2739999999976 13.5240000000049 16.7999999999884 13.1080000000075
 0 0 0 0 0 0 0 0 0 0
 0 0 0 0 0 0 0 0 0 0
 22.0020000000004 22.7989999999991 21.262999999999 22.5900000000038 19.1679999999978 23.1180000000022 19.5699999999924 22.377999999997 33.8420000000042 18.5840000000026
 0.912000000000035 0.878999999999905 0.951000000000022 0.875 0.86200000000008 0.885999999999967 0.761999999999716 0.846000000000004 0.996000000000095 0.759000000000015
 19.1129999999976 20.3070000000007 18.7799999999988 20.0449999999983 16.5380000000005 19.4809999999998 16.9900000000052 19.6999999999971 31.4579999999987 16.1419999999925
 0 0 0 0 0 0 0 0 0 0
 0 0 0 0 0 0 0 0 0 0
 7.76400000000285 6.66599999999744 6.67799999999988 6.51399999999558 7.6820000000007 6.77399999999761 6.70300000000861 6.72699999999895 7.32300000000396 6.57600000000093
 0.237999999999829 0.206000000000131 0.197000000000116 0.239000000000033 0.240000000000009 0.201000000000022 0.246999999999844 0.240999999999985 0.260999999999967 0.250999999999749
 8.00800000000163 6.87799999999697 6.88100000000122 6.75800000000163 7.92799999999988 6.9800000000032 6.95599999999831 6.97299999999814 7.58900000000722 6.83299999999872
 0 0 0 0 0 0 0 0 0 0
 0 0 0 0 0 0 0 0 0 0
 54.387999999999 54.6309999999939 52.5599999999977 53.625 50.5089999999982 58.0690000000031 50.6850000000122 54.7229999999981 71.7670000000071 48.6129999999976
 1.66399999999999 1.49499999999989 1.61500000000001 1.5809999999999 1.60400000000004 1.54799999999977 1.51799999999957 1.58100000000013 1.69399999999996 1.5
 52.2830000000031 52.7799999999988 50.7669999999998 51.8119999999981 48.6469999999972 55.1219999999958 48.8859999999986 52.8070000000007 70.1090000000113 46.9360000000015
 0 0 0 0 0 0 0 0 0 0
 0 0 0 0 0 0 0 0 0 0
 2447.351 2532.309 2450.246 2466.357 2496.638 2471.34299999999 2539.74799999999 2438.81999999999 2522.644 2360.341
 82.2 79.2370000000001 81.317 76.5730000000001 86.5440000000001 83.9990000000003 79.7470000000003 294.934 86.7939999999999 289.372
 2362.238 2441.408 2364.986 2372.01 2401.863 2370.38200000001 2447.77800000001 2668.05500000001 2448.989 2583.917
 0 0 0 0 0 0 0 0 0 0
 0 0 0 0 0 0 0 0 0 0
