V1 V2 V3 V4 V5 V6 V7 V8 V9 V10
sam 13.3020000000106 13.9369999999908 13.4389999999985 13.93299999999 13.528999999995 13.4340000000084 13.3910000000033 13.1589999999997 14.1109999999899 13.25
geode 0.00400000000036016 0.00500000000010914 0.00199999999995271 0.00199999999995271 0.00599999999985812 0.00399999999990541 0.00400000000036016 0.00299999999970169 0.00199999999995271 0.00300000000015643
ref 13.3080000000045 13.9459999999963 13.4470000000001 13.9429999999993 13.5409999999974 13.4410000000062 13.3990000000049 13.1680000000051 14.1209999999992 13.2580000000016
infog 0 0 0 0 0 0 0 0 0 0
func 0 0 0 0 0 0 0 0 0 0
EFSIS 12.3600000000006 13.1870000000054 12.4100000000035 13.1589999999997 12.6750000000029 12.7050000000017 12.2390000000014 12.3399999999965 12.7560000000085 12.2280000000028
 0.389999999999873 0.366999999999734 0.403999999999996 0.4050000000002 0.394000000000233 0.365999999999985 0.385999999999967 0.378000000000156 0.380999999999858 0.396999999999935
 12.7569999999978 13.5570000000007 12.8199999999924 13.5740000000078 13.0749999999971 13.0739999999932 12.6290000000008 12.7219999999943 13.1440000000002 12.6309999999939
 0 0 0 0 0 0 0 0 0 0
 0 0 0 0 0 0 0 0 0 0
 19.502999999997 19.9550000000017 19.0850000000064 20.349000000002 19.9449999999924 20.1639999999898 19.3799999999901 19.1790000000037 20.0679999999993 19.1330000000016
 0.989000000000033 1.05799999999999 1.0630000000001 1.06799999999976 0.967999999999847 0.969000000000051 1.05099999999993 0.885999999999967 0.920999999999822 1.08300000000008
 17.3689999999915 17.823000000004 16.8629999999976 17.9689999999973 17.4989999999962 17.4110000000073 17.0190000000002 17.0080000000016 17.627999999997 16.8770000000077
 0 0 0 0 0 0 0 0 0 0
 0 0 0 0 0 0 0 0 0 0
 6.83599999999569 6.6299999999901 6.78199999999197 6.67699999999604 6.80900000000838 6.85700000000361 6.63999999999942 6.80100000000675 6.47400000000198 6.78699999999662
 0.199999999999818 0.199000000000069 0.198999999999614 0.19800000000032 0.195999999999913 0.199000000000069 0.20699999999988 0.190999999999804 0.19399999999996 0.190000000000055
 7.03600000000733 6.83100000000559 6.98400000001129 6.87900000000081 7.00900000000547 7.05799999998999 6.84799999999814 6.99499999999534 6.6710000000021 6.98000000001048
 0 0 0 0 0 0 0 0 0 0
 0 0 0 0 0 0 0 0 0 0
 54.5540000000037 56.4130000000005 54.3090000000084 56.7929999999906 55.5380000000005 55.7980000000098 54.3940000000002 54.1579999999958 56.1039999999921 53.9760000000097
 1.58500000000004 1.63400000000001 1.67000000000007 1.67700000000013 1.56700000000001 1.53900000000021 1.65100000000029 1.45799999999963 1.50099999999975 1.67300000000023
 53.025999999998 54.8669999999984 52.708999999988 55.0450000000128 53.7090000000026 53.6239999999962 52.6429999999964 52.5740000000078 54.2629999999917 52.3269999999902
 0 0 0 0 0 0 0 0 0 0
 0 0 0 0 0 0 0 0 0 0
 2623.041 2622.019 2596.397 2563.235 2660.86199999999 2653.44499999999 2617.59600000001 2628.98700000001 2558.07000000001 2606.943
 75.2870000000003 83.0439999999999 86.2129999999997 80.944 79.1579999999999 81.4829999999997 82.0309999999999 80.6780000000003 79.799 79.5740000000001
 2537.446 2544.70600000001 2516.698 2480.69399999999 2569.81099999999 2564.26700000001 2536.75300000001 2543.16399999999 2480.804 2521.15100000001
 0 0 0 0 0 0 0 0 0 0
 0 0 0 0 0 0 0 0 0 0
