V1 V2 V3 V4 V5 V6 V7 V8 V9 V10
sam 8.78300000000036 9.58899999999994 13.0070000000005 11.8459999999995 10.21 11.8809999999994 10.567 10.7149999999992 8.89099999999962 8.75699999999961
geode 0.0799999999999841 0.163000000000011 0.0319999999999823 0.156000000000006 0.105000000000018 0.100999999999999 0.0400000000000205 0.0980000000000132 0.112000000000023 0.0289999999999964
ref 8.86899999999878 9.75900000000001 13.0489999999991 12.0120000000006 10.3250000000007 11.991 10.616 10.8220000000001 9.01000000000022 8.79399999999987
infog 0 0 0 0 0 0 0 0 0 0
func 0 0 0 0 0 0 0 0 0 0
EFSOS 12.4049999999997 13.261 15.6210000000001 16.4660000000003 13.7539999999999 17.0659999999998 18.9140000000007 22.0880000000006 12.4009999999998 12.8450000000003
EFSIS 0.384999999999991 0.416999999999973 0.478000000000009 0.465000000000032 0.423000000000002 0.473000000000013 0.541999999999973 0.593000000000018 0.396999999999991 0.37700000000001
 12.8010000000013 13.6880000000001 16.1110000000008 16.9439999999995 14.1859999999997 17.5509999999995 19.4709999999995 22.6989999999987 12.8079999999991 13.232
 0 0 0 0 0 0 0 0 0 0
 0 0 0 0 0 0 0 0 0 0
 17.1610000000001 18.085 22.4459999999999 19.3249999999998 21.3530000000001 26.0110000000004 24.0689999999995 25.0189999999993 17.6940000000004 18.8540000000003
 0.298000000000002 0.173999999999978 0.249000000000024 0.267999999999972 0.223000000000013 0.341999999999985 0.309000000000026 0.336999999999989 0.27600000000001 0.230000000000018
 17.473 18.2729999999992 22.7139999999999 19.6080000000002 21.5939999999991 26.375 24.3979999999992 25.3760000000002 17.9850000000006 19.1039999999994
 0 0 0 0 0 0 0 0 0 0
 0 0 0 0 0 0 0 0 0 0
 7.22499999999991 6.53999999999996 8.32200000000012 6.7489999999998 8.08100000000013 8.35400000000027 8.48900000000049 8.97100000000046 7.26900000000023 6.64300000000003
 0.199999999999989 0.197000000000003 0.238 0.206000000000017 0.225999999999999 0.221000000000004 0.262999999999977 0.24799999999999 0.194999999999993 0.19399999999996
 7.43099999999868 6.74300000000039 8.56600000000071 6.96099999999933 8.31500000000051 8.58300000000054 8.75800000000163 9.22700000000077 7.46999999999935 6.84100000000035
 0 0 0 0 0 0 0 0 0 0
 0 0 0 0 0 0 0 0 0 0
 47.9380000000001 49.8719999999998 62.1080000000002 56.9789999999994 56.2039999999997 66.4229999999998 65.3010000000004 69.6779999999999 48.5999999999995 49.4390000000003
 0.966000000000008 0.95599999999996 1 1.101 0.980000000000018 1.15300000000002 1.15600000000001 1.27800000000002 0.982000000000028 0.835000000000036
 48.9439999999995 50.8680000000004 63.1579999999994 58.1270000000004 57.2299999999996 67.6290000000008 66.5100000000002 71.012999999999 49.6209999999992 50.3199999999997
 0 0 0 0 0 0 0 0 0 0
 0 0 0 0 0 0 0 0 0 0
 132.804 168.802 150.734 158.548000000001 166.387000000001 169.419 167.442 140.822999999999 134.563 134.82
 5.59499999999997 5.84000000000003 7.33300000000003 7.65199999999999 6.81900000000002 7.42599999999999 13.452 6.34100000000001 5.71299999999997 5.78399999999999
 251.057000000001 313.661 314.307000000001 497.020999999999 334.546 615.249 565.43 454.684999999999 454.674000000001 307.984999999999
 4849.039 5562.68599999999 6456.959 4115.63100000001 6230.69399999999 4236.671 4022.443 3973.72500000001 3349.988 3787.829
 208.381000000001 434.001000000004 484.385999999999 6568.537 682.633000000002 9425.299 7413.14 6067.62 6558.554 2239.08500000001
