V1 V2 V3 V4 V5 V6 V7 V8 V9 V10
sam 11.6039999999994 11.4879999999976 8.88799999999901 9.28900000000431 21.7049999999945 23.9249999999956 8.75 8.46800000000076 8.44599999999627 8.53000000001339
geode 0.387000000000626 0.356999999999971 0.341000000000349 0.337999999999738 0.733000000000175 0.786000000000058 0.276000000001659 0.255999999997584 0.246999999999389 0.244999999998981
ref 12.0350000000035 11.8549999999959 9.23600000000442 9.63499999999476 22.4629999999888 25.7259999999951 9.03299999999581 8.73200000000361 8.6990000000078 8.78199999999197
infog 0 0 0 0 0 0 0 0 0 0
func 0 0 0 0 0 0 0 0 0 0
EFSOS 2.0109999999986 1.44599999999627 12.3440000000046 12.8489999999947 49.586000000003 28.4839999999967 12.4510000000009 11.926999999996 11.9020000000019 11.9189999999944
EFSIS 275.43 238.149000000001 0.815999999998894 0.830000000001746 2.20300000000134 51.0349999999999 0.737999999997555 0.720000000001164 0.708000000002357 0.695999999999913
 391.698000000004 391.247000000003 13.1699999999983 13.6889999999985 51.8920000000071 118.387000000002 13.1989999999932 12.6560000000027 12.6209999999992 12.625
 0 0 0 0 0 0 0 0 0 0
 0 0 0 0 0 0 0 0 0 0
 0 0 17.2239999999947 16.9750000000058 27.6310000000012 33.6200000000026 16.1970000000001 16.8820000000051 16.3499999999913 16.4449999999924
 0 62.0469999999987 0.665000000000873 0.622999999999593 0.945999999999913 1.13000000000102 0.516999999999825 0.514999999999418 0.483000000000175 0.479000000002998
 18.051999999996 25.9170000000013 17.9030000000057 17.6129999999976 28.5999999999913 34.7779999999912 16.7280000000028 17.4109999999928 16.8469999999943 16.9380000000092
 0 0 0 0 0 0 0 0 0 0
 0 0 0 0 0 0 0 0 0 0
 0 0 6.09100000000035 6.06100000000151 7.52200000000448 6.27100000000064 6.32300000000396 6.46699999999691 6.09799999999814 6.22400000000198
 0 54.2070000000003 0.406999999999243 0.394000000000233 0.467000000000553 0.386999999998807 0.377000000000407 0.370000000002619 0.355999999999767 0.352999999999156
 6.99700000000303 83.1549999999988 6.50199999999313 6.46100000001024 7.99499999999534 6.66500000000815 6.70500000000175 6.84200000000419 6.45900000000256 6.58199999999488
 0 0 0 0 0 0 0 0 0 0
 0 0 0 0 0 0 0 0 0 0
 13.614999999998 12.9339999999938 46.8170000000027 47.8810000000012 109.100999999995 94.6809999999969 46.0920000000042 45.9619999999995 45.6489999999903 45.8780000000115
 275.817000000001 354.76 2.31500000000233 2.28700000000026 4.43800000000192 53.4170000000013 1.98300000000017 1.93100000000049 1.88100000000122 1.85699999999997
 431.654999999999 514.945000000007 49.1699999999983 50.2079999999987 113.698999999993 188.017999999996 48.1119999999937 47.9300000000076 47.5679999999993 47.7739999999903
 0 0 0 0 0 0 0 0 0 0
 0 0 0 0 0 0 0 0 0 0
 1168.377 1782.482 2996.313 2870.279 3062.087 2703.311 3089.684 2581.23 2855.171 2801.87199999999
 2744.804 2613.753 526.774999999998 175.650000000001 785.223999999998 313.487999999998 432.528999999999 402.860000000001 717.182999999997 329.864000000001
 5665.78 6016.75099999999 3799.50600000001 3084.68799999999 4293.567 3159.32000000001 3741.738 3203.58899999999 3969.89200000001 3296.89200000001
 0 0 0 0 0 0 0 0 0 0
 0 0 0 0 0 0 0 0 0 0
