V1 V2 V3 V4 V5 V6 V7 V8 V9 V10
sam 24.0990000000456 24.1820000000298 26.6600000000326 26.8649999999907 24.6800000000512 16.1840000000084 20.6639999999898 23.1309999999357 25.4089999999851 24.3010000000941
geode 0.19199999999546 0.205000000001746 0.222999999998137 0.216999999989639 0.192999999999302 0.123000000006869 0.157000000006519 0.168000000005122 0.179000000003725 0.172999999995227
ref 24.3329999999842 24.4090000001015 26.9070000000065 27.1040000000503 24.8919999999925 16.3200000000652 20.8379999999888 23.3159999999916 25.6339999999618 24.4949999999953
infog 0 0 0 0 0 0 0 0 0 0
func 0 0 0 0 0 0 0 0 0 0
EFSIS 150.33600000001 166.587999999989 174.298999999999 174.660000000033 132.533999999985 41.1199999999953 138.78600000008 137.983000000007 167.361000000034 139.681999999913
 2.96499999999651 7.06900000000314 4.20999999999185 4.34600000000501 3.07300000000396 1.48399999999674 2.72000000000116 2.61699999999837 3.27199999999721 2.74899999999616
 153.429000000004 177 178.945999999996 179.164999999921 135.717000000062 42.6380000000354 141.630000000005 140.719000000041 170.777999999933 142.547999999952
 0 0 0 0 0 0 0 0 0 0
 0 0 0 0 0 0 0 0 0 0
 134.623999999953 153.785999999964 150.775999999954 137.556999999913 143.775999999954 53.3860000000568 124.583999999915 106.423000000068 128.889999999898 131.568000000087
 2.38700000000244 2.97099999999045 2.77300000000105 2.68700000000536 2.89099999998871 1.81299999999464 2.12200000000303 2.08999999999651 2.28200000000652 2.50100000000384
 122.993000000017 139.871000000043 135.962000000058 124.031000000075 129.062999999966 48.1889999998966 116.183000000077 97.4269999999087 117.175000000047 122.621999999974
 0 0 0 0 0 0 0 0 0 0
 0 0 0 0 0 0 0 0 0 0
 23.0100000000093 19.9150000000373 22.5110000000568 22.4770000000717 28.5500000000466 19.6700000000419 27.8649999999907 21.9149999999208 23.2250000000931 21.5669999999227
 1.10800000000745 5.69400000000314 1.63199999999779 1.59399999999732 1.36000000000058 0.739000000001397 1.09399999999732 0.972999999998137 1.62899999998626 0.986000000004424
 24.1729999999516 28.2970000000205 24.1670000000158 24.091999999946 29.9420000000391 20.4239999999991 28.9830000000075 22.9090000001015 24.8760000000475 22.5719999999274
 0 0 0 0 0 0 0 0 0 0
 0 0 0 0 0 0 0 0 0 0
 338.964000000036 371.265000000014 381.001000000047 368.378999999957 338.16399999999 135.748000000021 318.935999999987 295.925999999978 351.768999999971 323.676000000094
 6.72499999999127 16.0200000000041 8.92799999999988 8.92999999999302 7.60599999999977 4.21800000000803 6.16700000000128 5.91599999999744 7.4490000000078 6.47400000000198
 331.902000000002 376.459000000032 372.844000000041 361.304000000004 328.33600000001 133.024000000092 314.750999999931 290.918999999994 345.439999999944 318.866999999969
 0 0 0 0 0 0 0 0 0 0
 0 0 0 0 0 0 0 0 0 0
 11059.882 11964.503 12589.061 12668.2880000001 9935.64000000001 8576.88400000008 10798.214 10979.786 11505.097 10786.681
 4543.81800000001 1159.173 400.298999999999 384.672000000006 306.069000000003 239.971999999994 268.489000000001 346.584000000003 1490.84999999999 943.752999999997
 17407.982 13037.569 12178.3640000001 12248.106 9616.65999999992 8372.01000000001 10531.0190000001 10770.2659999999 13165.8690000001 11534.382
 0 0 0 0 0 0 0 0 0 0
 0 0 0 0 0 0 0 0 0 0
