V1 V2 V3 V4 V5 V6 V7 V8 V9 V10
sam 16.4329999999609 15.6650000000373 14.2539999999572 17.1790000000037 14.6419999999925 15.7770000000019 15.0749999999534 14.2519999999786 14.7179999999935 16.1520000000019
geode 0.138000000006286 0.129000000000815 0.11699999999837 0.137000000002445 0.115999999994528 0.120999999999185 0.114000000001397 0.107000000003609 0.10899999999674 0.115999999994528
ref 16.5840000000317 15.8059999999823 14.3830000000307 17.329000000027 14.7700000000186 15.9090000001015 15.2010000000009 14.3719999999739 14.8390000000363 16.2820000000065
infog 0 0 0 0 0 0 0 0 0 0
func 0 0 0 0 0 0 0 0 0 0
EFSIS 36.64300000004 35.9099999999162 35.9470000000438 52.0760000000009 34.6840000000084 37.048000000068 38.2850000000326 35.3790000000736 37.6499999999069 34.7220000000671
 1.4320000000007 1.40800000001036 1.56200000000536 1.64800000000105 1.41000000000349 1.46400000000722 1.54499999999825 1.39400000000023 1.44800000000396 1.45500000000175
 38.10699999996 37.3490000000456 37.5370000000112 53.7780000000494 36.1230000000214 38.5419999998994 39.8610000000335 36.8009999999776 39.1300000000047 36.2039999999106
 0 0 0 0 0 0 0 0 0 0
 0 0 0 0 0 0 0 0 0 0
 48.2929999999469 52.0320000000065 59.5069999999832 43.326999999932 53.9689999999246 59.6479999999283 55.4020000000019 47.8659999999218 54.3680000000168 49.7759999999544
 1.76699999999255 2.22499999999127 1.8859999999986 1.88999999999942 1.88099999999395 2.17500000000291 1.34100000000035 1.43499999999767 1.94700000000012 1.62900000000081
 44.3610000000335 48.1010000000242 53.2579999999143 39.4070000000065 48.9009999999544 55.0850000000792 49.8909999999451 42.1790000000037 50.0009999999311 45.3980000000447
 0 0 0 0 0 0 0 0 0 0
 0 0 0 0 0 0 0 0 0 0
 19.8460000000196 19.6199999999953 20.9459999999963 18.4679999999935 20.1010000000242 20.3460000000196 28.9689999999246 21.1080000000075 18.5460000000894 18.7419999999693
 0.726999999998952 0.737000000008265 0.770999999993364 0.714000000007218 0.763000000006286 0.751999999993131 0.834999999991851 0.748999999996158 0.716999999989639 0.846000000005006
 20.5889999999199 20.3739999999525 21.7340000000549 19.1969999999274 20.8800000000047 21.1139999999432 29.8300000000745 21.8730000000214 19.2789999999804 19.6030000000028
 0 0 0 0 0 0 0 0 0 0
 0 0 0 0 0 0 0 0 0 0
 126.369999999995 129.055999999982 135.738000000012 135.648999999976 128.434999999939 137.533999999985 143.118000000017 123.719000000041 130.441999999923 123.945000000065
 4.10700000000361 4.55999999999767 4.37700000000768 4.43600000000151 4.22100000000501 4.54800000000978 3.88499999999476 3.73399999999674 4.26900000000023 4.0789999999979
 124.842999999993 127.525000000023 132.042000000016 134.359999999986 125.76800000004 135.405000000028 140.222999999998 120.393999999971 128.46100000001 122.076999999932
 0 0 0 0 0 0 0 0 0 0
 0 0 0 0 0 0 0 0 0 0
 5982.48699999996 5990.94799999997 6014.56999999995 6058.95799999998 6265.12600000005 6821.26500000001 6472.18199999991 6223.26099999994 6234.85800000001 6746.06299999997
 220.932000000001 211.374000000011 235.563999999998 207.713000000003 207.264999999999 216.694999999992 210.826000000001 207.148000000001 210.880999999994 212.312000000005
 5886.85499999998 5905.67700000003 5956.34299999999 5956.62799999991 6150.48999999999 6699.85200000007 6363.60900000005 6127.16700000002 6137.10699999996 6753.1540000001
 0 0 0 0 0 0 0 0 0 0
 0 0 0 0 0 0 0 0 0 0
