V1 V2 V3 V4 V5 V6 V7 V8 V9 V10
sam 15.2930000000051 17.1410000000033 15.560999999987 17.6020000000135 15.622000000003 15.6369999999879 15.3040000000037 15.2589999999909 15.3060000000114 17.5340000000142
geode 0.210999999995693 0.225000000005821 0.194999999999709 0.210999999995693 0.180000000000291 0.171000000002095 0.1620000000039 0.156000000002678 0.148999999997613 0.165000000000873
ref 15.515000000014 17.3790000000154 15.76800000004 17.8279999999795 15.8130000000237 15.8209999999963 15.4789999999921 15.4270000000251 15.4670000000042 17.7139999999781
infog 0 0 0 0 0 0 0 0 0 0
func 0 0 0 0 0 0 0 0 0 0
EFSIS 37.573000000004 39.81700000001 37.3489999999874 37.8830000000016 34.6300000000047 36.7209999999905 37.4679999999935 34.9260000000068 34.612999999983 35.1339999999909
 1.97000000000116 1.77699999999459 1.91799999999785 1.625 1.5789999999979 1.51000000000204 1.83599999999569 1.52199999999721 1.47499999999854 1.55500000000029
 39.5769999999902 41.6270000000077 39.2979999999516 39.5389999999898 36.2359999999753 38.2609999999986 39.3379999999888 36.4770000000135 36.11599999998 36.7179999999935
 0 0 0 0 0 0 0 0 0 0
 0 0 0 0 0 0 0 0 0 0
 54.3589999999967 70.6929999999993 48.6280000000261 67.872000000003 51.176999999996 54.5 56.3600000000151 55.2179999999935 50.2309999999998 76.2399999999907
 2.22499999999854 2.34500000000116 1.74199999999837 2.23800000000483 1.95500000000175 2.14299999999639 2.09800000000541 2.00599999999395 1.76499999999942 2.04699999999866
 50.0840000000026 66.2429999999877 43.835000000021 63.7030000000377 47.1080000000075 49.0789999999688 51.9100000000326 50.8579999999492 46.1369999999879 71.9220000000205
 0 0 0 0 0 0 0 0 0 0
 0 0 0 0 0 0 0 0 0 0
 18.8600000000151 19.6919999999809 19.8689999999769 19.8359999999811 18.9230000000098 18.8360000000102 18.8379999999888 18.9820000000182 18.7850000000035 18.8500000000058
 0.97899999999936 0.853000000002794 0.952000000004773 0.833999999995285 0.796999999998661 0.77100000000064 0.91299999999319 0.774000000004889 0.756000000001222 0.882000000005064
 19.8539999999921 20.564000000013 20.8360000000102 20.6869999999763 19.734999999986 19.6200000000536 19.7649999999558 19.7719999999972 19.5540000000037 19.7490000000107
 0 0 0 0 0 0 0 0 0 0
 0 0 0 0 0 0 0 0 0 0
 130.788 152.413 126.154999999999 148.716000000015 125.312999999995 130.701000000001 132.739000000001 129.589999999997 123.747999999992 152.524999999994
 5.46600000000035 5.27700000000186 4.87999999999738 4.97299999999814 4.57700000000477 4.66000000000349 5.07200000000012 4.52200000000448 4.19199999999546 4.70899999999529
 129.81700000001 150.964999999997 124.563000000024 147.348999999987 123.92300000001 127.858000000007 131.32699999999 127.806000000041 122.137999999977 150.931999999972
 0 0 0 0 0 0 0 0 0 0
 0 0 0 0 0 0 0 0 0 0
 6260.25400000002 6688.56100000002 6330.41999999998 6229.12299999999 6030.19700000001 6116.43999999997 6038.05800000002 5712.73699999999 6037.33900000001 5913.891
 247.646999999997 246.870999999999 235.955999999998 233.718000000001 227.373 231.458999999995 222.007000000005 217.589999999997 214.938000000002 214.134000000005
 6166.182 6595.00600000002 6242.76500000001 6141.86900000001 5943.81599999999 6014.13500000001 5948.962 5619.29999999999 5944.429 5810.68400000001
 0 0 0 0 0 0 0 0 0 0
 0 0 0 0 0 0 0 0 0 0
