V1 V2 V3 V4 V5 V6 V7 V8 V9 V10
sam 14.9369999999999 18.8850000000002 18.3250000000007 15.3519999999999 16.2089999999998 15.1750000000002 18.415 17.7619999999997 14.7569999999996 16.1240000000007
geode 0.192000000000007 0.305000000000007 0.145999999999987 0.172000000000025 0.264999999999986 0.0979999999999848 0.0389999999999873 0.115000000000009 0.162999999999982 0.158000000000015
ref 15.152 19.2049999999999 18.487000000001 15.5370000000003 16.485999999999 15.2869999999984 18.4679999999989 17.8900000000031 14.9309999999969 16.2939999999981
infog 0 0 0 0 0 0 0 0 0 0
func 0 0 0 0 0 0 0 0 0 0
EFSOS 35.6290000000004 47.8499999999995 46.5339999999997 35.866 34.8779999999997 36.8140000000003 44.915 44.1060000000007 34.7890000000007 34.0999999999995
EFSIS 1.18000000000001 1.37 1.35499999999999 1.21499999999997 1.18800000000002 1.17099999999999 1.31 1.31899999999999 1.19400000000002 1.19799999999998
 36.8369999999995 49.2610000000004 47.9249999999993 37.1100000000006 36.0950000000012 38.014000000001 46.2630000000008 45.4619999999995 36.0120000000024 35.3290000000015
 0 0 0 0 0 0 0 0 0 0
 0 0 0 0 0 0 0 0 0 0
 43.3039999999996 62.3199999999997 53.2269999999999 48.4780000000001 50.0230000000001 42.5860000000002 59.6690000000008 47.6030000000001 44.6539999999995 46.0969999999998
 0.805999999999983 0.876000000000005 0.903999999999996 0.765000000000015 0.727000000000004 0.760999999999996 0.938000000000017 0.899000000000001 0.901999999999987 0.814000000000021
 44.1450000000004 63.244999999999 54.1769999999997 49.2819999999992 50.7909999999993 43.3819999999996 60.655999999999 48.5409999999974 45.5920000000006 46.9480000000003
 0 0 0 0 0 0 0 0 0 0
 0 0 0 0 0 0 0 0 0 0
 19.4970000000003 23.4930000000004 20.0039999999999 19.5649999999996 19.9050000000007 19.8629999999994 26.1479999999992 20.2209999999995 19.6030000000001 19.3960000000006
 0.593000000000018 0.662000000000006 0.619 0.594999999999999 0.592999999999989 0.591000000000008 0.720999999999975 0.611999999999995 0.603000000000009 0.599999999999966
 20.1049999999996 24.1740000000009 20.6380000000008 20.1759999999995 20.5139999999992 20.4699999999993 26.8900000000012 20.849000000002 20.2219999999979 20.0109999999986
 0 0 0 0 0 0 0 0 0 0
 0 0 0 0 0 0 0 0 0 0
 119.311 158.652 143.434 124.3 126.162 119.895 155.24 135.006 119.062 120.773
 2.77100000000002 3.22500000000002 3.02399999999997 2.75800000000001 2.773 2.637 3.02099999999999 2.95500000000001 2.87299999999999 2.76999999999998
 122.188 162.005999999999 146.575000000001 127.158000000001 129.036999999998 122.630999999999 158.386999999999 138.069 122.030999999999 123.642
 0 0 0 0 0 0 0 0 0 0
 0 0 0 0 0 0 0 0 0 0
 269.669 289.668 238.457 248.914 234.721 279.53 278.937 238.652 247.663 249.341
 10.453 13.102 9.381 9.78800000000001 8.40700000000001 10.57 12.304 10.059 8.197 9.85400000000004
 600.937 715.506000000001 564.112999999999 668.629999999999 566.278 662.014999999999 879.779000000002 547.588000000003 720.286 564.843000000001
 15238.539 18350.923 14788.889 12847.652 14976.871 14894.459 16436.834 13957.951 12893.502 14343.39
 504.352999999988 1302.989 516.484000000011 4075.276 755.025999999998 2225.576 7606.745 519.557000000001 6579.758 528.947
