V1 V2 V3 V4 V5 V6 V7 V8 V9 V10
sam 16.3880000000063 16.1739999999991 15.445000000007 15.2130000000179 16.0059999999939 15.7859999999928 15.4500000000116 15.2369999999937 15.4679999999935 15.2630000000063
geode 0.163000000000466 0.151000000001659 0.133999999998196 0.125 0.121999999999389 0.115000000001601 0.105999999999767 0.0990000000019791 0.0940000000009604 0.0900000000001455
ref 16.5659999999916 16.3360000000102 15.5920000000042 15.3489999999874 16.1419999999925 15.9139999999898 15.5669999999809 15.3479999999981 15.5739999999932 15.3640000000014
infog 0 0 0 0 0 0 0 0 0 0
func 0 0 0 0 0 0 0 0 0 0
EFSIS 36.775999999998 36.372000000003 35.5099999999802 35.3709999999846 34.9720000000088 37.0440000000235 34.7749999999942 35.7859999999928 34.9340000000084 33.875
 1.52499999999782 1.48999999999796 1.38799999999901 1.39899999999761 1.49400000000242 1.40999999999985 1.36800000000221 1.39799999999741 1.34300000000076 1.3660000000018
 38.3299999999872 37.8919999999925 36.926999999996 36.7970000000205 36.4940000000061 38.4830000000075 36.1700000000128 37.2119999999995 36.3060000000114 35.2680000000109
 0 0 0 0 0 0 0 0 0 0
 0 0 0 0 0 0 0 0 0 0
 54.3279999999941 53.9290000000037 51.6940000000177 52.6440000000002 51.7729999999865 54.5559999999823 54.0979999999981 52.9610000000102 54.4239999999991 51.4459999999963
 2.20600000000195 2.09600000000137 2.31200000000172 2.31500000000233 2.16499999999724 1.94399999999951 1.56599999999889 1.6730000000025 1.73800000000119 2.02400000000125
 50.2480000000214 50.2160000000149 48.3280000000086 48.4919999999984 47.9720000000088 49.6059999999998 48.935999999987 48.3130000000237 49.5229999999865 47.237999999983
 0 0 0 0 0 0 0 0 0 0
 0 0 0 0 0 0 0 0 0 0
 19.0939999999973 18.8399999999965 19.2179999999935 18.5480000000098 19.1590000000142 19.3539999999921 18.8809999999939 18.8519999999844 19.6540000000095 18.6509999999835
 0.740999999998166 0.753000000000611 0.729999999999563 0.716999999996915 0.718000000000757 0.740000000001601 0.68999999999869 0.700999999997293 0.743999999998778 0.736999999997352
 19.8499999999767 19.609999999986 19.9629999999888 19.2799999999988 19.8919999999925 20.1089999999967 19.5859999999811 19.5679999999993 20.4129999999714 19.4040000000095
 0 0 0 0 0 0 0 0 0 0
 0 0 0 0 0 0 0 0 0 0
 131.782000000007 130.350000000006 126.942999999999 126.986000000004 126.946999999986 132.023000000016 128.352000000014 127.766999999993 129.635999999999 124.141000000003
 4.68699999999808 4.54799999999886 4.60900000000038 4.60899999999674 4.54699999999866 4.24700000000303 3.77400000000125 3.91100000000006 3.96200000000317 4.25500000000102
 130.247000000003 129.150999999983 125.934999999998 125.186999999976 125.589000000007 129.435999999987 125.456999999995 125.417000000016 127.01999999999 122.222000000009
 0 0 0 0 0 0 0 0 0 0
 0 0 0 0 0 0 0 0 0 0
 5845.58799999999 5793.76999999999 5742.80799999999 5856.31299999999 5800.24100000001 6007.16500000001 5759.261 5802.073 5836.239 5732.52599999998
 223.509000000002 221.870000000003 216.445 209.778000000002 207.131000000001 203.306 204.523999999998 193.240000000002 199.413999999997 201.414000000001
 5755.859 5720.02000000002 5661.22600000002 5760.83600000001 5688.75 5884.03 5651.609 5690.41499999998 5725.39600000001 5633.18900000001
 0 0 0 0 0 0 0 0 0 0
 0 0 0 0 0 0 0 0 0 0
