V1 V2 V3 V4 V5 V6 V7 V8 V9 V10
sam 24.9539999999979 23.0219999999972 23.5050000000047 23.6760000000068 23.0760000000009 0 25.3879999999772 22.4049999999988 22.3549999999814 22.5020000000077
geode 0.055000000000291 0.0909999999967113 0.118999999998778 0.122999999999593 0.132000000001426 0 0.250999999996566 0.22899999999936 0.220000000001164 0.213000000003376
ref 25.0279999999912 23.1300000000047 23.6419999999925 23.8159999999916 23.2259999999951 25.5390000000189 25.6579999999958 22.6510000000126 22.5909999999567 22.7330000000075
infog 0 0 0 0 0 0 0 0 0 0
func 0 0 0 0 0 0 0 0 0 0
EFSIS 37.7380000000121 17.8910000000033 33.176999999996 36.4759999999951 28.2940000000235 0.861000000004424 35.6959999999963 36.1849999999977 34.5800000000163 35.6469999999972
 1.51100000000042 391.541000000001 19.2880000000005 1.34600000000137 56.737000000001 8.51199999999517 1.52999999999884 1.57600000000093 1.47800000000279 1.48099999999977
 39.2809999999881 489.59600000002 59.3429999999935 37.8530000000028 104.125 45.3789999999863 37.2559999999939 37.7910000000265 36.088000000047 37.1560000000172
 0 0 0 0 0 0 0 0 0 0
 0 0 0 0 0 0 0 0 0 0
 50.0369999999821 0 46.7259999999951 47.0330000000249 27.2119999999995 48.8530000000028 51.9619999999995 47.1300000000047 48.9040000000095 50.7740000000049
 1.89500000000044 0 1.56999999999971 1.63699999999881 4.64300000000003 2.04200000000128 1.86800000000221 1.77199999999721 1.78499999999622 2.14199999999983
 46.0980000000272 44.5499999999884 44.8809999999939 42.6639999999898 45.5270000000019 44.7229999999981 48.0620000000054 43.6319999999832 45.6209999999846 47.0299999999697
 0 0 0 0 0 0 0 0 0 0
 0 0 0 0 0 0 0 0 0 0
 19.7440000000061 0 19.2450000000244 21.7839999999851 18.9739999999874 19.4850000000151 19.3800000000047 19.0909999999858 19.1759999999776 20.2859999999928
 0.628999999998996 0 0.848000000001775 0.686999999998079 0.789000000000669 0.754999999997381 0.775000000001455 0.824000000000524 0.760000000002037 0.779999999998836
 20.3889999999956 21.8470000000088 20.1079999999783 22.4880000000121 19.7790000000095 20.2550000000047 20.1710000000021 19.929999999993 19.9510000000009 21.0819999999949
 0 0 0 0 0 0 0 0 0 0
 0 0 0 0 0 0 0 0 0 0
 137.663 40.9130000000005 127.844000000012 134.160000000003 102.642000000022 74.4790000000212 137.993999999977 130.184999999998 130.16399999999 134.577000000019
 4.11200000000099 391.631999999998 21.8509999999987 3.82999999999811 62.3420000000006 11.3689999999988 4.4890000000014 4.46800000000076 4.30299999999988 4.67700000000332
 136.011999999988 584.513000000006 153.195999999996 132.054000000004 197.789000000019 141.242999999988 136.791999999987 129.448000000033 129.462999999989 133.434999999998
 0 0 0 0 0 0 0 0 0 0
 0 0 0 0 0 0 0 0 0 0
 3928.72200000001 4875.58900000001 5997.128 5378.97600000002 3088.91199999998 6050.56 5514.25200000001 5991.01699999999 6171.26300000001 6084.14000000001
 5172.236 2874.188 1073.663 1822.507 8780.416 1447.343 1734.075 214.793999999994 218.602000000006 220.548000000003
 11551.129 9075.91200000001 7267.70299999998 7950.12299999999 16474.632 7882.73300000001 7870.804 5930.35499999998 6104.44699999999 6006.196
 0 0 0 0 0 0 0 0 0 0
 0 0 0 0 0 0 0 0 0 0
