V1 V2 V3 V4 V5 V6 V7 V8 V9 V10
sam 15.3389999999999 18.362000000001 15.2239999999947 15.148000000001 15.5009999999966 19.1299999999974 15.3190000000031 14.9959999999992 15.4559999999983 18.0940000000046
geode 0 0 0.00300000000004275 0 0 0 0 0 0 0
ref 15.3509999999951 18.3769999999931 15.2390000000014 15.1610000000073 15.5129999999917 19.1450000000041 15.3300000000017 15.0080000000016 15.4679999999935 18.1080000000075
infog 0 0 0 0 0 0 0 0 0 0
func 0 0 0 0 0 0 0 0 0 0
EFSOS 35.726999999999 48.974000000002 35.4110000000001 35.2909999999974 34.9000000000015 61.0110000000059 35.3369999999995 34.8899999999994 34.9700000000012 44.663999999997
EFSIS 1.19299999999998 1.34699999999998 1.19200000000001 1.21100000000001 1.20600000000002 1.58900000000006 1.19900000000007 1.18100000000004 1.19200000000001 1.36900000000003
 36.9520000000048 50.3580000000075 36.6309999999939 36.5299999999988 36.1330000000016 62.6489999999903 36.5650000000023 36.0979999999981 36.19200000001 46.0679999999993
 0 0 0 0 0 0 0 0 0 0
 0 0 0 0 0 0 0 0 0 0
 42.5699999999997 61.3799999999974 45.2810000000027 46.612000000001 46.1920000000027 71.5619999999981 45.6310000000012 47.2489999999962 45.4779999999955 54.851999999999
 0.597999999999956 0.478000000000065 0.519999999999982 0.330000000000041 0.322999999999979 0.361999999999966 0.0749999999999318 0.342999999999961 0.0540000000000873 0.34699999999998
 43.2039999999979 61.9079999999958 45.8380000000034 46.9780000000028 46.5880000000034 71.9850000000006 45.7419999999984 47.6370000000024 45.5669999999955 55.2429999999877
 0 0 0 0 0 0 0 0 0 0
 0 0 0 0 0 0 0 0 0 0
 18.9439999999959 22.7640000000029 18.7469999999958 18.6919999999955 18.7229999999981 26.5729999999967 19.3769999999931 18.9590000000026 18.7280000000028 26.1200000000026
 0.575000000000045 0.660999999999945 0.599000000000046 0.599000000000046 0.587000000000103 0.766999999999939 0.600999999999999 0.600000000000023 0.599999999999909 0.766000000000076
 19.5390000000043 23.4440000000031 19.3610000000044 19.3089999999938 19.3239999999932 27.3610000000044 19.9940000000061 19.5740000000078 19.3429999999935 26.9070000000065
 0 0 0 0 0 0 0 0 0 0
 0 0 0 0 0 0 0 0 0 0
 117.389999999999 157.932000000001 119.750999999997 120.650999999998 120.759999999995 184.204999999994 121.618000000002 120.989999999998 119.636999999995 149.759000000005
 2.36599999999999 2.48599999999999 2.32400000000007 2.15100000000007 2.12700000000007 2.73400000000004 1.88999999999999 2.13400000000001 1.85700000000008 2.49800000000005
 119.860000000001 160.543999999994 122.172000000006 122.901000000013 123.019 187.090000000011 123.60500000001 123.227000000014 121.589999999997 152.376999999993
 0 0 0 0 0 0 0 0 0 0
 0 0 0 0 0 0 0 0 0 0
 454.487000000001 379.044000000002 357.495999999999 384.483999999997 477.053999999996 387.231 384.938000000002 370.010000000002 405.887999999999 437.839999999997
 8.31399999999996 8.46699999999998 8.32099999999991 7.91599999999994 7.37599999999998 8.38699999999994 5.798 6.01099999999997 5.61299999999994 6.40700000000004
 833.169999999998 810.611000000004 1118.856 921.953999999998 1218.44 1267.77699999999 751.739000000001 704.699999999997 745.561000000002 1011.68000000001
 17336.298 18755.179 11002.416 12432.257 14630.7100000002 13370.656 15526.075 14948.453 15250.6570000001 16002.8779999998
 492.280999999959 630.17300000001 15458.833 9577.48100000003 13513.834 16708.624 1309.51199999999 520.227000000014 492.787000000011 7104.66999999998
