V1 V2 V3 V4 V5 V6 V7 V8 V9 V10
sam 16.4590000000026 15.7909999999974 20.2750000000087 22.2320000000036 19.7360000000044 18.5329999999958 17.2150000000111 17.304999999993 16.1189999999915 15.7100000000064
geode 0 0.00200000000040745 0.00900000000001455 0.0910000000003492 0.166999999999462 0.145000000000437 0.152000000001863 0.218000000000757 0.186000000001513 0.167000000001281
ref 16.4700000000012 15.8060000000114 20.3009999999922 22.3410000000003 19.9210000000021 18.7000000000116 17.3800000000047 17.5359999999928 16.31700000001 15.8899999999849
infog 0 0 0 0 0 0 0 0 0 0
func 0 0 0 0 0 0 0 0 0 0
EFSIS 38.3000000000029 37.2690000000002 2.2609999999986 38.525999999998 50.5840000000026 45.5310000000027 1.79099999999744 51.7390000000014 34.8070000000007 34.2390000000014
 1.55199999999991 1.53699999999981 338.797 1.55000000000109 1.82600000000093 1.54500000000007 340.206999999999 1.86299999999756 1.53600000000006 1.51800000000003
 39.8849999999948 38.8369999999995 579.255000000005 40.1049999999959 52.4650000000111 47.1429999999964 474.074999999997 53.6449999999895 36.3729999999923 35.7850000000035
 0 0 0 0 0 0 0 0 0 0
 0 0 0 0 0 0 0 0 0 0
 70.80799999999 53.0660000000062 0 86.051999999996 70.2449999999953 58.1570000000065 0 74.2070000000094 60.1230000000069 52.403999999995
 1.59400000000005 1.91199999999981 169.919 1.14399999999841 2.0049999999992 1.65899999999965 0 2.34300000000076 2.13799999999901 1.97799999999916
 63.9149999999936 47.9279999999999 65.3139999999985 80.4489999999932 65.0859999999957 52.7700000000041 50.0390000000043 70.7400000000198 56.0489999999991 48.2559999999939
 0 0 0 0 0 0 0 0 0 0
 0 0 0 0 0 0 0 0 0 0
 20.0240000000049 19.6489999999903 0 20.3120000000054 20.5800000000017 20.7169999999896 0 19.9079999999958 18.6640000000043 19.5650000000023
 0.771999999999935 0.764000000000124 0 0.713000000001557 0.889000000001033 0.809999999999491 0 0.822000000000116 0.778000000002066 0.795999999998457
 20.814000000013 20.4279999999999 21.2350000000006 21.0430000000051 21.4839999999967 21.5429999999906 48.5010000000038 20.7469999999739 19.4560000000056 20.3770000000077
 0 0 0 0 0 0 0 0 0 0
 0 0 0 0 0 0 0 0 0 0
 151.141000000003 130.690999999992 22.5360000000073 173.226999999999 166.698000000004 148.339999999997 19.0060000000085 168.315000000002 134.747000000003 126.887000000002
 3.91799999999989 4.23000000000002 508.725 3.53400000000147 4.94800000000032 4.21099999999933 340.359 5.32099999999991 4.70600000000195 4.52200000000084
 146.637000000002 127.935000000012 691.687000000005 170.084000000003 164.577000000005 145.616000000009 595.280000000013 167.900999999983 133.301000000007 125.343999999983
 0 0 0 0 0 0 0 0 0 0
 0 0 0 0 0 0 0 0 0 0
 6730.73999999999 6292.18700000001 4881.66899999999 5347.084 7083.10799999999 5893.947 4769.19899999999 6225.63099999999 6325.537 5775.917
 497.448 1533.128 5579.776 5737.917 533.297999999999 1986.714 4302.707 235.117999999999 231.107 224.825000000001
 6999.20199999999 8138.16499999999 13007.71 13374.937 7449.163 8565.732 11073.994 6151.94700000001 6235.67000000001 5698.70800000001
 0 0 0 0 0 0 0 0 0 0
 0 0 0 0 0 0 0 0 0 0
