V1 V2 V3 V4 V5 V6 V7 V8 V9 V10
sam 24.4070000000065 24.5110000000568 23.4579999999842 23.7209999999031 23.939000000013 24.0969999999506 24.3860000000568 22.8349999999627 22.7949999999255 22.3380000001052
geode 0.304999999993015 0.299999999988358 0.281999999991967 0.279000000009546 0.277000000001863 0.271999999997206 0.271999999997206 0.25 0.244000000006054 0.236000000004424
ref 24.7320000000764 24.8300000000745 23.7580000000307 24.0189999999711 24.234999999986 24.3869999999879 24.6760000000941 23.1030000000028 23.0570000000298 22.5910000000149
infog 0 0 0 0 0 0 0 0 0 0
func 0 0 0 0 0 0 0 0 0 0
EFSIS 36.3950000000186 36.6319999999832 36.1369999999879 36.0270000000019 35.9459999999963 37.0590000000084 35.9510000000009 34.4640000000363 34.6310000000522 34.4259999999776
 1.60500000001048 1.59700000000885 1.5630000000092 1.57600000000093 1.6140000000014 1.58199999999488 1.56600000000617 1.5060000000085 1.55299999999988 3.12799999999697
 38.0289999999804 38.2600000000093 37.7299999999814 37.6310000000522 37.5879999999888 38.6720000000205 37.5469999999041 35.9980000000214 36.2119999999413 37.5850000000792
 0 0 0 0 0 0 0 0 0 0
 0 0 0 0 0 0 0 0 0 0
 51.3000000000466 50.4219999999041 49.814000000013 50.8590000000549 49.1119999999646 48.6500000000233 50.6509999999544 44.9769999999553 51.6139999999432 50.4159999999683
 2.21799999999348 2.32200000000012 2.13099999999395 1.59199999998964 2.12900000000081 2.57500000001164 2.57600000000093 2.59100000000035 2.55000000000291 2.0969999999943
 47.1060000000289 46.3059999999823 45.6210000000428 45.841999999946 44.8730000000214 44.7739999999758 46.7870000000112 41.2419999999693 47.1350000000093 46.2049999999581
 0 0 0 0 0 0 0 0 0 0
 0 0 0 0 0 0 0 0 0 0
 19.7989999999991 19.5670000000391 19.2419999999693 19.6779999999562 19.185999999987 19.637999999919 19.9340000000084 18.7880000000587 20.2199999999721 20.2859999999637
 0.820999999996275 0.807000000000698 0.786000000007334 0.813999999998487 0.786000000007334 0.797999999995227 0.773000000001048 0.764999999999418 0.778999999994994 0.918000000005122
 20.6359999999404 20.3889999999665 20.0439999999944 20.5069999999832 19.9880000000121 20.4520000000484 20.7229999999981 19.5680000000866 21.015000000014 21.2199999999721
 0 0 0 0 0 0 0 0 0 0
 0 0 0 0 0 0 0 0 0 0
 137.403000000049 136.494000000064 133.974999999977 135.765999999945 133.481000000029 134.805999999982 136.261000000057 126.369999999995 134.439999999944 132.686000000103
 5.02700000000186 5.10299999998824 4.83499999999185 4.3350000000064 4.87600000000384 5.28699999999662 5.25599999999395 5.17900000000373 5.18100000001141 6.43300000000454
 136.087999999989 135.227000000072 132.555000000051 133.557999999961 132.055999999982 133.71100000001 135.145000000019 125.288000000059 132.657999999938 132.880000000005
 0 0 0 0 0 0 0 0 0 0
 0 0 0 0 0 0 0 0 0 0
 7577.924 7480.77799999993 7303.799 7481.60900000005 7362.40799999994 7450.62899999996 7308.89599999995 7196.12399999995 7416.82499999995 7210.96899999992
 263.269 252.746000000014 248.887000000002 249.125 257.368000000002 249.809000000008 244.538 252.226999999999 270.625999999989 533.452999999994
 7521.15099999995 7421.42999999993 7241.29099999997 7411.01600000006 7303.92200000002 7373.69299999997 7218.54800000007 7128.745 7357.35800000001 7577.47700000007
 0 0 0 0 0 0 0 0 0 0
 0 0 0 0 0 0 0 0 0 0
