V1 V2 V3 V4 V5 V6 V7 V8 V9 V10
sam 15.6939999999995 16.6080000000002 17.9670000000006 14.976999999999 15.7039999999997 15.4259999999995 18.1909999999989 18.4850000000006 15.4779999999992 15.4220000000005
geode 0.176999999999964 0.0839999999999463 0.0570000000000164 0.0629999999999882 0.116000000000042 0.0240000000000009 0.141999999999996 0.0889999999999986 0.121000000000038 0.0279999999999632
ref 15.9010000000017 16.7050000000017 18.0380000000005 15.0499999999993 15.8319999999985 15.4619999999995 18.3489999999983 18.5910000000003 15.6130000000012 15.461000000003
infog 0 0 0 0 0 0 0 0 0 0
func 0 0 0 0 0 0 0 0 0 0
EFSOS 36.2090000000007 35.6909999999989 45.777 35.5250000000015 34.991 36.6530000000002 47.9680000000008 34.780999999999 34.728000000001 34.0640000000003
EFSIS 1.21000000000004 1.15200000000004 1.322 1.17400000000004 1.19299999999998 1.178 1.37200000000001 1.21700000000004 1.20399999999995 1.22000000000003
 37.4609999999993 36.8709999999992 47.1359999999986 36.7279999999992 36.2120000000032 37.8610000000008 49.3770000000004 36.0249999999978 35.9579999999987 35.3129999999983
 0 0 0 0 0 0 0 0 0 0
 0 0 0 0 0 0 0 0 0 0
 44.5769999999993 41.9220000000005 60.1840000000011 41.9340000000011 48.8230000000003 48.973 58.1859999999997 46.9600000000009 48.3539999999994 47.4850000000006
 0.738 0.827999999999975 0.760999999999967 0.71999999999997 0.67900000000003 0.671999999999969 0.584000000000003 0.635999999999967 0.738 0.704999999999984
 45.3630000000012 42.7919999999976 60.9929999999986 42.6890000000021 49.5419999999976 49.6859999999979 58.8169999999991 47.635000000002 49.130000000001 48.2279999999992
 0 0 0 0 0 0 0 0 0 0
 0 0 0 0 0 0 0 0 0 0
 19.2690000000002 19.1119999999992 25.4559999999983 19.1260000000002 19.2089999999989 19.8960000000006 23.75 19.3109999999997 19.8900000000012 19.402
 0.588999999999999 0.600000000000023 0.66500000000002 0.588999999999999 0.59499999999997 0.602000000000032 0.664999999999964 0.59899999999999 0.597000000000037 0.593000000000018
 19.8739999999998 19.7280000000028 26.1410000000033 19.7309999999998 19.8189999999995 20.5130000000026 24.4330000000009 19.9259999999995 20.5030000000006 20.010000000002
 0 0 0 0 0 0 0 0 0 0
 0 0 0 0 0 0 0 0 0 0
 120.608999999999 118.892 155.182000000001 116.356 123.880999999999 125.872000000001 154.838 124.42 123.448 121.487000000001
 2.72499999999997 2.68299999999999 2.80500000000001 2.55700000000002 2.59400000000005 2.48499999999996 2.76299999999998 2.541 2.67099999999999 2.54599999999999
 123.474000000002 121.677 158.111000000001 119.004000000001 126.574000000001 128.459999999999 157.724999999999 127.063999999998 126.219000000001 124.130000000001
 0 0 0 0 0 0 0 0 0 0
 0 0 0 0 0 0 0 0 0 0
 246.569 289.495999999999 236.787 246.554 239.647000000001 279.535 295.026 237.378000000001 247.433999999999 244.610999999999
 7.79100000000005 8.71299999999997 11.671 8.83299999999997 8.34399999999999 8.33800000000002 12.418 8.10300000000001 7.86100000000005 7.20499999999998
 612.779999999999 836.698 633.968999999997 707.071 796.839 817.504000000001 722.974999999999 556.116000000002 747.788 570.272000000001
 14790.69 16734.349 18154.739 12344.83 11121.502 12657.1200000001 18961.2709999999 14555.171 12685.399 14724.085
 1452.397 6706.50200000001 670.848999999987 5885.20600000001 9233.533 9054.329 671.812000000005 486.311000000016 7098.20799999998 466.974000000017
