V1 V2 V3 V4 V5 V6 V7 V8 V9 V10
sam 16.6169999999984 15.4040000000386 15.2189999999828 16.0580000000191 16.6180000000168 16.0219999999972 15.6749999999884 15.9700000000303 17.3910000000033 17.600999999966
geode 0.150999999998021 0.135999999998603 0.129000000000815 0.131000000001222 0.131000000001222 0.122999999999593 0.114999999997963 0.114000000001397 0.118999999998778 0.117000000005646
ref 16.7819999999483 15.5520000000251 15.3589999999967 16.2039999999688 16.7620000000461 16.1589999999851 15.8059999999823 16.0970000000088 17.524000000034 17.7320000000182
infog 0 0 0 0 0 0 0 0 0 0
func 0 0 0 0 0 0 0 0 0 0
EFSIS 35.9930000000168 35.4010000000126 36.0169999999925 35.524000000034 35.1329999999725 37.1170000000275 34.8929999999818 39.4259999999776 40.7960000000312 35.9510000000009
 1.51900000000023 1.45200000000477 1.4429999999993 1.41100000000006 1.46099999999569 1.47299999999814 1.44000000000233 1.77599999999802 1.77499999999418 1.68699999999808
 37.5410000000265 36.8819999999832 37.4880000000121 36.9619999999995 36.6219999999739 38.6199999999953 36.3600000000442 41.2339999999967 42.6070000000182 37.6670000000158
 0 0 0 0 0 0 0 0 0 0
 0 0 0 0 0 0 0 0 0 0
 60.1419999999925 51.8629999999539 61.2930000000051 53.6529999999912 63.1529999999912 76.0449999999837 52.2580000000307 63.5169999999925 73.5189999999711 56.6320000000414
 1.91100000000006 2.01000000000204 1.79100000000471 1.68699999999808 1.7390000000014 2.00800000000163 1.67399999999907 1.76900000000023 1.94800000000396 1.54999999999563
 55.6919999999809 47.7490000000107 56.5029999999679 48.6039999999921 57.6500000000233 69.7119999999995 47.8119999999763 57.6350000000093 68.0559999999823 50.4829999999492
 0 0 0 0 0 0 0 0 0 0
 0 0 0 0 0 0 0 0 0 0
 18.7540000000154 19.0500000000466 18.8919999999925 18.9309999999823 19.8070000000298 20.0929999999935 19.5200000000186 20.859999999986 20.064000000013 18.9009999999544
 0.75800000000163 0.742999999994936 0.733000000000175 0.726000000002387 0.739000000001397 0.786000000000058 0.73399999999674 0.908999999999651 0.875 0.865000000005239
 19.5290000000386 19.8069999999716 19.640000000014 19.6739999999991 20.5639999999548 20.8960000000079 20.2689999999711 21.786999999953 20.9550000000163 19.7820000000065
 0 0 0 0 0 0 0 0 0 0
 0 0 0 0 0 0 0 0 0 0
 136.561000000016 126.760000000009 136.625 129.187000000034 140.133000000031 154.79700000002 127.569000000018 144.728999999992 156.900000000023 133.789999999979
 4.39799999999377 4.38500000000204 4.14900000000489 3.99599999999919 4.11299999999756 4.44200000000274 4.01199999999517 4.60300000000279 4.75199999999313 4.26299999999901
 134.663 125.081000000006 134.252999999968 126.510000000009 137.065999999992 150.963999999978 125.523999999976 141.747999999963 154.311000000045 130.416000000027
 0 0 0 0 0 0 0 0 0 0
 0 0 0 0 0 0 0 0 0 0
 5978.82200000001 6014.58300000004 6070.21899999998 6326.685 6627.72899999999 6348.98699999996 6399.647 6535.78500000003 6254.973 6207.522
 219.606000000007 212.839 211.271000000001 212.993999999999 215.790000000001 214.100999999995 207.669000000002 215.846999999994 214.333000000006 210.758000000002
 5874.723 5915.005 5967.06900000002 6205.35399999999 6495.57300000003 6209.179 6292.90600000002 6402.413 6131.32399999996 6088.77599999995
 0 0 0 0 0 0 0 0 0 0
 0 0 0 0 0 0 0 0 0 0
