V1 V2 V3 V4 V5 V6 V7 V8 V9 V10
sam 23.9569999999949 24.4049999999988 25.1349999999802 26.4610000000102 26.4899999999907 26.9670000000042 25.6059999999707 22.4919999999693 21.5480000000098 21.9290000000037
geode 0.216999999996915 0.238000000004831 0.40400000000227 0.597999999998137 0.577999999994063 0.56600000000617 0.517999999996391 0.480000000010477 0.445999999996275 0.44100000000617
ref 24.1919999999809 24.6610000000219 25.5590000000084 27.0809999999474 27.0890000000363 27.5560000000405 26.1440000000293 22.9890000000014 22.0100000000093 22.3870000000461
infog 0 0 0 0 0 0 0 0 0 0
func 0 0 0 0 0 0 0 0 0 0
EFSIS 35.5400000000081 1.75999999998021 3.10300000000279 15.2589999999909 38.0219999999972 39.9599999999919 37.5769999999902 35.1689999999944 35.420999999973 33.5840000000317
 1.46700000000419 373.434999999998 258.507999999994 311.256999999998 2.02500000000873 1.99499999999534 2.17200000000594 1.87099999999919 1.88300000000163 1.7780000000057
 37.0360000000219 541.723999999987 366.282999999996 481.367000000027 40.0789999999688 41.9880000000121 39.7799999999697 37.0679999999702 37.3339999999735 35.3899999999558
 0 0 0 0 0 0 0 0 0 0
 0 0 0 0 0 0 0 0 0 0
 51.6209999999846 0 11.5890000000072 0 53.3099999999977 62.8450000000012 69.8070000000298 45.3950000000186 47.2719999999972 45.60699999996
 2.01199999999517 0 27.7050000000017 49.8549999999959 2.38999999999942 2.38900000001013 2.34999999999127 2.37299999999232 2.45600000000559 2.46199999999953
 46.7799999999697 56.4789999999921 46.9619999999995 49.8730000000214 48.7629999999772 58.4839999999967 65.1600000000326 42.414999999979 43.9470000000438 42.3209999999963
 0 0 0 0 0 0 0 0 0 0
 0 0 0 0 0 0 0 0 0 0
 19.3969999999972 0 12.8559999999998 19.3800000000047 20.2300000000105 20.2550000000047 20.210000000021 18.6620000000112 19.7290000000503 19.0499999999884
 0.747999999999593 197.017 62.9579999999987 3.49599999999919 0.987999999997555 0.969999999986612 1.11699999999837 0.951000000000931 0.958999999988009 0.939999999987776
 20.1600000000326 275.640000000014 137.107000000018 22.9549999999581 21.2350000000442 21.2419999999693 21.3420000000042 19.6279999999679 20.7039999999688 20.0050000000047
 0 0 0 0 0 0 0 0 0 0
 0 0 0 0 0 0 0 0 0 0
 135.75 26.164999999979 52.68299999999 67.1040000000212 143.881999999983 154.997999999992 158.468999999983 126.938999999955 129.145000000019 125.271000000008
 4.50099999999657 570.690000000002 383.783000000003 365.352999999988 6.11800000000221 6.02400000000489 6.27700000000186 5.7960000000021 5.86099999998987 5.73399999999674
 133.463999999978 903.809999999998 582.166000000027 587.430999999982 143.136999999988 154.347999999998 157.820000000007 127.445999999996 129.291000000027 125.321000000054
 0 0 0 0 0 0 0 0 0 0
 0 0 0 0 0 0 0 0 0 0
 5344.72899999999 1020.815 2812.63800000001 7076.25999999998 6955.20199999999 7282.15200000003 5607.59399999998 5931.94 5989.79999999999 5933.47100000002
 2487.183 13085.75 12964.765 304.699000000008 300.231999999989 305.481 4548.993 275.197 287.138000000006 277.012000000002
 8846.85200000001 21496.738 22864.431 7049.84600000002 6925.40400000004 7243.74700000003 11935.865 5907.28499999997 5985.34899999999 5913.07299999997
 0 0 0 0 0 0 0 0 0 0
 0 0 0 0 0 0 0 0 0 0
