V1 V2 V3 V4 V5 V6 V7 V8 V9 V10
sam 18.296 18.1530000000002 28.4830000000002 20.1959999999999 18.905999999999 29.3640000000014 18.4520000000048 15.4130000000005 16.3440000000046 0
geode 0.134 0 0.00200000000000955 0.23700000000008 0.152000000000044 0.362999999999374 0.283999999999651 0.248999999999796 0.226000000000568 0
ref 18.444 18.1670000000013 32.8799999999974 20.4489999999969 19.073000000004 29.8139999999985 18.7549999999974 15.6749999999884 16.5829999999987 18.8139999999985
infog 0 0 0 0 0 0 0 0 0 0
func 0 0 0 0 0 0 0 0 0 0
EFSIS 38.111 43.8320000000003 77.9959999999992 49.8510000000024 36.6000000000022 86.7839999999997 46.0400000000009 35.1840000000011 38.6739999999991 0
 1.238 1.26599999999999 1.30099999999999 1.80000000000018 1.78600000000006 2.38400000000001 1.99699999999939 1.71800000000076 3.11000000000058 211.304999999997
 39.383 45.1330000000016 86.3700000000026 51.6930000000029 38.4150000000009 89.336000000003 48.0800000000017 36.9320000000007 41.8179999999993 378.346000000005
 0 0 0 0 0 0 0 0 0 0
 0 0 0 0 0 0 0 0 0 0
 69.361 75.3600000000006 77.3089999999975 71.5229999999974 60.6649999999972 96.1789999999964 71.3899999999994 49.239999999998 67.2779999999984 0
 4.396 0.964000000000027 1.34100000000001 1.92100000000028 1.54199999999946 2.08300000000054 2.1880000000001 1.87099999999919 2.04500000000007 64.997000000003
 66.136 70.2419999999984 73.1090000000004 66.5249999999978 55.5319999999992 90.1269999999931 67.4419999999955 45.6150000000052 63.1570000000065 89.801999999996
 0 0 0 0 0 0 0 0 0 0
 0 0 0 0 0 0 0 0 0 0
 25.838 23.9510000000009 32.7620000000024 22.2450000000026 22.9370000000017 34.3610000000044 20.0409999999974 19.2480000000069 19.8159999999989 0
 0 0.607999999999976 0.786000000000001 0.859999999999673 0.759000000000015 1.12699999999859 0.867000000000189 0.867000000000189 0.863999999999578 75.3619999999974
 25.86 24.6040000000012 35.4909999999982 23.125 23.7180000000008 35.5200000000041 20.9380000000019 20.1309999999939 20.6970000000001 164.111999999994
 0 0 0 0 0 0 0 0 0 0
 0 0 0 0 0 0 0 0 0 0
 157.625 166.438 223.966999999997 170.689000000002 144.256000000001 258.218000000001 160.839 124.259000000005 147.158000000003 0
 5.768 2.84900000000002 3.45000000000005 4.89800000000014 4.28899999999976 6.11299999999937 5.40999999999985 4.79899999999907 6.31500000000051 389.189999999999
 155.847 163.303 236.612999999998 168.752999999997 141.939000000006 256.491999999998 160.208999999995 123.623999999996 147.376000000004 656.274999999994
 0 0 0 0 0 0 0 0 0 0
 0 0 0 0 0 0 0 0 0 0
 8755.711 8470.154 6433.689 7009.948 6797.553 6660.283 6102.968 5822.374 3071.5 5159.12899999999
 153.636 153.738 4734.747 270.581 2936.18 2472.231 1827.483 324.079000000002 12794.59 11313.901
 8575.595 8930.97 13237.326 6972.373 10731.975 10053.147 8493.806 5852.962 22079.857 22828.414
 0 0 0 0 0 0 0 0 0 0
 0 0 0 0 0 0 0 0 0 0
