V1 V2 V3 V4 V5 V6 V7 V8 V9 V10
sam 33.178 23.3239999999996 23.3629999999994 22.8769999999968 24.0399999999972 23.4130000000005 23.4680000000008 22.8309999999983 23.5760000000009 21.471000000005
geode 0.431 0 0 0 0.00200000000006639 0 0 0 0 0
ref 33.655 23.3429999999998 23.3799999999992 22.8940000000002 24.0589999999975 23.4320000000007 23.4859999999971 22.8499999999985 23.5939999999973 21.4869999999937
infog 0 0 0 0 0 0 0 0 0 0
func 0 0 0 0 0 0 0 0 0 0
EFSIS 42.203 35.8010000000004 35.8450000000012 35.9140000000007 38.2220000000016 37.1620000000003 36.2050000000017 35.1450000000041 35.1929999999993 34.2160000000003
 1.195 1.22499999999999 1.20799999999997 1.14999999999998 1.19999999999993 1.21799999999996 1.20299999999997 1.21799999999985 1.20099999999979 1.17200000000003
 43.835 37.0529999999999 37.0849999999991 37.0920000000006 39.4550000000017 38.4099999999999 37.4360000000015 36.3910000000033 36.4230000000025 35.4180000000051
 0 0 0 0 0 0 0 0 0 0
 0 0 0 0 0 0 0 0 0 0
 55.708 50.5869999999995 48.0739999999987 48.4570000000022 48.7160000000003 48.393 47.6039999999994 48.775999999998 48.6960000000036 46.5349999999962
 5.553 1.64499999999998 1.25 1.85500000000002 1.74400000000003 1.95500000000004 1.64099999999985 1.57000000000016 1.327 1.28499999999985
 55.11 46.1179999999995 43.9820000000018 44.4840000000004 44.8289999999979 44.6189999999988 43.8550000000032 44.5439999999944 44.2669999999998 41.8609999999971
 0 0 0 0 0 0 0 0 0 0
 0 0 0 0 0 0 0 0 0 0
 21.079 20.1400000000003 20.9210000000003 19.2559999999976 19.2920000000013 19.9409999999989 19.3300000000017 19.1829999999973 19.9199999999983 20.1860000000015
 0 0.600000000000023 0.615000000000009 0.597999999999956 0.594000000000051 0.610000000000014 0.600000000000136 0.591999999999871 0.626000000000204 0.604000000000042
 21.095 20.7560000000003 21.5519999999997 19.8689999999988 19.9020000000019 20.5659999999989 19.9459999999963 19.7890000000043 20.5619999999981 20.8059999999969
 0 0 0 0 0 0 0 0 0 0
 0 0 0 0 0 0 0 0 0 0
 157.447 135.211 133.228999999999 131.664999999997 135.621999999999 134.011000000002 131.609000000004 131.205000000002 132.789000000004 127.537000000004
 7.179 3.47999999999999 3.08299999999997 3.60299999999995 3.55100000000004 3.78399999999999 3.44399999999996 3.38999999999987 3.16399999999999 3.07099999999991
 158.979 132.643999999999 131.039999999999 129.505000000001 133.610999999997 132.134999999998 129.729000000007 128.858 130.263999999996 124.714
 0 0 0 0 0 0 0 0 0 0
 0 0 0 0 0 0 0 0 0 0
 6493.7 6232.098 5951.724 6036.143 6034.546 6116.088 6001.836 5970.92 6029.35999999999 5894.539
 172.159 170.521 170.577 171.35 175.186 170.174 169.962 169.348 173.186 169.904
 6363.123 6110.481 5843.418 5932.783 5934.452 5991.227 5873.158 5852.825 5907.74000000001 5771.80899999999
 0 0 0 0 0 0 0 0 0 0
 0 0 0 0 0 0 0 0 0 0
