V1 V2 V3 V4 V5 V6 V7 V8 V9 V10
sam 15.570000000007 14.2449999999953 16.1730000000098 14.3340000000026 15.2180000000226 28.9619999999995 19.0250000000233 15.7280000000028 15.372000000003 27.1419999999925
geode 0.0859999999993306 0.0760000000009313 0.0819999999985157 0.069999999999709 0.069999999999709 0.127999999996973 0.0779999999977008 0.0610000000015134 0.0590000000011059 0.0980000000017753
ref 15.6699999999837 14.3330000000133 16.2680000000109 14.4159999999974 15.3000000000175 29.1119999999937 19.1190000000061 15.801999999996 15.445000000007 27.2630000000354
infog 0 0 0 0 0 0 0 0 0 0
func 0 0 0 0 0 0 0 0 0 0
EFSIS 35.4409999999916 35.4739999999874 35.4210000000021 35.3410000000149 34.5769999999902 135.899000000005 46.6289999999863 34.4219999999914 34.6259999999893 68.2520000000077
 1.34000000000015 1.37099999999919 1.33200000000215 1.3279999999977 1.34500000000116 2.39900000000125 1.43400000000111 1.28600000000006 1.27799999999843 1.78299999999945
 36.8090000000084 36.8729999999923 36.7819999999774 36.6960000000254 35.9510000000009 138.410999999993 48.0999999999767 35.7369999999937 35.9309999999823 71.5029999999679
 0 0 0 0 0 0 0 0 0 0
 0 0 0 0 0 0 0 0 0 0
 53.7570000000123 43.8400000000256 51.8159999999916 44.7109999999811 52.2030000000086 135.400999999983 90.207000000024 50.7600000000093 53.2400000000198 77.8459999999905
 2.19900000000052 1.90300000000207 2.02599999999802 1.75 1.98600000000079 1.80600000000049 1.40899999999965 1.84000000000015 2.01000000000204 1.18799999999828
 49.25 39.4890000000014 47.5570000000007 40.1549999999988 48.1069999999891 120.556000000011 82.2410000000091 46.2250000000058 47.9180000000051 73.4160000000265
 0 0 0 0 0 0 0 0 0 0
 0 0 0 0 0 0 0 0 0 0
 18.5799999999872 19.0849999999919 18.6700000000128 18.3859999999986 19.1759999999776 25.4470000000147 21.3769999999786 18.7149999999965 18.8690000000061 37.085000000021
 0.66899999999805 0.697000000000116 0.658000000003085 0.681000000000495 0.681999999997061 1.04699999999866 0.689000000002125 0.657999999999447 0.648999999997613 0.888000000002648
 19.2630000000063 19.7980000000098 19.3440000000119 19.0830000000133 19.872000000003 26.515000000014 22.0830000000133 19.3880000000063 19.5329999999958 38.0279999999912
 0 0 0 0 0 0 0 0 0 0
 0 0 0 0 0 0 0 0 0 0
 129.023000000016 117.342000000004 127.128000000026 117.361000000004 126.687999999995 334.709000000003 182.789000000019 124.686000000016 127.058000000019 217.960999999981
 4.33699999999953 4.08300000000236 4.1239999999998 3.86099999999715 4.11899999999878 5.41899999999805 3.64500000000044 3.8739999999998 4.02400000000125 3.98400000000038
 126.714999999997 115.231 125.02900000001 114.975000000006 124.784000000014 323.640000000014 177.131999999983 122.247000000003 123.809000000008 217.878000000026
 0 0 0 0 0 0 0 0 0 0
 0 0 0 0 0 0 0 0 0 0
 5599.58799999999 5730.64499999999 5677.73499999999 5464.29499999998 6642.23300000001 8720.899 9117.356 5779.53899999999 6720.845 7335.5
 199.764999999999 201.745999999999 196.745999999999 194.634000000002 195.101000000002 209.405999999999 195.145999999997 194.476000000002 197.489999999998 1970.152
 5485.976 5623.45200000002 5570.53699999998 5355.753 6497.97399999999 8467.27499999999 8824.69600000003 5640.59699999998 6722.22200000001 10378.324
 0 0 0 0 0 0 0 0 0 0
 0 0 0 0 0 0 0 0 0 0
