V1 V2 V3 V4 V5 V6 V7 V8 V9 V10
sam 14.991 18.2219999999998 19.9979999999996 15.3170000000009 15.5969999999998 15.723 14.7360000000008 14.6830000000009 18.3220000000001 15.4209999999985
geode 0.0249999999999773 0.0709999999999695 0.133999999999958 0.0740000000000123 0.0840000000000032 0.0740000000000123 0.00499999999999545 0.0269999999999868 0.0939999999999941 0.0850000000000364
ref 15.0290000000023 18.3070000000007 20.1500000000015 15.4029999999984 15.6929999999993 15.8110000000015 14.7530000000006 14.7230000000054 18.4289999999964 15.5179999999964
infog 0 0 0 0 0 0 0 0 0 0
func 0 0 0 0 0 0 0 0 0 0
EFSOS 35.5300000000007 45.375 45.7260000000006 35.4869999999992 34.8739999999998 36.8199999999997 34.7739999999994 34.7129999999997 41.3049999999985 34.0960000000014
EFSIS 1.14100000000002 1.32800000000003 1.339 1.20099999999996 1.21000000000004 1.23000000000002 1.178 1.154 1.26999999999998 1.17199999999997
 36.6989999999969 46.7409999999982 47.1009999999987 36.7160000000003 36.1130000000012 38.0779999999977 35.9779999999992 35.8949999999968 42.6100000000006 35.2980000000025
 0 0 0 0 0 0 0 0 0 0
 0 0 0 0 0 0 0 0 0 0
 42.7129999999997 58.0200000000004 58.5290000000005 49.1630000000005 49.1100000000006 46.8460000000014 41.4210000000003 40.0830000000005 60.005000000001 47.375
 0.663999999999987 0.796999999999969 0.773000000000025 0.588999999999999 0.664999999999964 0.711999999999989 0.807000000000016 0.65500000000003 0.732000000000028 0.703000000000031
 43.4130000000005 58.8630000000012 59.3489999999983 49.7920000000013 49.8150000000023 47.5970000000016 42.2630000000026 40.7710000000006 60.7860000000001 48.1160000000018
 0 0 0 0 0 0 0 0 0 0
 0 0 0 0 0 0 0 0 0 0
 19.3299999999999 23.6939999999995 24.8680000000004 20.1589999999997 19.7160000000003 19.982 19.0490000000009 19.6279999999988 23.241 19.2709999999988
 0.591000000000008 0 0.738999999999976 0.599000000000046 0.597000000000037 0.59699999999998 0.58299999999997 0.579999999999984 0.658999999999992 0.593999999999994
 19.9350000000013 23.7129999999997 25.6270000000004 20.7739999999976 20.3299999999981 20.594000000001 19.645999999997 20.2229999999981 23.9179999999978 19.8819999999978
 0 0 0 0 0 0 0 0 0 0
 0 0 0 0 0 0 0 0 0 0
 117.354000000001 151.228999999999 154.878000000001 125.047 124.348 124.825000000001 114.792000000001 114.709000000001 148.906999999999 121.261999999999
 2.42099999999999 2.19599999999997 3.00299999999999 2.46300000000002 2.55600000000004 2.625 2.584 2.43000000000001 2.77100000000002 2.55400000000003
 119.870000000003 153.544999999998 158.007999999998 127.609999999997 127.005000000001 127.552 117.468000000001 117.234000000004 151.795999999995 123.913
 0 0 0 0 0 0 0 0 0 0
 0 0 0 0 0 0 0 0 0 0
 280.742 291.063 244.924999999999 250.091 254.018 240.115 245.66 306.718999999999 247.698 249.312
 6.85000000000002 9.08500000000004 8.44499999999999 7.82399999999996 8.27999999999997 8.03300000000002 7.76299999999998 18.644 10.086 7.65699999999998
 632.864999999998 876.718000000001 798.795000000002 578.292000000001 685.766 595.853999999999 874.205000000002 1655.682 953.015999999996 581.159999999996
 15586.465 15162.137 12816.878 15184.378 12784.267 14786.107 11782.058 26740.893 11600.247 14780.1
 532.904999999999 7848.753 8257.019 501.840999999986 4699.01000000001 1175.65599999999 11250.605 22461.374 12462.862 565.491999999998
