V1 V2 V3 V4 V5 V6 V7 V8 V9 V10
sam 15.5030000000261 16.2849999999744 16.4270000000251 15.4839999999967 16.4409999999916 15.8030000000144 15.4959999999846 16.6639999999898 18.4399999999441 18.6589999999851
geode 0.100999999995111 0.102000000006228 0.0999999999985448 0.092000000004191 0.0950000000011642 0.0910000000003492 0.0910000000003492 0.116000000001804 0.153000000005704 0.150000000001455
ref 15.6170000000275 16.3999999999651 16.539999999979 15.5879999999888 16.5499999999884 15.9060000000172 15.5999999999767 16.7930000000051 18.6080000000075 18.8239999999641
infog 0 0 0 0 0 0 0 0 0 0
func 0 0 0 0 0 0 0 0 0 0
EFSIS 37.6049999999814 35.9910000000382 40.7110000000102 37.2789999999804 37.1510000000126 29.3420000000042 28.3919999999925 3.36200000002282 43.0860000000102 12.6809999999823
 1.71399999999994 1.46499999999651 1.46899999999732 1.6929999999993 1.71600000000035 55.6399999999994 47.2289999999994 185.589999999997 1.67700000000332 70.0509999999995
 39.3519999999553 37.4860000000335 42.2140000000363 39.0030000000261 38.8969999999972 99.7519999999786 102.635999999999 311.330000000016 44.8539999999921 120.446999999986
 0 0 0 0 0 0 0 0 0 0
 0 0 0 0 0 0 0 0 0 0
 56.0570000000298 60.0250000000233 59.0899999999674 62.7939999999944 66.2329999999492 38.4029999999912 38.564000000013 16.2039999999688 59.6300000000047 63.3879999999772
 1.86000000000058 1.87800000000425 1.65800000000309 1.62799999999697 1.79499999999825 1.68800000000192 14.6440000000002 46.5190000000002 1.60299999999552 1.29699999999866
 49.7570000000414 54.6469999999972 53.1759999999776 57.4619999999995 60.4130000000005 48.625 47.7079999999842 72.695000000007 54.5059999999939 58.4100000000326
 0 0 0 0 0 0 0 0 0 0
 0 0 0 0 0 0 0 0 0 0
 18.9309999999823 19.3789999999572 19.0109999999986 19.6440000000293 19.6280000000261 19.5569999999716 20.9969999999739 22.5920000000042 22.9440000000177 21.6080000000075
 0.841000000000349 0.72899999999936 0.694999999999709 0.88799999999901 0.855999999999767 0.745999999999185 0.862999999997555 41.2839999999997 0.948000000003958 0.900000000001455
 19.8849999999511 20.1240000000107 19.7250000000349 20.5480000000098 20.5 20.3190000000177 21.8759999999893 77.9039999999804 23.9120000000112 22.5249999999651
 0 0 0 0 0 0 0 0 0 0
 0 0 0 0 0 0 0 0 0 0
 132.779000000039 136.799999999988 140.607000000018 140.809999999998 144.82699999999 108.286000000022 108.972000000009 58.8219999999856 150.875999999989 123.31799999997
 4.55899999999383 4.20600000000559 3.96600000000035 4.33400000000256 4.49299999999494 58.2040000000052 62.8719999999958 273.508999999998 4.45400000000518 72.4709999999977
 129.338999999978 133.811999999976 137.070000000007 138.248000000021 141.76999999996 189.826000000001 193.392999999982 484.550999999978 148.733999999997 227.267999999982
 0 0 0 0 0 0 0 0 0 0
 0 0 0 0 0 0 0 0 0 0
 6322.304 6269.72899999999 5931.53000000003 6247.29399999999 6296.01699999999 6009.52399999998 4885.74299999996 4597.18400000001 7353.01299999998 5877.74699999997
 205.558000000005 209.983999999997 205.360000000001 215.277999999998 436.978000000003 1358.686 5074.24600000001 6331.739 250.175999999999 2170.06500000001
 6162.04800000001 6134.36700000003 5796.04699999996 6094.56699999998 6540.29399999999 7724.679 12327.721 13641.3050000001 7271.49300000002 8892.61099999998
 0 0 0 0 0 0 0 0 0 0
 0 0 0 0 0 0 0 0 0 0
