V1 V2 V3 V4 V5 V6 V7 V8 V9 V10
sam 22.1120000000228 21.8130000000237 22.9629999999888 22.2509999999893 22.8079999999609 23.1089999999967 22.1209999999846 21.6539999999804 22.9729999999981 22.3470000000088
geode 0.430999999996857 0.478000000002794 0.585999999995693 0.5509999999922 0.548999999999069 0.540999999997439 0.505000000004657 0.480999999999767 0.497000000003027 0.470000000001164
ref 22.5610000000452 22.3069999999716 23.5680000000284 22.820000000007 23.3740000000107 23.6689999999944 22.6429999999818 22.1510000000126 23.4880000000121 22.8349999999627
infog 0 0 0 0 0 0 0 0 0 0
func 0 0 0 0 0 0 0 0 0 0
EFSIS 35.7679999999818 17.5520000000251 37.2719999999972 36.4219999999623 36.5580000000191 36.0890000000363 34.0310000000172 34.0769999999902 34.3100000000559 34.0740000000224
 1.83800000000338 883.009999999995 2.30900000000838 2.03600000000733 2.21600000000035 1.96199999999953 1.86199999999371 1.85299999998824 1.81999999999243 1.92600000000675
 37.6350000000093 1237.16700000002 39.6130000000121 38.4890000000014 38.8069999999716 38.079000000027 35.920999999973 35.960000000021 36.1579999999958 36.0279999999912
 0 0 0 0 0 0 0 0 0 0
 0 0 0 0 0 0 0 0 0 0
 48.2920000000158 0 48.1879999999655 48.820000000007 49.1170000000275 47.6299999999464 46.7700000000186 46.804999999993 50.289999999979 47.3169999999809
 2.61799999998766 0 2.74599999999919 2.6820000000007 2.56399999999849 2.64699999999721 2.5789999999979 2.30299999999988 2.41999999999825 2.31999999999243
 44.5339999999851 44.8879999999772 44.6179999999586 44.835000000021 45.3160000000498 43.2390000000014 42.6010000000242 42.24099999998 45.7370000000228 42.6800000000512
 0 0 0 0 0 0 0 0 0 0
 0 0 0 0 0 0 0 0 0 0
 20.3479999999981 0 20.2900000000373 19.6500000000233 18.814000000013 19.7570000000414 18.9439999999595 19.3640000000014 18.600999999966 19.7520000000368
 0.965000000011059 0 1.16199999999662 1.05400000000373 1.04300000000512 1.01200000000244 0.986000000004424 0.978000000002794 0.9490000000078 0.975999999995111
 21.3289999999688 20.5680000000284 21.4670000000042 20.7199999999721 19.8719999999739 20.7849999999744 19.9440000000177 20.3570000000182 19.5650000000023 20.7439999999478
 0 0 0 0 0 0 0 0 0 0
 0 0 0 0 0 0 0 0 0 0
 131.531000000017 39.3650000000489 133.956999999995 132.334999999963 132.372999999963 131.666000000027 127.010000000009 126.979999999981 131.373000000021 128.575000000012
 5.94999999999709 883.487999999998 6.93700000000536 6.46299999998882 6.49400000000605 6.28100000000268 6.05800000000454 5.72699999999895 5.8070000000007 5.79899999999907
 131.17200000002 1330.234 134.647999999986 132.200000000012 132.570999999996 130.976000000024 126.382999999973 125.90399999998 130.271999999997 127.483000000007
 0 0 0 0 0 0 0 0 0 0
 0 0 0 0 0 0 0 0 0 0
 4138.37400000001 3272.625 6133.09599999996 6172.05000000005 6074.109 6095.848 5985.712 5917.55900000001 6183.33199999999 6000.24200000003
 7504.497 8342.52 323.337999999989 321.987000000008 309.739999999991 301.034999999989 290.766999999993 278.471999999994 289.490000000005 298.491000000009
 14873.041 15946.858 6138.15700000001 6170.29600000003 6055.15100000001 6046.06199999998 5937.79599999997 5862.52100000001 6129.96299999999 5958.04199999996
 0 0 0 0 0 0 0 0 0 0
 0 0 0 0 0 0 0 0 0 0
