V1 V2 V3 V4 V5 V6 V7 V8 V9 V10
sam 15.75 15.7209999999995 15.5320000000029 18.1889999999985 20.0370000000003 15.4969999999994 15.5849999999991 15.4410000000025 15.5380000000005 21.3770000000004
geode 0.117999999999995 0.109000000000037 0.0609999999999218 0.110000000000014 0.0589999999999691 0 0.0639999999999645 0.0430000000000064 0.0589999999999691 0.0679999999999836
ref 15.8809999999939 15.8410000000003 15.6039999999994 18.3120000000054 20.112000000001 15.5090000000055 15.6599999999962 15.4959999999992 15.6100000000006 21.4599999999991
infog 0 0 0 0 0 0 0 0 0 0
func 0 0 0 0 0 0 0 0 0 0
EFSOS 35.8359999999993 35.5190000000002 35.494999999999 51.5509999999995 48.0020000000004 36.6929999999993 34.7700000000004 34.9879999999976 38.1169999999984 55.0729999999967
EFSIS 1.18700000000001 1.18399999999997 1.20699999999999 1.56299999999999 1.31900000000007 1.18700000000001 1.18799999999999 1.18700000000001 1.25300000000004 1.53300000000002
 37.0509999999995 36.7330000000002 36.7320000000036 53.1549999999988 49.3600000000006 37.9089999999997 35.987000000001 36.2029999999941 39.3999999999942 56.6510000000053
 0 0 0 0 0 0 0 0 0 0
 0 0 0 0 0 0 0 0 0 0
 42.1000000000004 47.3730000000014 48.3319999999985 66.3379999999997 60.0519999999997 48.7990000000027 48.5540000000001 47.0889999999999 47.1229999999996 69
 0.632000000000005 0.530999999999949 0.705000000000041 0.825000000000045 0.798000000000002 0.772000000000048 0.836000000000013 0.661999999999921 0.744000000000028 0.908999999999992
 42.7669999999998 47.9440000000031 49.0760000000009 67.2180000000008 60.8989999999976 49.6109999999971 49.4300000000003 47.7900000000009 47.9070000000065 69.9660000000003
 0 0 0 0 0 0 0 0 0 0
 0 0 0 0 0 0 0 0 0 0
 19.3400000000001 20.1329999999998 19.3790000000008 23.5210000000006 21.1749999999993 19.262999999999 19.2060000000019 19.3220000000001 19.1670000000013 25.8260000000009
 0.591999999999985 0.599000000000046 0.59800000000007 0.727999999999952 0.66599999999994 0.596000000000004 0.598999999999933 0.591999999999985 0.605999999999995 0.658000000000015
 19.948000000004 20.7479999999996 19.9909999999945 24.2679999999964 21.8580000000002 19.8740000000034 19.8190000000031 19.9300000000003 19.7860000000001 26.5039999999935
 0 0 0 0 0 0 0 0 0 0
 0 0 0 0 0 0 0 0 0 0
 117.844000000001 123.698 123.852000000003 165.339 157.043000000001 125.213 123.278999999999 122.058000000001 125.042999999998 177.152999999998
 2.529 2.423 2.58199999999999 3.226 2.88199999999995 2.57100000000003 2.69599999999991 2.495 2.68299999999999 3.16800000000001
 120.467999999993 126.220999999998 126.533000000003 168.698000000004 160.053 127.884000000005 126.074000000001 124.651999999995 127.826999999997 180.462999999996
 0 0 0 0 0 0 0 0 0 0
 0 0 0 0 0 0 0 0 0 0
 251.666999999999 258.166999999999 299.014999999999 297.132999999998 256.284 254.099999999999 258.222000000002 260.942999999999 295.477000000003 301.775000000001
 7.64100000000002 6.74900000000002 6.61599999999999 9.327 9.495 15.0500000000001 7.35300000000007 7.19399999999996 8.17500000000007 11.567
 584.643000000004 589.994000000006 678.714999999997 741.008999999998 933.358 1316.553 588.772999999994 573.789000000004 614.987000000001 711.942999999999
 14827.959 15387.981 17228.298 19897.093 12464.7710000001 26213.855 14737.9199999999 14072.515 14534.9620000001 18582.378
 525.380999999994 501.513999999996 540.921000000002 712.489000000001 12112.955 16462.101 625.065000000002 532.892999999982 518.123000000021 640.380000000005
