V1 V2 V3 V4 V5 V6 V7 V8 V9 V10
sam 15.6970000000147 15.9760000000242 16.7839999999851 46.7870000000112 23.3859999999986 20.3040000000037 27.5920000000042 25.3850000000093 25.3890000000247 19.1769999999669
geode 0.0619999999980791 0.0609999999978754 0.0739999999968859 0.254000000000815 0.131000000001222 0.149999999994179 0.230000000003201 0.205999999998312 0.194999999999709 0.139999999999418
ref 15.7710000000079 16.0509999999776 16.8719999999739 47.0820000000531 23.5360000000219 20.4729999999981 27.8459999999614 25.6109999999753 25.6070000000182 19.3320000000531
infog 0 0 0 0 0 0 0 0 0 0
func 0 0 0 0 0 0 0 0 0 0
EFSIS 36.4619999999995 36.4579999999842 38.2580000000307 358.620000000054 152.456999999995 87.524000000034 72.2609999999986 147.550999999978 160.949999999953 46.8439999999828
 1.53499999999985 1.32800000000134 1.51700000000346 4.54400000000169 2.62999999999738 2.64300000000367 692.362000000001 3.02799999999843 3.76000000000204 2.30500000000029
 38.0259999999544 37.8129999999655 39.8040000000037 363.462999999989 155.249000000011 90.2430000000168 987.032000000007 150.723999999987 164.879999999946 49.1919999999809
 0 0 0 0 0 0 0 0 0 0
 0 0 0 0 0 0 0 0 0 0
 54.5109999999986 53.7160000000149 60.7029999999795 293.679999999993 133.726000000024 132.723999999987 0 129.015000000014 142.304000000004 108.287000000011
 1.64900000000125 1.88999999999942 1.61099999999715 3.05500000000029 2.16400000000431 1.97499999999854 0 2.24700000000303 2.45100000000093 2.15899999999965
 49.0799999999581 49.1980000000331 56.4899999999907 275.864000000001 121.244000000006 119.943000000028 125.63400000002 115.532000000007 128.076000000001 94.9429999999702
 0 0 0 0 0 0 0 0 0 0
 0 0 0 0 0 0 0 0 0 0
 19.2759999999835 18.6639999999898 20.0690000000177 23.85699999996 21.2829999999958 25.375 0 23.6439999999711 32.2559999999939 23.25900000002
 0.777000000001863 0.794000000001688 0.687000000001717 1.32400000000052 1.00200000000041 1.33299999999872 0 1.17799999999988 1.65000000000146 1.28399999999965
 20.0670000000391 19.4749999999767 20.7700000000186 25.2029999999795 22.3040000000037 26.73199999996 23.7129999999888 24.8459999999614 33.9379999999655 24.564000000013
 0 0 0 0 0 0 0 0 0 0
 0 0 0 0 0 0 0 0 0 0
 131.820999999996 129.988000000012 140.97000000003 735.347000000009 337.670000000042 272.234999999986 99.8530000000028 332.736999999965 367.855999999971 204.879999999946
 4.05900000000111 4.10499999999956 3.92099999999846 9.26699999999983 5.98399999999674 6.14799999999377 692.592000000004 6.71699999999691 8.14199999999983 5.96899999999732
 128.861999999965 127.748000000021 139.127999999968 724.115000000049 329.212 263.751000000047 1171.18299999996 323.919999999984 359.549999999988 195.43200000003
 0 0 0 0 0 0 0 0 0 0
 0 0 0 0 0 0 0 0 0 0
 5847.05900000004 5076.81 6832.32999999996 13361.034 8287.38399999996 11310.284 12552.299 10848.976 12102.9680000001 10215.141
 196.826999999997 2976.348 3959.249 2173.717 5833.964 4471.516 434.760999999999 335.307000000001 357.019 313.961000000003
 5720.63800000004 9004.60499999998 12666.887 16147.136 17553.243 17546.398 12232.151 10387.718 11663.743 9875.87699999998
 0 0 0 0 0 0 0 0 0 0
 0 0 0 0 0 0 0 0 0 0
