V1 V2 V3 V4 V5 V6 V7 V8 V9 V10
sam 23.8539999999994 24.0460000000021 23.5999999999913 23.1110000000044 21.6589999999997 23.4159999999974 23.2739999999903 22.6410000000033 23.1490000000049 22.2639999999956
geode 0.000999999999976353 0 0 0 0.00100000000020373 0 0 0 0 0
ref 23.8740000000034 24.0650000000023 23.6179999999877 23.1290000000008 21.6760000000068 23.4339999999938 23.2930000000051 22.6599999999889 23.1670000000013 22.2809999999881
infog 0 0 0 0 0 0 0 0 0 0
func 0 0 0 0 0 0 0 0 0 0
EFSIS 36.4559999999983 36.7669999999925 36.4830000000075 35.583999999988 34.9239999999991 37.0290000000095 36.1169999999984 36.1009999999951 34.7519999999931 34.2300000000105
 1.22799999999984 1.20299999999997 1.22400000000016 1.17799999999988 1.19599999999991 1.20899999999983 1.46500000000015 1.47899999999981 1.22399999999971 1.22000000000025
 37.711000000003 38.0009999999893 37.7360000000044 36.7899999999936 36.1489999999903 38.2670000000071 37.6119999999937 37.6080000000075 36.0050000000047 35.476999999999
 0 0 0 0 0 0 0 0 0 0
 0 0 0 0 0 0 0 0 0 0
 52.0089999999982 47.0540000000037 49.1469999999972 47.3860000000132 48.0639999999985 47.6609999999928 49.7420000000129 49.4649999999965 47.5550000000076 46.8839999999909
 1.60900000000015 1.42000000000007 1.64100000000008 1.56100000000015 1.46799999999985 1.85400000000027 1.40200000000004 1.3720000000003 1.45800000000008 1.70699999999988
 47.5460000000021 42.5950000000012 44.9300000000076 42.7949999999983 43.2880000000005 43.0329999999958 45.4940000000061 44.1849999999977 42.7880000000005 42.573000000004
 0 0 0 0 0 0 0 0 0 0
 0 0 0 0 0 0 0 0 0 0
 19.3370000000068 19.8739999999962 20.3099999999977 19.2579999999871 20.1999999999971 19.1100000000006 18.9929999999877 19.8240000000078 20.0760000000009 19.2570000000123
 0.58400000000006 0.599999999999909 0.625 0.601999999999862 0.603000000000065 0.586999999999989 0.736999999999625 0.750999999999749 0.597999999999956 0.603000000000065
 19.9369999999981 20.4890000000014 20.9499999999971 19.8760000000038 20.8190000000031 19.7130000000034 19.7459999999992 20.5910000000003 20.6889999999985 19.875
 0 0 0 0 0 0 0 0 0 0
 0 0 0 0 0 0 0 0 0 0
 136.820999999996 133.024000000005 134.672999999995 130.576000000001 129.982999999993 132.460000000006 133.334999999992 133.267999999996 130.806000000011 127.831000000006
 3.43299999999999 3.23400000000015 3.49000000000024 3.35199999999986 3.279 3.65999999999985 3.61799999999994 3.61499999999978 3.28899999999976 3.5300000000002
 134.248 130.448000000004 132.371999999988 127.842999999993 127.082999999999 129.705000000002 131.372000000003 130.298999999999 127.937000000005 125.405999999988
 0 0 0 0 0 0 0 0 0 0
 0 0 0 0 0 0 0 0 0 0
 6142.13500000001 6028.288 5919.052 5993.845 6000.05600000001 6128.55099999999 6051.273 5876.981 6053.768 5885.65399999999
 179.544 165.73 171.194 168.609 174.876 176.967 174.389 166.649 176.537 167.812
 6013.098 5896.26699999999 5796.20700000001 5860.44 5873.03 5974.38099999999 5917.47899999999 5727.75999999999 5913.11899999999 5744.64
 0 0 0 0 0 0 0 0 0 0
 0 0 0 0 0 0 0 0 0 0
