V1 V2 V3 V4 V5 V6 V7 V8 V9 V10
sam 16.2690000000293 20.7559999999939 19.3260000000009 20.7110000000102 27.0810000000056 25.5580000000191 23.0149999999558 15.1650000000373 15.8329999999842 15.3629999999539
geode 0.11200000000099 0.139999999999418 0.123999999996158 0.129000000000815 0.167000000001281 0.156000000002678 0.133999999998196 0.0869999999995343 0.0910000000003492 0.0859999999956926
ref 16.3940000000293 20.9130000000005 19.4640000000363 20.85699999996 27.2699999999604 25.7329999999492 23.1680000000051 15.2639999999665 15.9379999999655 15.4610000000102
infog 0 0 0 0 0 0 0 0 0 0
func 0 0 0 0 0 0 0 0 0 0
EFSIS 37.2419999999693 92.2569999999832 88.5040000000154 134.551999999967 149.505999999994 57.6489999999758 124.016000000003 37.4889999999432 37.7569999999832 35.1990000000224
 1.5570000000007 2.00400000000081 1.90899999999965 2.82600000000093 6.92199999999866 173.459000000003 2.50800000000163 1.39899999999761 1.59999999999854 1.39900000000489
 38.8310000000056 94.3399999999674 90.4869999999646 137.514000000025 160.722999999998 348.545000000042 126.625999999989 38.9180000000051 39.3879999999772 36.6259999999893
 0 0 0 0 0 0 0 0 0 0
 0 0 0 0 0 0 0 0 0 0
 56.1150000000489 86.8800000000047 86.3819999999832 105.900000000023 141.103999999992 143.874000000011 102.383000000031 49.4180000000051 54.3170000000391 47.4799999999814
 1.92199999999866 1.91599999999744 1.71399999999994 1.71199999999953 2.21600000000035 2.18499999999767 1.8179999999993 1.78600000000006 1.77900000000227 1.84199999999691
 52.3029999999562 77.4800000000396 76.7030000000377 96.9020000000019 129.163 132.629000000015 89.9220000000205 45.8070000000298 49.7930000000051 43.1039999999921
 0 0 0 0 0 0 0 0 0 0
 0 0 0 0 0 0 0 0 0 0
 19.3219999999856 24.3250000000116 21.2310000000289 22.1020000000135 23.6350000000093 22.3439999999828 20.8429999999935 19.9580000000424 18.5519999999669 18.5650000000023
 0.693000000006577 0.930000000000291 0.815000000002328 1.41700000000128 1.08099999999831 1.24300000000221 1.02500000000146 0.737999999997555 0.682000000000698 0.680000000000291
 20.0310000000172 25.2759999999544 22.0929999999935 23.5380000000005 24.7360000000335 23.6059999999707 21.8859999999986 20.7110000000102 19.2490000000107 19.2600000000093
 0 0 0 0 0 0 0 0 0 0
 0 0 0 0 0 0 0 0 0 0
 134.027000000002 231.34600000002 220.600000000035 289.309000000008 347.680999999982 256.84600000002 276.174999999988 126.732000000018 131.864999999991 121.165999999968
 4.32900000000518 5.05199999999604 4.59500000000116 6.14199999999983 10.4250000000029 177.110000000001 5.53500000000349 4.05099999999948 4.19700000000012 4.03299999999581
 132.687000000034 225.204999999958 213.940000000002 284.915999999968 348.291999999958 538.008999999962 267.574000000022 125.446999999986 129.822999999975 119.03899999999
 0 0 0 0 0 0 0 0 0 0
 0 0 0 0 0 0 0 0 0 0
 7444.02000000002 10892.239 9695.49799999996 10724.686 10461.775 11283.171 6266.799 5405.93199999997 5808.22100000002 5702.283
 219.411999999997 254.046000000002 330.050999999999 1296.396 623.123999999996 605.130000000005 389.689999999995 783.684000000001 206.817999999999 207.175000000003
 7238.76399999997 10603.338 9544.609 12035.92 10642.828 11377.769 6439.103 6293.85700000002 5721.342 5616.17600000004
 0 0 0 0 0 0 0 0 0 0
 0 0 0 0 0 0 0 0 0 0
