V1 V2 V3 V4 V5 V6 V7 V8 V9 V10
sam 25.3479999999981 21.5260000000126 21.6049999999814 22.5449999999837 22.4520000000484 22.4789999999921 23.4569999999949 22.1689999999944 22.6860000000452 22.5320000000065
geode 0.521000000007916 0.430999999996857 0.421999999991385 0.430000000007567 0.442999999999302 0.460999999995693 0.49199999999837 0.455000000001746 0.456999999994878 0.442999999999302
ref 25.8889999999665 21.9739999999874 22.0439999999944 22.9930000000168 22.9130000000005 22.9580000000424 23.9679999999935 22.6410000000615 23.1600000000326 22.9919999999693
infog 0 0 0 0 0 0 0 0 0 0
func 0 0 0 0 0 0 0 0 0 0
EFSIS 35.7980000000098 34.9490000000224 36.1330000000307 35.8979999999865 1.71699999994598 1.56500000000233 35.0200000000186 35.0270000000019 34.9519999999902 34.185999999987
 1.84299999999348 1.82700000000477 2.11800000000221 2.07499999999709 378.744999999995 2045.83900000001 2.0570000000007 1.99700000000303 1.98000000001048 1.94500000000698
 37.6710000000312 36.804999999993 38.2820000000065 38.0019999999786 486.486999999965 2607.80599999998 37.1060000000289 37.0540000000037 36.9610000000102 36.1609999999637
 0 0 0 0 0 0 0 0 0 0
 0 0 0 0 0 0 0 0 0 0
 48.3640000000014 47.125 47.125 46.5050000000047 0 0 46.460000000021 44.9530000000377 47.3850000000093 46.3289999999688
 2.67700000001059 2.68799999999464 2.58800000000338 2.53500000000349 0 0 2.48099999999977 2.52999999999884 2.55399999998917 2.61699999999837
 43.7880000000005 42.8560000000289 42.5189999999711 42.5730000000331 45.8640000000014 43.2850000000326 42.4629999999888 40.9989999999525 43.3069999999134 42.3670000000857
 0 0 0 0 0 0 0 0 0 0
 0 0 0 0 0 0 0 0 0 0
 19.2139999999781 19.6680000000051 19.5530000000144 18.429999999993 9.24500000005355 0 18.9319999999716 18.6699999999837 18.7600000000093 19.6960000000545
 0.943999999988591 0.951000000000931 1.07300000000396 0.990999999994528 274.555999999997 0 1.02799999999115 0.979999999995925 0.957999999998719 1.07300000000396
 20.1730000000098 20.63400000002 20.6410000000033 19.4349999999977 356.069000000018 19.945000000007 19.9739999999874 19.6659999999683 19.7340000000549 20.7849999999162
 0 0 0 0 0 0 0 0 0 0
 0 0 0 0 0 0 0 0 0 0
 133.692000000039 128.290000000037 129.554999999993 128.568999999959 33.414000000048 24.0439999999944 129.068000000028 126.062000000034 128.899000000034 127.892999999982
 6.08699999999953 6.00800000000163 6.31399999999849 6.1420000000071 653.743999999992 2046.3 6.17899999998917 6.08000000000175 6.05199999999604 6.17900000000373
 132.594999999972 127.405000000028 128.74099999998 128.310999999987 916.668999999994 2699.05600000004 128.83600000001 125.724999999977 128.385000000009 127.557999999961
 0 0 0 0 0 0 0 0 0 0
 0 0 0 0 0 0 0 0 0 0
 6202.54799999995 6159.66499999998 6162.58500000002 5187.26000000001 5112.18999999994 5343.35099999997 6131.92999999999 6012.52100000001 6147.23200000002 6123.77299999999
 298.305000000008 298.114999999991 301.801999999996 3507.876 3158.08500000001 928.434999999998 302.513000000006 293.381999999998 300.706000000006 298.036000000007
 6140.92100000003 6106.60999999999 6118.00800000003 10023.072 9645.65700000001 6882.13399999996 6099.71399999998 5985.6540000001 6116.56599999999 6088.60800000001
 0 0 0 0 0 0 0 0 0 0
 0 0 0 0 0 0 0 0 0 0
