V1 V2 V3 V4 V5 V6 V7 V8 V9 V10
sam 17.4560000000019 15.1729999999989 15.4179999999978 15.4099999999999 15.0989999999983 20.9809999999998 18.6450000000004 15.4089999999997 15.8199999999997 15.489999999998
geode 0.152999999999906 0.0680000000000973 0.08400000000006 0.148000000000025 0.06899999999996 0.166000000000054 0.0120000000000573 0 0 0.0270000000000437
ref 17.6229999999996 15.2530000000042 15.5139999999956 15.5709999999963 15.1809999999969 21.1650000000009 18.6729999999952 15.4210000000021 15.8310000000056 15.5269999999946
infog 0 0 0 0 0 0 0 0 0 0
func 0 0 0 0 0 0 0 0 0 0
EFSOS 49.5159999999996 35.3810000000012 35.3899999999994 35.7299999999996 34.7760000000017 50.7870000000003 46.3769999999968 35.0529999999999 34.8019999999997 34.3019999999997
EFSIS 1.39600000000007 1.19299999999998 1.17599999999993 1.21600000000001 1.20300000000009 1.50400000000002 1.39400000000001 1.18499999999995 1.19100000000003 1.19200000000001
 50.9500000000044 36.601999999999 36.5940000000046 36.976999999999 36.0070000000051 52.3309999999983 47.8080000000045 36.2669999999998 36.023000000001 35.523000000001
 0 0 0 0 0 0 0 0 0 0
 0 0 0 0 0 0 0 0 0 0
 57.3289999999979 42.7989999999991 40.3790000000008 47.9320000000007 46.8329999999987 64.0300000000025 54.1200000000026 47.4020000000019 48.882999999998 46.7670000000035
 0.759000000000015 0.632999999999925 0.651000000000067 0.558999999999969 0.22199999999998 0.730999999999995 0.736999999999966 0.684000000000083 0.800999999999931 0.731999999999971
 58.1430000000037 43.4669999999969 41.0629999999946 48.5350000000035 47.0930000000008 64.8130000000019 54.9089999999997 48.125 49.7229999999981 47.5370000000039
 0 0 0 0 0 0 0 0 0 0
 0 0 0 0 0 0 0 0 0 0
 27.5120000000024 19.3529999999992 19.4030000000021 18.6490000000013 18.8299999999981 25.7939999999981 21.4189999999981 18.6949999999997 18.8320000000022 19.0349999999999
 0.746999999999957 0.58400000000006 0.587999999999965 0.593999999999937 0.595000000000027 0.737999999999943 0.609000000000037 0.59599999999989 0.591000000000008 0.594000000000051
 28.2809999999954 19.9540000000052 20.0060000000012 19.2599999999948 19.4399999999951 26.5529999999999 22.0449999999983 19.3059999999969 19.4369999999981 19.6429999999964
 0 0 0 0 0 0 0 0 0 0
 0 0 0 0 0 0 0 0 0 0
 157.376 117.508000000002 115.341 122.666000000001 120.430999999997 167.314000000002 146.073 121.672000000002 123.484 121.467000000001
 3.07499999999993 2.48900000000003 2.49900000000002 2.52800000000002 2.08900000000006 3.15200000000004 2.76700000000005 2.47500000000002 2.59299999999996 2.55600000000004
 160.586000000003 120.093000000001 117.93 125.303 122.618000000002 170.599999999999 148.966 124.245000000003 126.175000000003 124.117999999995
 0 0 0 0 0 0 0 0 0 0
 0 0 0 0 0 0 0 0 0 0
 259.647000000001 264.626999999997 261.596999999998 263.411 300.440000000002 299.439999999999 274.067999999999 271.763999999999 268.091999999997 263.626
 7.26999999999998 8.76499999999999 8.572 8.52999999999997 7.76799999999992 8.55399999999997 7.23599999999999 7.29599999999994 7.71600000000001 7.798
 615.745999999999 599.470000000001 583.941999999995 676.087999999996 627.387999999999 777.432000000001 624.140999999996 591.288 608.154999999999 600.626000000004
 15852.8149999999 14549.078 13963.41 13324.839 15025.2439999999 20897.032 15048.613 14576.2 14639.944 14679.4130000001
 682.858999999997 505.935999999987 504.630999999994 4312.90700000001 504.386999999988 1500.57300000003 898.418999999994 491.589999999967 505.044999999984 674.474000000046
