V1 V2 V3 V4 V5 V6 V7 V8 V9 V10
sam 15.6089999999967 16.3869999999879 17.2569999999832 14.4290000000037 15.5139999999665 14.4029999999912 14.4270000000251 15.0509999999776 14.6390000000247 15.1229999999632
geode 0.130999999993946 0.156000000002678 0.160999999992782 0.134000000005472 0.138999999995576 0.125 0.122999999992317 0.126999999993131 0.118999999991502 0.120999999999185
ref 15.7520000000368 16.5569999999716 17.4309999999823 14.5740000000224 15.6659999999683 14.5389999999898 14.5619999999763 15.1909999999916 14.7690000000293 15.2559999999939
infog 0 0 0 0 0 0 0 0 0 0
func 0 0 0 0 0 0 0 0 0 0
EFSIS 40.8070000000298 37.7029999999795 37.7729999999865 37.0730000000331 34.710000000021 36.5289999999804 35.0709999999963 35.3530000000028 34.6509999999544 36.9380000000237
 3.75100000000384 1.50400000000081 1.49199999999837 1.46899999999732 1.45600000000559 1.44200000001001 1.4320000000007 1.4429999999993 1.41000000000349 1.45100000000093
 45.2700000000186 39.2380000000121 39.2950000000419 38.5719999999856 36.1930000000284 38 36.5320000000065 36.8240000000224 36.0879999999888 38.4200000000419
 0 0 0 0 0 0 0 0 0 0
 0 0 0 0 0 0 0 0 0 0
 62.5619999999763 57.6589999999851 45.6220000000321 51.4679999999935 52.3230000000331 47.804999999993 45.4379999999655 49.8680000000168 44.8480000000563 46.5310000000172
 1.95700000000943 1.89199999999255 1.61000000000058 2.02000000000407 1.8289999999979 2.00099999998929 1.95900000000256 2.0570000000007 1.89199999999255 1.91099999999278
 57.8099999999977 52.3090000000084 40.3759999999893 47.185999999987 47.9989999999525 43.6270000000368 40.8349999999627 45.7210000000196 40.1500000000233 42.5359999999637
 0 0 0 0 0 0 0 0 0 0
 0 0 0 0 0 0 0 0 0 0
 18.9970000000321 19.1080000000075 18.8369999999995 19.661999999953 19.3209999999963 19.0130000000354 20.4720000000088 19.7149999999674 19.3169999999809 18.6900000000023
 0.830999999991036 0.753000000011525 0.754000000000815 0.75899999999092 0.747000000003027 0.738000000012107 0.767999999996391 0.732000000003609 0.717000000004191 0.716000000000349
 19.8439999999828 19.875 19.6059999999707 20.4370000000345 20.0830000000424 19.7669999999925 21.2560000000522 20.4629999999888 20.0499999999884 19.4220000000205
 0 0 0 0 0 0 0 0 0 0
 0 0 0 0 0 0 0 0 0 0
 143.252000000037 135.462 124.129000000015 127.734999999986 127.007999999973 122.687999999966 120.260000000009 124.860999999975 118.074000000022 121.938999999955
 6.72699999999895 4.34900000000198 4.06999999999243 4.42799999999988 4.21799999999348 4.35800000000745 4.32499999999709 4.39999999999418 4.17699999999604 4.24800000000687
 144.014000000025 132.632999999973 121.405000000028 125.92200000002 125.131999999983 120.928000000014 118.083999999973 123.118000000017 115.719000000041 120.341000000015
 0 0 0 0 0 0 0 0 0 0
 0 0 0 0 0 0 0 0 0 0
 4324.24599999998 5945.76500000001 6023.38799999998 5755.24600000004 5768.136 5782.50700000004 5672.446 5542.06599999999 5544.424 5596.027
 5085.605 209.675000000003 211.093999999997 212.114000000001 208.254000000001 214.563999999998 211.206000000006 204.820999999996 204.596999999994 203.956999999995
 11905.475 5845.375 5924.94399999996 5660.51500000001 5678.23199999996 5695.549 5584.98200000002 5451.43699999998 5435.21399999998 5500.91399999999
 0 0 0 0 0 0 0 0 0 0
 0 0 0 0 0 0 0 0 0 0
