V1 V2 V3 V4 V5 V6 V7 V8 V9 V10
sam 20.3410000000003 14.4049999999988 17.2920000000013 15.7449999999953 14.9449999999924 14.926999999996 15.2510000000038 14.4900000000052 14.9689999999973 15.7069999999949
geode 1.2219999999943 0.775999999998021 0.843999999997322 0.699000000000524 0.605999999999767 0.557000000000698 0.516999999999825 0.451999999997497 0.432000000000698 0.417999999997846
ref 21.5899999999965 15.1940000000031 18.1520000000019 16.4569999999949 15.5639999999839 15.4949999999953 15.7799999999988 14.9539999999979 15.4139999999898 16.1359999999986
infog 0 0 0 0 0 0 0 0 0 0
func 0 0 0 0 0 0 0 0 0 0
EFSIS 60.4150000000081 33.7329999999929 34.9919999999984 34.7039999999979 33.9030000000057 37.099000000002 35.6699999999983 34.1729999999952 35.125 34.2610000000132
 4.95200000000477 2.8839999999982 2.84999999999854 2.60899999999674 2.49299999999494 2.50100000000384 2.35700000000361 2.19700000000012 2.19200000000274 2.08200000000215
 65.4290000000037 36.6459999999934 37.8710000000137 37.3409999999858 36.4239999999991 39.6320000000123 38.0559999999823 36.3970000000263 37.3500000000058 36.4470000000147
 0 0 0 0 0 0 0 0 0 0
 0 0 0 0 0 0 0 0 0 0
 67.7019999999902 50.8680000000022 62.6869999999908 50.3369999999995 59.2509999999893 72.5770000000048 50.7350000000006 49.3169999999955 55.5489999999991 99.5659999999916
 5.22299999999814 3.90499999999884 4.32300000000396 3.69099999999889 3.61200000000099 4.02799999999843 3.04799999999523 2.61499999999796 2.80399999999645 3.87999999999738
 64.9239999999991 48.0040000000008 61.2790000000095 47.4560000000056 56.3869999999879 69.9040000000095 47.6290000000154 45.9749999999767 51.7639999999956 108.655999999988
 0 0 0 0 0 0 0 0 0 0
 0 0 0 0 0 0 0 0 0 0
 25.3950000000041 18.4979999999923 19.169000000009 18.2790000000095 18.3020000000106 18.4550000000017 19.8260000000009 18.4839999999967 18.846000000005 21.0010000000038
 2.09399999999732 1.53399999999965 1.5109999999986 1.37700000000041 1.28800000000047 1.24599999999919 1.26699999999983 1.13999999999942 1.12000000000262 1.11800000000221
 27.5159999999887 20.0479999999952 20.695000000007 19.6719999999914 19.6059999999998 19.7159999999858 21.112999999983 19.6389999999956 19.9820000000182 22.8040000000037
 0 0 0 0 0 0 0 0 0 0
 0 0 0 0 0 0 0 0 0 0
 179.220000000001 122.365999999995 139.395999999993 123.5 131.25499999999 147.645999999993 126.735000000001 121.289999999994 129.09599999999 187.527000000002
 13.8209999999963 9.36999999999534 9.79399999999441 8.58600000000297 8.19799999999668 8.51200000000244 7.37600000000384 6.56199999999808 6.69000000000233 7.97999999999593
 185.161999999997 125.028999999995 143.526000000013 125.576000000001 133.036999999982 149.519 128.022999999986 121.952000000019 129.263000000006 204.970000000001
 0 0 0 0 0 0 0 0 0 0
 0 0 0 0 0 0 0 0 0 0
 6015.152 5811.709 5961.868 6038.387 5883.814 7029.928 6898.943 5910.00600000001 6907.469 9213.15899999999
 490.43 444.603000000003 426.563000000002 404.241999999998 378.122000000003 400.642999999996 368.639999999999 321.266000000003 337.743999999999 386.889999999999
 6175.19100000001 5944.81400000001 6076.49299999999 6124.47099999999 5956.41500000001 7130.84 6937.89799999999 5925.427 7299.42200000002 10015.841
 0 0 0 0 0 0 0 0 0 0
 0 0 0 0 0 0 0 0 0 0
