V1 V2 V3 V4 V5 V6 V7 V8 V9 V10
sam 15.7770000000019 18.5239999999976 15.0699999999997 14.744999999999 15.005000000001 18.4259999999995 15.3950000000004 14.5190000000002 14.9979999999996 17.8420000000006
geode 0 0 0.000999999999976353 0.00499999999999545 0 0 0 0 0.0149999999999864 0
ref 15.7900000000009 18.5400000000009 15.0809999999983 14.7619999999952 15.0169999999998 18.4419999999955 15.4069999999992 14.5310000000027 15.025999999998 17.8549999999959
infog 0 0 0 0 0 0 0 0 0 0
func 0 0 0 0 0 0 0 0 0 0
EFSOS 35.7409999999982 46.0480000000025 35.6299999999974 38.4979999999996 34.8680000000022 48.4400000000023 34.7189999999973 36.3130000000019 35.0460000000021 51.5349999999999
EFSIS 1.25300000000004 1.38300000000004 1.20400000000006 1.25999999999999 1.17899999999997 1.28499999999997 1.18299999999999 1.20499999999993 1.17700000000002 1.59000000000003
 37.023000000001 47.4680000000008 36.862000000001 39.7890000000043 36.0740000000005 49.7640000000029 35.9300000000003 37.5489999999991 36.2509999999966 53.1670000000013
 0 0 0 0 0 0 0 0 0 0
 0 0 0 0 0 0 0 0 0 0
 48.268 59.632999999998 45.6860000000015 47.6100000000006 41.9439999999995 61.8689999999988 47.9020000000019 45.3529999999992 41.9650000000001 68.0519999999997
 0.75 0.787000000000035 0.446000000000026 0.97300000000007 0.38900000000001 0.498000000000047 0.461999999999989 0.399000000000001 0.399999999999977 0.533999999999992
 49.0570000000007 60.4680000000008 46.1679999999978 48.6259999999966 42.3689999999988 62.4170000000013 48.4020000000019 45.7890000000043 42.4000000000015 68.6419999999998
 0 0 0 0 0 0 0 0 0 0
 0 0 0 0 0 0 0 0 0 0
 18.8680000000022 22.7430000000022 18.875 18.7139999999999 19.4159999999974 23.6219999999994 18.7049999999981 18.862000000001 18.6589999999997 26.3899999999994
 0.594999999999914 0.659999999999968 0.592999999999961 0.591999999999985 0.590000000000032 0.749000000000024 0.597000000000094 0.589000000000055 0.587999999999965 0.849999999999909
 19.4789999999994 23.4209999999948 19.4839999999967 19.3199999999997 20.0199999999968 24.3899999999994 19.3169999999955 19.4660000000003 19.2620000000024 27.2620000000024
 0 0 0 0 0 0 0 0 0 0
 0 0 0 0 0 0 0 0 0 0
 123.710000000003 152.859 120.225999999999 124.435999999998 116.125 158.228999999999 121.779999999999 120.031999999999 115.591 169.665000000001
 2.59799999999996 2.84300000000007 2.255 2.84100000000001 2.16800000000001 2.53200000000004 2.25300000000004 2.20299999999997 2.19099999999992 2.98699999999997
 126.408000000003 155.826000000001 122.576000000001 127.379000000001 118.385999999999 160.888999999996 124.131000000001 122.333000000006 117.875999999997 172.788
 0 0 0 0 0 0 0 0 0 0
 0 0 0 0 0 0 0 0 0 0
 338.557999999997 309.261999999999 284.035 291.198 321.505000000001 338.252 292.762999999999 288.466 336.067999999999 345.080999999998
 7.79700000000003 9.33499999999992 7.19600000000003 6.91300000000001 7.45799999999997 8.25699999999995 7.46500000000003 7.46100000000001 6.20900000000006 8.625
 715.056999999993 954.712 938.587 962.885999999999 953.603000000003 786.923000000003 807.398000000001 860.341 849.254000000001 948.811999999998
 17149.0429999999 16204.674 11024.367 11553.54 11233.8860000001 18997.2159999999 12017.9970000001 10706.265 13012.318 15555.645
 553.190000000002 8878.842 12107.18 13085.455 11259.147 584.44100000005 7261.99799999996 9626.75599999999 7136.96500000003 8445.429
