V1 V2 V3 V4 V5 V6 V7 V8 V9 V10
sam 23.2150000000256 22.7469999999739 22.2550000000047 22.4340000000084 21.7160000000149 23.1699999999837 23.0659999999916 23.2940000000526 24.2160000000149 23.9030000000494
geode 0.446000000010827 0.4259999999922 0.410000000003492 0.402999999991152 0.380000000004657 0.397000000011758 0.385999999998603 0.38200000001234 0.388000000006286 0.377000000007683
ref 23.6800000000512 23.1920000000391 22.6840000000084 22.8549999999814 22.1130000000121 23.5830000001006 23.4689999999246 23.6950000000652 24.6240000000689 24.3000000000466
infog 0 0 0 0 0 0 0 0 0 0
func 0 0 0 0 0 0 0 0 0 0
EFSIS 35.9799999999814 35.6900000000023 36.429999999993 35.905999999959 35.5639999999548 36.3280000000377 35.4750000000349 35.9409999999916 35.5380000000005 35.1149999999907
 2.10300000000279 1.92799999999988 2.09399999999732 1.95400000001246 1.7560000000085 1.72399999998743 1.70799999999872 1.71899999999732 1.70599999999104 1.71399999999267
 38.1130000000121 37.6449999999022 38.5540000000037 37.8889999999665 37.3489999999292 38.0819999999367 37.2129999999888 37.6879999999655 37.2739999999758 36.85699999996
 0 0 0 0 0 0 0 0 0 0
 0 0 0 0 0 0 0 0 0 0
 51.2779999999912 49.5200000000186 46.0760000000009 46.6730000000098 48.0250000000233 47.3779999999679 48.5960000000196 49.4749999999767 49.4519999999902 50.2799999999697
 2.11799999998766 2.46900000001187 2.38999999999942 2.5969999999943 2.48099999999977 2.32200000000012 2.37900000000081 2.3579999999929 2.38200000001234 2.35599999999977
 46.1499999999069 45.6490000000922 41.5870000000577 42.5400000000373 44.8570000000764 43.170999999973 44.3890000000829 45.5649999999441 45.579000000027 46.5169999999925
 0 0 0 0 0 0 0 0 0 0
 0 0 0 0 0 0 0 0 0 0
 18.9679999999935 19.6749999999884 20.0069999999832 19.0229999999865 19.8570000000182 19.3209999999963 19.8679999999586 19.3400000000256 19.6030000000028 19.7960000000312
 1.04899999999907 1.00199999999313 1.05400000000373 0.997999999992317 0.904999999998836 0.900000000008731 0.916000000011991 0.885999999998603 0.896999999997206 0.870999999999185
 20.033000000054 20.6919999999227 21.076999999932 20.0359999999637 20.7779999999329 20.237000000081 20.798000000068 20.2430000000168 20.5169999999925 20.6829999999609
 0 0 0 0 0 0 0 0 0 0
 0 0 0 0 0 0 0 0 0 0
 134.631999999983 132.820000000007 129.956000000006 129.282000000007 130.337 131.425999999978 132.358000000007 133.487000000023 134.863000000012 134.454000000027
 5.82800000000861 5.93399999999383 6.04400000000896 6.05799999998999 5.62200000000303 5.4320000000007 5.4890000000014 5.44400000000314 5.47999999999593 5.40200000000186
 133.283000000054 132.479999999981 129.189000000013 128.676999999909 130.376999999979 130.395000000019 131.32799999998 132.72900000005 134.158999999985 133.805000000051
 0 0 0 0 0 0 0 0 0 0
 0 0 0 0 0 0 0 0 0 0
 6595.27100000001 6445.93199999997 6419.277 6494.79199999996 6568.61099999998 6637.75700000004 6666.38699999999 6577.06199999998 6792.47200000001 6539.71899999998
 302.941999999995 305.642000000007 290.498999999996 297.392000000007 274.79800000001 278.060000000012 270.612999999998 261.115000000005 269.893000000011 267.471000000005
 6556.99399999995 6428.64899999998 6379.85600000003 6471.11900000006 6536.46799999999 6590.36300000001 6613.85399999993 6532.049 6749.10400000005 6494.272
 0 0 0 0 0 0 0 0 0 0
 0 0 0 0 0 0 0 0 0 0
