V1 V2 V3 V4 V5 V6 V7 V8 V9 V10
sam 15.2550000000047 14.2789999999804 15.4079999999958 15.5030000000261 14.5799999999581 14.3869999999879 15.3090000000084 0 14.3119999999763 15.9039999999804
geode 0.0839999999952852 0.080999999998312 0.0860000000029686 0.0840000000025611 0.0789999999979045 0.0759999999936554 0.0800000000017462 0 0.111000000004424 0.149999999994179
ref 15.3520000000135 14.3709999999846 15.5050000000047 15.5989999999874 14.6689999999944 14.4749999999767 15.4000000000233 17.4660000000149 14.4329999999609 16.066000000108
infog 0 0 0 0 0 0 0 0 0 0
func 0 0 0 0 0 0 0 0 0 0
EFSIS 35.2490000000107 36.4029999999912 36.9230000000098 36.2469999999739 35.9430000000284 38.2849999999744 35.5739999999641 0 34.75 47.8919999999925
 1.39500000000407 1.38500000000204 1.64800000000105 1.73700000000099 4.32600000000093 1.55500000000029 1.55399999999645 0 1.42900000000373 1.68399999999383
 36.6720000000205 37.8190000000177 38.6020000000135 38.0119999999879 41.6300000000047 39.8699999999953 37.1560000000754 76.6979999999749 36.2070000000531 49.6139999999432
 0 0 0 0 0 0 0 0 0 0
 0 0 0 0 0 0 0 0 0 0
 54.2889999999898 49.8390000000363 52.9220000000205 52.0830000000424 53.2839999999851 53.4150000000373 51.0670000000391 0 44.2940000000526 43.0740000000224
 1.97599999999511 1.97200000000157 2.07800000000134 2.0570000000007 1.85199999999895 2.12099999999919 1.84399999999732 0 2.01799999999639 1.77200000001176
 49.7159999999567 46.0229999999865 48.4809999999707 48.4860000000335 49.4320000000298 49.5910000000149 47.4149999999208 79.6980000000913 40.6439999999711 39.0259999999544
 0 0 0 0 0 0 0 0 0 0
 0 0 0 0 0 0 0 0 0 0
 18.7200000000303 18.7249999999767 18.9319999999716 18.554999999993 18.9079999999958 18.9679999999935 18.6790000000037 0 19.4009999999544 18.5630000000237
 0.684000000001106 0.77900000000227 0.796999999998661 0.769000000000233 0.711000000002969 0.690000000002328 0.67000000000553 0 0.720999999990454 0.731999999989057
 19.4189999999944 19.5189999999711 19.7440000000061 19.3410000000149 19.6349999999511 19.6729999999516 19.3640000000596 22.6499999999069 20.1390000000829 19.3120000000345
 0 0 0 0 0 0 0 0 0 0
 0 0 0 0 0 0 0 0 0 0
 128.442000000039 124.374000000011 129.207999999984 127.5 127.982999999949 130.141999999993 125.784999999974 0 117.984999999986 130.001999999979
 4.166999999994 4.25999999999476 4.63700000000244 4.68800000000192 7.0089999999982 4.46899999999732 4.18400000000111 0 4.32799999999406 4.39199999999255
 126.120999999985 122.907000000007 127.386999999988 126.594999999972 130.679000000004 128.725999999908 124.531000000075 201.814000000013 116.702000000048 128.64599999995
 0 0 0 0 0 0 0 0 0 0
 0 0 0 0 0 0 0 0 0 0
 5307.48299999995 5892.07899999997 5758.91100000002 5688.84900000005 5695.02100000001 5757.90999999997 8626.12200000003 2835.24099999998 2802.34999999998 5520.55300000001
 1855.038 215.811000000002 217.040000000001 300.342000000004 295.493000000002 244.601000000002 7776.149 5742.27399999999 8869.76400000001 222.646999999997
 7563.59000000003 5809.31 5699.435 5739.326 5746.92000000004 5723.67300000007 22125.2560000001 11378.6390000001 16467.542 5465.93500000006
 0 0 0 0 0 0 0 0 0 0
 0 0 0 0 0 0 0 0 0 0
