V1 V2 V3 V4 V5 V6 V7 V8 V9 V10
sam 24.145 15.365 15.196 15.2760000000001 21.73 18.5440000000003 14.8300000000004 15.2719999999999 15.9610000000002 15.3299999999999
geode 0.541 0 0.0839999999999996 0 0.108999999999995 0.00500000000000966 0.164999999999992 0.167999999999992 0.138999999999996 0.111000000000018
ref 24.704 15.3760000000002 15.2930000000006 15.2879999999996 21.8550000000005 18.5649999999996 15.0070000000005 15.4509999999991 16.1149999999998 15.4539999999997
infog 0 0 0 0 0 0 0 0 0 0
func 0 0 0 0 0 0 0 0 0 0
EFSOS 49.602 35.699 35.516 35.4119999999998 49.4589999999998 48.9659999999999 34.9589999999998 34.866 34.7379999999998 34.1930000000002
EFSIS 1.552 1.152 1.192 1.153 1.404 1.47099999999999 1.18900000000001 1.17500000000001 1.199 1.19899999999998
 51.261 36.8809999999999 36.7359999999999 36.5950000000003 50.9039999999995 50.4750000000004 36.1750000000002 36.0699999999997 35.9670000000006 35.4189999999999
 0 0 0 0 0 0 0 0 0 0
 0 0 0 0 0 0 0 0 0 0
 61.808 46.8710000000001 48.047 48.6120000000001 54.7660000000001 67.2260000000001 42.1320000000001 40.3160000000003 48.8879999999999 47.741
 4.074 1.02 0.841000000000001 0.844999999999999 0.921999999999997 1.03200000000001 0.745999999999995 0.712999999999994 0.765000000000001 0.760000000000019
 65.935 47.9300000000003 48.9259999999995 49.4970000000003 55.732 68.3140000000003 42.9129999999996 41.0609999999997 49.6929999999993 48.5389999999989
 0 0 0 0 0 0 0 0 0 0
 0 0 0 0 0 0 0 0 0 0
 24.242 19.353 19.102 19.0550000000001 20.5119999999999 23.5149999999999 19.9699999999998 19.3879999999999 19.0630000000001 19.3899999999999
 0 0 0.594999999999999 0.593000000000004 0.620000000000005 0.727999999999994 0.584000000000003 0.590000000000003 0.596000000000004 0.60299999999998
 24.261 19.3669999999997 19.7130000000006 19.6639999999998 21.1490000000003 24.2609999999995 20.5690000000004 19.9940000000006 19.6730000000007 20.0080000000016
 0 0 0 0 0 0 0 0 0 0
 0 0 0 0 0 0 0 0 0 0
 166.096 122.359 122.94 123.879 152.464 164.127 116.689 114.687 123.616 121.638
 6.168 2.172 2.721 2.605 3.067 3.236 2.69499999999999 2.657 2.70999999999999 2.673
 172.466 124.627 125.76 126.585 155.654 167.495 119.478 117.434999999999 126.429 124.407999999999
 0 0 0 0 0 0 0 0 0 0
 0 0 0 0 0 0 0 0 0 0
 248.542 238.108 237.304 286.067 277.823 234.694 235.191 234.372 236.777 237.746
 8.273 9.415 9.445 10.126 14.027 14.953 9.989 8.971 17.481 10.15
 2095.585 1722.903 635.185 735.844999999999 823.008 601.443 634.431 542.857 908.175999999999 564.532999999999
 11397.077 9696.888 14016.479 18612.412 16289.414 14825.904 13107.808 13571.376 29936.888 14922.754
 45140.241 36957.666 3530.857 688.659 5474.595 1011.079 3873.618 551.203999999998 1231.34600000001 534.304000000004
