V1 V2 V3 V4 V5 V6 V7 V8 V9 V10
sam 14.405999999959 15.2270000000135 14.3240000000224 15.6849999999977 15.4599999999627 14.7999999999884 15.3699999999953 14.5810000000056 15.7039999999688 15.8330000000424
geode 0.112999999997555 0.118000000002212 0.10899999999674 0.11600000000908 0.111999999993714 0.104999999995925 0.10899999999674 0.0990000000019791 0.105999999999767 0.105999999999767
ref 14.5310000000172 15.35699999996 14.4440000000177 15.813000000082 15.5840000000317 14.9170000000158 15.4919999999693 14.6919999999227 15.8209999999963 15.951999999932
infog 0 0 0 0 0 0 0 0 0 0
func 0 0 0 0 0 0 0 0 0 0
EFSIS 36.5450000000419 36.5810000000056 35.3239999999641 35.3960000000079 34.9629999999888 37.8910000000033 35.564000000013 35.4310000000405 35.1120000000228 34.1429999999818
 1.46199999999953 1.46399999999267 1.40099999999802 1.42899999998917 1.39800000000105 1.40600000000268 1.39900000000489 1.35199999999895 1.39500000000407 1.36199999999371
 38.0370000000112 38.0740000000224 36.7540000000736 36.8549999999814 36.390000000014 39.3270000000484 36.9910000000382 36.8120000000345 36.5359999999637 35.533000000054
 0 0 0 0 0 0 0 0 0 0
 0 0 0 0 0 0 0 0 0 0
 46.414999999979 46.9260000000359 44.5950000000303 52.1579999999958 51.5329999999958 46.5979999999981 51.5489999999991 43.5869999999995 51.9340000000084 51.4480000000331
 1.94300000001385 1.78699999999662 1.75400000000081 1.53200000000652 1.73200000000361 1.77300000000105 1.50500000000466 1.52300000000105 1.78299999999581 1.83199999999488
 41.9890000000014 41.9889999999432 40.0559999999823 47.359999999986 47.0550000000512 41.5760000000009 46.7490000000689 39.170999999973 47.5100000000093 47.1749999999302
 0 0 0 0 0 0 0 0 0 0
 0 0 0 0 0 0 0 0 0 0
 18.5430000000051 19.6379999999772 19.1689999999944 20.6919999999809 19.2669999999925 18.8770000000368 19.0449999999837 18.8079999999609 19.2039999999688 18.8969999999972
 0.716000000000349 0.742000000012922 0.707999999998719 0.717999999993481 0.698000000003958 0.6990000000078 0.727999999988242 0.695000000006985 0.698000000003958 0.695000000006985
 19.2750000000233 20.3950000000186 19.8929999999236 21.4269999999087 19.98199999996 19.5929999999935 19.7889999999898 19.51800000004 19.9170000000158 19.6080000000075
 0 0 0 0 0 0 0 0 0 0
 0 0 0 0 0 0 0 0 0 0
 120.614000000001 123.113000000012 118.198000000033 129.554000000004 126.358999999997 123.42300000001 126.632999999973 117.111000000034 126.995999999985 125.439000000013
 4.28100000000268 4.14699999999721 4.01799999999639 3.83699999999953 3.98699999999371 4.02999999999884 3.77700000000186 3.71099999999569 4.01600000000326 4.03899999998976
 118.589000000036 120.595999999903 115.982000000076 127.124000000069 124.198000000091 120.719000000041 124.166000000085 114.94299999997 124.863999999943 123.432999999961
 0 0 0 0 0 0 0 0 0 0
 0 0 0 0 0 0 0 0 0 0
 5860.51899999997 5698.69300000003 5456.50199999998 5820.70199999999 5778.27899999998 5745.53399999999 5771.51800000004 5549.245 5792.88500000001 8318.33199999999
 202.271000000008 198.527000000002 192.786000000007 196.46100000001 199.468000000008 199.305000000008 199.153999999995 196.932000000001 199.036999999997 233.024000000005
 5744.69300000003 5589.29299999995 5336.5469999999 5709.85499999998 5673.78499999992 5617.60899999994 5663.53099999996 5444.64299999992 5703.96000000008 8102.52599999995
 0 0 0 0 0 0 0 0 0 0
 0 0 0 0 0 0 0 0 0 0
