V1 V2 V3 V4 V5 V6 V7 V8 V9 V10
sam 19.289 19.0349999999999 16.8159999999989 15.3719999999994 19.5449999999983 15.8309999999983 17.2069999999949 18.1110000000044 18.7319999999963 14.6619999999966
geode 0.466 0 0 0 0 0 0 0 0 0
ref 19.771 19.0509999999995 16.8310000000001 15.3839999999982 19.5610000000015 15.8440000000046 17.221000000005 18.125 18.7459999999992 14.6730000000025
infog 0 0 0 0 0 0 0 0 0 0
func 0 0 0 0 0 0 0 0 0 0
EFSIS 36.631 105.989 37.7920000000013 37.594000000001 63.9900000000016 38.9730000000054 39.3930000000037 36.4029999999984 37.247000000003 36.9199999999983
 1.578 1.30100000000002 1.33300000000003 1.43000000000006 1.54399999999998 1.48799999999994 1.5 1.3119999999999 1.30600000000004 1.54199999999992
 38.243 107.374000000001 39.1539999999986 39.0560000000005 65.5859999999993 40.4909999999945 40.9249999999956 37.7439999999988 38.5810000000056 38.4930000000022
 0 0 0 0 0 0 0 0 0 0
 0 0 0 0 0 0 0 0 0 0
 59.401 96.4790000000003 76.3949999999986 60.7570000000014 88.0030000000006 77.6939999999959 62.3759999999966 81.114999999998 58.3070000000007 44.8090000000011
 4.572 1.53999999999999 1.33499999999998 1.32499999999993 1.37300000000005 1.88499999999999 1.42399999999998 1.73099999999999 1.57200000000012 1.79300000000012
 55.921 90.9989999999998 70.3490000000002 56.2630000000026 82.2049999999981 72.2680000000037 56.5 75.0690000000031 51.6879999999946 39.9479999999967
 0 0 0 0 0 0 0 0 0 0
 0 0 0 0 0 0 0 0 0 0
 19.235 19.3800000000001 19.8020000000015 19.6779999999999 20.8269999999975 20.2150000000038 19.6600000000035 19.8859999999986 20.0950000000012 19.4470000000001
 0.00199999999999978 0.613 0.612000000000023 0.62600000000009 0.770999999999958 0.766000000000076 0.742000000000189 0.617000000000189 0.605999999999995 0.758000000000038
 19.252 20.0069999999996 20.4310000000005 20.3199999999997 21.6160000000018 21.051999999996 20.4179999999978 20.5190000000002 20.7170000000042 20.2200000000012
 0 0 0 0 0 0 0 0 0 0
 0 0 0 0 0 0 0 0 0 0
 139.702 245.608 156.303 138.466 197.899000000001 157.957999999999 144.040999999997 161.031000000003 139.686000000002 120.565999999999
 6.618 3.465 3.291 3.3950000000001 3.70300000000009 4.15300000000002 3.68000000000006 3.67000000000007 3.49500000000012 4.10799999999995
 138.338 242.171 152.277 136.107 194.52 154.917999999998 140.488000000005 156.987000000001 135.053999999996 118.080000000002
 0 0 0 0 0 0 0 0 0 0
 0 0 0 0 0 0 0 0 0 0
 6996.593 6885.076 6373.292 6922.508 6835.947 6578.45 6498.024 6350.326 6436.799 6451.34499999999
 192.867 179.587 178.162 184.047 186.549 193.203 190.277 180.623 188.8 184.138
 6807.866 6708.288 6222.037 6741.393 6658.345 6403.55 6315.42099999999 6164.612 6256.991 6252.788
 0 0 0 0 0 0 0 0 0 0
 0 0 0 0 0 0 0 0 0 0
