V1 V2 V3 V4 V5 V6 V7 V8 V9 V10
sam 18.1390000000247 20.8319999999949 14.5109999999986 16.3769999999786 26.2259999999078 14.7389999999432 16.359999999986 15.5800000000745 22.4570000000531 23.6259999999311
geode 0.11699999999837 0.130999999993946 0.0889999999926658 0.0999999999912689 0.153999999994994 0.0910000000003492 0.0979999999981374 0.0979999999981374 0.154999999998836 0.163000000000466
ref 18.2730000000447 20.9799999999814 14.6110000000335 16.4890000000596 26.5159999999451 14.8410000000149 16.4720000000671 15.689000000013 22.6300000000047 23.8100000000559
infog 0 0 0 0 0 0 0 0 0 0
func 0 0 0 0 0 0 0 0 0 0
EFSIS 48.2969999999623 73.0869999999995 36.3549999999814 36.2930000000051 67.5860000000102 37.8840000000782 37.1899999999441 37.7029999999795 146.858000000007 99.2789999999804
 1.84000000001106 1.97600000000966 1.67300000000978 1.39500000000407 1.93399999999383 1.65400000000955 1.70500000000175 2.80999999999767 2.47699999999895 407.036999999997
 50.1819999999134 75.1230000000214 38.0590000000084 37.716999999946 70.9560000000056 39.5690000000177 38.9259999999776 41.0100000000093 149.46100000001 601.321999999927
 0 0 0 0 0 0 0 0 0 0
 0 0 0 0 0 0 0 0 0 0
 104.391000000003 80.6489999999758 46.5190000000293 53.4780000000028 72.3350000000792 45.5879999999888 52.0389999999898 51.7770000000019 123.054999999935 0
 1.75299999999697 1.62799999999697 1.63799999999173 1.75800000000163 1.47900000000664 1.85999999998603 1.86000000000058 1.46400000000722 2.0789999999979 0
 89.4330000000773 69.9760000000242 41.2689999999711 48.3610000000335 69.1979999999749 40.7339999999385 47.8589999999385 46.9739999999292 110.119999999995 93.5069999999832
 0 0 0 0 0 0 0 0 0 0
 0 0 0 0 0 0 0 0 0 0
 22.5439999999944 22.0690000000177 19.2129999999888 19.8020000000251 37.5240000000922 19.1219999999739 18.9430000000866 20.310999999987 25.9100000000326 0
 1.14100000000326 0.932999999989988 0.702000000004773 0.721999999994296 0.959000000002561 0.815000000002328 0.835000000006403 0.850999999995111 0.92500000000291 0
 23.7110000000102 23.0219999999972 19.9309999999823 20.5389999999898 38.6390000000829 19.9529999999795 19.7920000000158 21.1780000000726 26.85699999996 30.5260000000708
 0 0 0 0 0 0 0 0 0 0
 0 0 0 0 0 0 0 0 0 0
 198.57799999998 202.54800000001 121.870999999985 131.814000000013 211.842999999993 122.084999999963 129.645000000019 130.742000000086 325.379000000074 122.904999999912
 4.90499999999884 4.70600000000559 4.14500000000407 4.02499999999418 4.57499999999709 4.46199999999953 4.54200000000128 5.27000000000407 5.68600000000151 407.199999999997
 186.866999999969 195.054000000004 119.190000000061 129.025000000023 213.618000000017 119.893999999971 128.21100000001 130.273000000045 316.222000000067 754.763999999966
 0 0 0 0 0 0 0 0 0 0
 0 0 0 0 0 0 0 0 0 0
 7205.57200000004 7045.984 5754.36700000003 7601.42799999996 6497.43999999994 5818.94499999995 5303.90499999991 6889.91599999997 10772.097 7890.56500000006
 212.502000000008 213.110000000001 201.77399999999 204.668999999994 1978.814 216.305999999997 2995.728 3963.683 1743.245 5697.71900000001
 7030.73400000005 6861.54700000002 5624.33199999994 7699.91099999996 9462.79299999995 5726.902 9266.46400000004 12727.838 12733.392 17151.5040000001
 0 0 0 0 0 0 0 0 0 0
 0 0 0 0 0 0 0 0 0 0
