V1 V2 V3 V4 V5 V6 V7 V8 V9 V10
sam 24.4689999999828 22.335000000021 22.2029999999795 23.1930000000284 23.9340000000084 23.7020000000484 23.3239999999641 23.4640000000363 23.1579999999376 23.1979999999749
geode 0.37599999998929 0.336999999999534 0.327000000004773 0.335000000006403 0.339000000007218 0.327999999994063 0.31600000000617 0.311999999990803 0.302999999999884 0.296000000002095
ref 24.8640000000596 22.6909999999916 22.5479999999516 23.5469999999041 24.2920000000158 24.048000000068 23.658000000054 23.795999999973 23.4799999999814 23.5130000000354
infog 0 0 0 0 0 0 0 0 0 0
func 0 0 0 0 0 0 0 0 0 0
EFSIS 36.5569999999716 36.1489999999758 35.5380000000005 35.7760000000126 35.5270000000019 36.7649999999558 34.4560000000056 35.5929999999935 34.5950000000885 33.9150000000373
 1.67200000000594 1.69199999999546 1.65399999999499 1.66699999998673 1.62399999999616 1.61999999999534 1.58699999999953 1.60900000001129 1.54700000000594 1.54599999998754
 38.2589999999618 37.8680000000168 37.2199999999721 37.4720000000671 37.1789999998873 38.4149999999208 36.0709999999963 37.2299999999814 36.1689999999944 35.4880000000121
 0 0 0 0 0 0 0 0 0 0
 0 0 0 0 0 0 0 0 0 0
 51.1089999999967 48.234999999986 46.5869999999995 47.2039999999688 51.7919999999576 50.4280000000144 49.4050000000279 48.8580000000075 49.5329999999376 48.3660000000382
 2.47800000000279 2.42500000000291 2.52300000000105 2.33700000001409 2.21499999999651 2.36500000000524 2.61599999999453 2.61599999999453 2.57200000000012 2.36100000000442
 47.0990000000456 44.5010000000475 42.7410000000382 43.3159999999916 47.7090000000317 46.2870000000112 45.6139999999432 45.3429999999935 45.9030000000494 44.6790000000037
 0 0 0 0 0 0 0 0 0 0
 0 0 0 0 0 0 0 0 0 0
 20.2480000000214 19.454000000027 20.4020000000019 20.0520000000251 20.0270000000019 19.4440000000177 18.9699999999721 19.3229999999749 19.4420000000391 19.4020000000019
 0.88399999999092 0.865999999994528 0.885999999998603 0.862999999997555 0.839000000007218 0.827000000004773 0.81600000000617 0.828999999997905 0.817999999999302 0.801999999996042
 21.1479999999283 20.3360000000102 21.3040000000037 20.9309999999823 20.8819999999832 20.2870000000112 19.8009999999776 20.1680000000633 20.2759999999544 20.2199999999721
 0 0 0 0 0 0 0 0 0 0
 0 0 0 0 0 0 0 0 0 0
 137.752999999968 131.331999999995 130.17200000002 131.601000000024 136.543999999994 135.609000000055 131.398999999976 132.638000000035 132.140000000014 130.207999999984
 5.50199999999313 5.39800000000105 5.47000000000116 5.28900000000431 5.10100000000966 5.21300000000338 5.4149999999936 5.44700000000012 5.32100000001083 5.08400000000256
 136.83600000001 130.636000000057 129.339999999967 130.732999999891 135.41399999999 134.385000000009 130.471999999951 132.022999999928 131.324999999953 129.309000000008
 0 0 0 0 0 0 0 0 0 0
 0 0 0 0 0 0 0 0 0 0
 7049.15700000001 6911.989 6774.53699999995 6874.62799999997 7037.95799999998 7142.11099999998 7040.65600000002 6911.34100000001 7007.84199999995 6914.44500000007
 282.860000000001 276.536999999997 267.082999999999 261.505999999994 259.991999999998 270.390999999989 268.445000000007 261.349999999991 261.905999999988 255.584000000003
 7011.005 6875.36399999994 6728.37800000003 6820.223 6983.93499999994 7088.12300000002 6994.6590000001 6871.82799999998 6956.58499999996 6858.66899999999
 0 0 0 0 0 0 0 0 0 0
 0 0 0 0 0 0 0 0 0 0
