V1 V2 V3 V4 V5 V6 V7 V8 V9 V10
sam 17.969000000001 14.594000000001 14.8609999999971 15.5600000000013 15.4840000000004 15.7160000000003 17.0560000000005 17.9089999999997 15.1850000000013 15.0819999999949
geode 0.000999999999976353 0 0 0 0 0 0 0 0 0
ref 17.9839999999967 14.6059999999998 14.872000000003 15.5720000000001 15.4959999999992 15.7290000000066 17.0699999999924 17.9239999999991 15.1970000000001 15.093000000008
infog 0 0 0 0 0 0 0 0 0 0
func 0 0 0 0 0 0 0 0 0 0
EFSOS 48.2180000000008 35.4939999999988 35.7740000000013 35.4749999999985 35.0270000000019 37.0790000000015 49.8220000000001 34.9440000000031 34.780999999999 34.6370000000024
EFSIS 1.37400000000002 1.20099999999991 1.05899999999997 1.22900000000004 1.20800000000008 1.18000000000006 1.40499999999997 1.18299999999999 1.18299999999999 1.19299999999998
 49.6319999999978 36.7229999999981 36.8619999999937 36.7330000000075 36.2630000000063 38.2899999999936 51.2670000000071 36.1549999999988 35.9940000000061 35.8589999999967
 0 0 0 0 0 0 0 0 0 0
 0 0 0 0 0 0 0 0 0 0
 58.6589999999997 41.8990000000013 41.1330000000016 47.5839999999989 45.8679999999986 48.8439999999973 58.6239999999998 45.3059999999969 46.6239999999998 45.6489999999976
 0.387000000000057 0.325000000000045 0.263000000000034 0.551999999999907 0.534999999999968 0.391999999999939 0.746000000000095 0.296000000000049 0.581000000000017 0.461000000000013
 59.0930000000008 42.2569999999978 41.4300000000076 48.1739999999991 46.4409999999916 49.2740000000049 59.4159999999974 45.6389999999956 47.2430000000022 46.1469999999972
 0 0 0 0 0 0 0 0 0 0
 0 0 0 0 0 0 0 0 0 0
 26.094000000001 18.8349999999991 18.857 18.7670000000035 18.7659999999996 18.9120000000003 22.7790000000023 18.9410000000025 18.6739999999991 18.7330000000002
 0.7349999999999 0.59699999999998 0.596000000000004 0.593000000000075 0.59699999999998 0.591000000000008 0.669999999999959 0.616999999999962 0.592999999999961 0.596000000000004
 26.8510000000024 19.448000000004 19.4689999999973 19.3760000000038 19.3780000000115 19.5179999999964 23.4689999999973 19.573000000004 19.281999999992 19.343000000008
 0 0 0 0 0 0 0 0 0 0
 0 0 0 0 0 0 0 0 0 0
 157.358 115.664000000001 115.484 122.503000000001 120.209000000003 125.630000000001 154.632000000001 122.615000000002 120.722999999998 119.546999999999
 2.51499999999999 2.1339999999999 1.92999999999995 2.38599999999997 2.38400000000001 2.16300000000001 2.83199999999999 2.14300000000003 2.36599999999999 2.29300000000001
 160.002 117.890999999996 117.506000000008 124.988000000012 122.690000000002 127.894 157.587999999989 124.856999999989 123.187000000005 121.937000000005
 0 0 0 0 0 0 0 0 0 0
 0 0 0 0 0 0 0 0 0 0
 337.877 325.670999999998 327.263999999999 332.778999999999 338.845999999998 351.205999999998 398.083999999999 327.863999999998 326.917000000001 322.307999999997
 7.86700000000008 7.79600000000005 7.58900000000006 6.92899999999997 7.572 7.86000000000001 10.091 6.81200000000001 7.495 7.06200000000001
 1075.377 911.608999999997 962.865000000005 806.424999999988 815.240000000005 686.699000000008 837.606 670.660000000003 696.277000000002 656.797999999995
 14704.3089999999 11775.5820000002 12012.4349999998 12703.2390000001 12770.2309999999 15289.9000000001 18904.885 14192.6099999999 14820.3350000002 14754.6639999999
 12173.295 9923.65399999998 12151.153 6228.30699999997 6375.685 354.146999999997 755.785000000033 1411.07799999998 1973.89299999998 742.806000000041
