V1 V2 V3 V4 V5 V6 V7 V8 V9 V10
sam 16.3989999999758 16.5160000000033 14.3019999999669 15.2870000000112 15.0160000000033 14.420999999973 15.1360000000568 16.4760000000242 14.1659999999683 15.3800000000047
geode 0.153000000005704 0.150999999998021 0.127999999996973 0.135999999998603 0.129999999990105 0.122999999992317 0.128000000011525 0.146999999997206 0.122999999992317 0.130999999993946
ref 16.5649999999441 16.6809999999823 14.4429999999702 15.4349999999395 15.1589999999851 14.5550000000512 15.2759999999544 16.6380000000354 14.2999999999302 15.5250000000233
infog 0 0 0 0 0 0 0 0 0 0
func 0 0 0 0 0 0 0 0 0 0
EFSIS 35.429999999993 36.125 36.7420000000275 35.4990000000107 34.9619999999995 39.0210000000661 34.5409999999683 60.4940000000643 35.1169999999693 34.2199999999721
 1.43099999999686 1.5280000000057 1.56899999998859 1.43400000000838 1.45100000000093 1.68899999999849 1.41799999999057 1.81100000000151 1.60400000000664 1.43400000000838
 36.8910000000615 37.6819999999134 38.3410000000149 36.9610000000102 36.4399999999441 40.7419999999693 35.987000000081 62.3560000000289 36.7510000000475 35.6809999999823
 0 0 0 0 0 0 0 0 0 0
 0 0 0 0 0 0 0 0 0 0
 53.8470000000088 59.5170000000508 55.164999999979 51.8609999999753 43.3479999999981 54.5670000000391 54.1659999999683 50.3629999998957 43.283000000054 52.0729999999749
 2.3859999999986 1.83899999999267 1.95000000001164 1.89800000000105 1.80500000000757 2.09500000000116 1.66200000001118 1.86900000000605 1.85899999999674 1.88999999999942
 49.4179999999469 55.0540000000037 51.3190000000177 48.4089999999851 39.890000000014 50.1040000000503 49.4319999999134 46.8800000000047 39.0860000000102 48.0670000000391
 0 0 0 0 0 0 0 0 0 0
 0 0 0 0 0 0 0 0 0 0
 18.8030000000144 18.7199999999721 18.7779999999912 18.6350000000093 18.4170000000158 18.8409999998985 19.4179999999469 19.3800000000047 19.0500000000466 18.8100000000559
 0.728000000002794 0.872000000003027 0.870999999999185 0.735000000000582 0.722999999998137 0.718000000008033 0.744999999995343 0.752999999996973 0.778999999994994 0.720999999990454
 19.5460000000894 19.6080000000075 19.6630000000587 19.3850000000093 19.1539999999804 19.5749999999534 20.1800000000512 20.1469999999972 19.8429999999935 19.545999999973
 0 0 0 0 0 0 0 0 0 0
 0 0 0 0 0 0 0 0 0 0
 130.229999999981 136.074000000022 130.050999999978 126.167000000016 116.26800000004 131.477000000072 129.246999999974 151.690999999992 116.27899999998 125.589999999967
 4.76200000000244 4.45200000000477 4.57699999999022 4.24599999999919 4.1479999999865 4.67399999999907 4.02600000001257 4.63300000000163 4.41599999999744 4.23099999999977
 128.239999999991 134.286999999895 128.89300000004 125.121000000043 115.212999999989 129.655999999959 126.937000000034 151.055000000051 114.699000000022 123.983000000007
 0 0 0 0 0 0 0 0 0 0
 0 0 0 0 0 0 0 0 0 0
 6073.51199999999 6131.16899999999 5874.94699999999 6380.01699999999 6036.82500000001 6012.13799999992 5528.17300000007 5677.29399999999 5981.68799999997 5883.46999999997
 228.009000000005 233.138999999996 226.380000000005 217.118000000002 233.848000000013 931.820999999996 2641.76999999999 217.567999999999 220.985000000001 218.822
 5980.64199999999 6064.15600000008 5800.79099999997 6297.08299999998 5976.89500000002 7066.43900000001 9199.37899999996 5601.79700000002 5902.02099999995 5804.005
 0 0 0 0 0 0 0 0 0 0
 0 0 0 0 0 0 0 0 0 0
