V1 V2 V3 V4 V5 V6 V7 V8 V9 V10
sam 22.3969999999972 24.5970000000088 23.8060000000114 23.502999999997 27.6419999999925 23.0290000000095 26.4410000000207 23.0089999999909 22.2419999999984 22.685999999987
geode 0.00100000000020373 0 0 0 0 0 0.00200000000040745 0.00200000000040745 0.00399999999990541 0.0200000000004366
ref 22.4159999999974 24.6169999999984 23.8239999999932 23.5219999999972 27.6630000000005 23.0470000000205 26.4640000000072 23.0299999999988 22.2639999999956 22.7239999999874
infog 0 0 0 0 0 0 0 0 0 0
func 0 0 0 0 0 0 0 0 0 0
EFSIS 36.1779999999999 40.531999999992 40.4659999999858 37.859999999986 40.554999999993 37.7059999999765 41.7039999999979 38.5979999999981 27.7399999999907 19.7059999999765
 1.20400000000018 1.27300000000014 1.2489999999998 1.24800000000005 1.5630000000001 1.21999999999935 1.48099999999977 1.38100000000031 212.505 156.879000000001
 37.4110000000073 41.8390000000072 41.7479999999923 39.1379999999772 42.1520000000019 38.9549999999872 43.2200000000012 40.0099999999802 275.29800000001 270.777000000002
 0 0 0 0 0 0 0 0 0 0
 0 0 0 0 0 0 0 0 0 0
 49.5070000000123 48.2390000000014 48.8509999999951 48.6580000000249 64.1759999999776 48.7290000000212 55.5309999999881 47.1330000000016 0 0
 1.56899999999996 1.75399999999991 1.45600000000013 1.50800000000027 1.18000000000029 1.82500000000073 0.951000000000022 1.6309999999994 0 67.8769999999986
 44.7449999999953 44.330999999991 44.2889999999898 44.3030000000144 58.1669999999867 44.5100000000093 51.0370000000112 42.9590000000026 44.237999999983 42.3769999999786
 0 0 0 0 0 0 0 0 0 0
 0 0 0 0 0 0 0 0 0 0
 19.9259999999922 20.5409999999974 19.4770000000135 20.9439999999886 21.9790000000212 19.4369999999763 21.1710000000021 19.8470000000088 0 0
 0.614000000000033 0.610999999999876 0.605999999999767 0.5949999999998 0.765000000000327 0.592999999999847 0.681000000000495 0.657000000000153 0 0
 20.5559999999969 21.1680000000051 20.0979999999981 21.554999999993 22.7619999999879 20.0449999999837 21.8690000000061 20.5200000000186 20.189000000013 21.4320000000007
 0 0 0 0 0 0 0 0 0 0
 0 0 0 0 0 0 0 0 0 0
 133.168000000005 139.266000000003 137.654999999999 136.070999999996 160.066999999981 134.024000000005 150.392000000022 134.394 49.9819999999891 42.3929999999818
 3.38800000000037 3.64800000000014 3.31099999999969 3.36200000000008 3.52199999999993 3.64899999999943 3.12800000000061 3.6850000000004 212.509 224.776
 130.292000000001 137.327000000005 135.016999999993 133.639999999985 156.475999999995 131.696000000025 148.152000000002 132.344999999972 367.548999999999 362.342999999993
 0 0 0 0 0 0 0 0 0 0
 0 0 0 0 0 0 0 0 0 0
 6152.251 6091.073 6104.13099999999 6150.35500000001 6384.28100000002 5887.52299999999 6386.67999999999 5495.807 4342.696 3878.19400000002
 176.271 175.382 174.266 184.034 184.044000000001 952.508 242.916999999999 1138.851 3877.816 4727.657
 6016.389 5969.022 5981.25599999999 6029.913 6248.45699999999 6919.633 6361.16999999998 6855.894 9898.96900000001 10794.271
 0 0 0 0 0 0 0 0 0 0
 0 0 0 0 0 0 0 0 0 0
