V1 V2 V3 V4 V5 V6 V7 V8 V9 V10
sam 14.9949999999953 17.7250000000058 15.7300000000105 16.185999999987 17.3410000000149 15.6900000000023 16.2140000000072 15.189000000013 15.3949999999895 15.310999999987
geode 0.360000000000582 0.400000000001455 0.334999999999127 0.320999999996275 0.326000000000931 0.278999999994994 0.271999999997206 0.243000000002212 0.234999999993306 0.221999999994296
ref 15.3680000000168 18.1389999999956 16.0779999999795 16.5199999999895 17.6820000000007 15.9830000000075 16.4990000000107 15.4439999999886 15.6430000000109 15.5460000000021
infog 0 0 0 0 0 0 0 0 0 0
func 0 0 0 0 0 0 0 0 0 0
EFSIS 35.9429999999993 38.8839999999909 36.6449999999895 39.1209999999846 40.0240000000049 36.679999999993 36.1749999999884 34.49099999998 35.9610000000102 35.765000000014
 2.04299999999785 2.06999999999971 1.98500000000058 2.26699999999983 1.94499999999971 1.77999999999884 1.78600000000006 1.67499999999563 1.9910000000018 1.97899999999936
 38.0160000000033 40.9870000000228 38.6620000000112 41.4349999999977 42.0040000000154 38.487999999983 37.9919999999984 36.1929999999993 37.9809999999998 37.7740000000049
 0 0 0 0 0 0 0 0 0 0
 0 0 0 0 0 0 0 0 0 0
 60.9090000000142 80.9030000000203 69.2170000000042 72.9990000000107 63.1349999999802 73.765000000014 49.6119999999937 50.5910000000149 44.5080000000016 70.9929999999877
 2.72100000000501 2.99499999999534 2.74900000000343 2.99400000000605 2.72799999999552 2.64600000000064 2.26799999999639 1.99700000000303 2.12000000000262 2.42700000000332
 56.8309999999765 78.0050000000047 65.8040000000037 68.6049999999814 59.3369999999995 68.5060000000231 45.8289999999979 46.314000000013 40.3509999999951 66.8889999999956
 0 0 0 0 0 0 0 0 0 0
 0 0 0 0 0 0 0 0 0 0
 18.7410000000091 19.68299999999 18.8809999999939 19.2729999999865 18.9720000000088 18.8849999999802 18.9250000000175 19.2789999999804 18.7859999999928 19.49099999998
 1.02599999999802 1.03600000000006 0.995999999999185 1.09799999999814 1.06499999999505 0.898000000001048 0.880000000004657 0.873999999996158 0.98700000000099 0.877999999996973
 19.7820000000065 20.734999999986 19.8930000000109 20.387000000017 20.0529999999853 19.7989999999991 19.8209999999963 20.1689999999944 19.7880000000005 20.3880000000063
 0 0 0 0 0 0 0 0 0 0
 0 0 0 0 0 0 0 0 0 0
 135.165000000008 163.228000000003 145.220000000001 152.320000000007 144.085000000021 150.008999999991 125.712 124.521999999997 119.301000000007 146.875
 6.27299999999377 6.64900000000489 6.17799999999988 6.77399999999761 6.16500000000087 5.70099999999366 5.29599999999482 4.87799999999697 5.40399999999499 5.58199999999488
 134.701000000001 164.051000000007 145.302999999985 151.785000000003 143.792000000016 147.866999999998 125.021000000008 123.185999999987 118.49000000002 145.991000000009
 0 0 0 0 0 0 0 0 0 0
 0 0 0 0 0 0 0 0 0 0
 6442.27499999999 6172.65300000002 6119.53100000002 6071.348 6098.20799999998 6262.91800000001 5922.06899999999 5738.26500000001 6268.378 6087.62899999999
 304.704000000005 285.452999999994 277.567000000003 271.938999999998 268.449000000001 265.721000000005 259.824000000001 253.999000000003 255.154000000002 248.336000000003
 6414.45500000002 6144.45600000001 6071.23800000001 6030.34599999999 6042.27299999999 6194.49400000001 5864.717 5686.796 6204.67899999997 6026.23699999999
 0 0 0 0 0 0 0 0 0 0
 0 0 0 0 0 0 0 0 0 0
