V1 V2 V3 V4 V5 V6 V7 V8 V9 V10
sam 7.75900000000547 8.50599999999395 8.73699999999371 7.61699999999837 7.71099999999569 7.76800000001094 7.59500000000116 7.51299999999173 8.11500000000524 8.32799999999406
geode 0.0399999999990541 0.0430000000014843 0.0450000000000728 0.0370000000002619 0.0370000000002619 0.0360000000000582 0.0349999999998545 0.0339999999996508 0.0350000000016735 0.0360000000000582
ref 7.80500000005122 8.55499999999302 8.78999999997905 7.65999999997439 7.75299999996787 7.80999999999767 7.63699999998789 7.55300000001444 8.15599999995902 8.36999999999534
infog 0 0 0 0 0 0 0 0 0 0
func 0 0 0 0 0 0 0 0 0 0
EFSIS 4.9890000000014 5.30100000000675 4.98500000000058 4.78900000000431 4.86600000000908 4.94399999998859 4.81500000000233 4.71800000000803 4.75400000000081 4.88700000000244
 0.150000000001455 0.141999999999825 0.149999999999636 0.138000000000829 0.139999999999418 0.137000000000626 0.121000000001004 0.138999999999214 0.147999999999229 0.139999999999418
 5.14299999998184 5.44800000003306 5.13800000003539 4.9320000000298 5.01000000000931 5.08399999997346 4.93900000001304 4.86199999996461 4.90600000001723 5.03099999995902
 0 0 0 0 0 0 0 0 0 0
 0 0 0 0 0 0 0 0 0 0
 8.28399999999965 8.51299999999173 8.6140000000014 8.98699999999371 8.92399999999907 8.5280000000057 8.33499999999185 8.1759999999922 8.87799999999697 8.69599999999627
 0.0519999999996799 0.0489999999990687 0.0529999999998836 0.0499999999992724 0.043999999999869 0.0470000000004802 0.0419999999994616 0.0640000000003056 0.0480000000006839 0.0420000000012806
 6.73800000001211 6.49699999997392 7.08499999996275 7.08600000001024 7.33600000001024 6.78100000001723 6.53999999997905 6.51400000002468 7.08600000001024 7.24300000001676
 0 0 0 0 0 0 0 0 0 0
 0 0 0 0 0 0 0 0 0 0
 2.30100000000675 2.46800000000803 2.29899999999907 2.57200000000012 2.2390000000014 2.21899999999732 2.18099999999686 2.22100000000501 2.20900000000256 2.20900000000256
 0.0709999999999127 0.0740000000005239 0.0709999999999127 0.0750000000007276 0.0720000000001164 0.0709999999999127 0.0720000000001164 0.0720000000001164 0.069999999999709 0.0709999999999127
 2.37299999996321 2.5449999999837 2.37099999998463 2.64999999996508 2.31199999997625 2.29000000003725 2.25500000000466 2.29399999999441 2.28100000001723 2.28100000001723
 0 0 0 0 0 0 0 0 0 0
 0 0 0 0 0 0 0 0 0 0
 24.625 26.2690000000002 25.8830000000016 25.2090000000026 24.9799999999959 24.7570000000123 24.7339999999967 23.8889999999956 25.3080000000045 25.4279999999999
 0.320999999999913 0.317000000000917 0.326999999999316 0.306000000000495 0.298999999999069 0.299000000000888 0.280000000000655 0.315999999998894 0.308000000000902 0.295000000000073
 23.3610000000335 24.5360000000219 24.6419999999925 23.579000000027 23.6599999999744 23.2729999999865 23.1889999999548 22.4920000000275 23.789999999979 24.2410000000382
 0 0 0 0 0 0 0 0 0 0
 0 0 0 0 0 0 0 0 0 0
 1244.268 1269.60799999999 1234.06299999999 1215.16 1206.77 1225.98299999999 1228.583 1245.228 1265.33900000001 1246.068
 16.8060000000005 16.5560000000005 16.5149999999994 16.3040000000001 15.6720000000005 15.8349999999991 16.134 16.5 15.741 15.7839999999997
 1173.22600000002 1197.26299999998 1164.272 1142.63199999998 1139.42700000003 1153.52500000002 1150.81100000005 1177.217 1201.571 1183.359
 0 0 0 0 0 0 0 0 0 0
 0 0 0 0 0 0 0 0 0 0
