V1 V2 V3 V4 V5 V6 V7 V8 V9 V10
sam 5.36599999999453 5.48099999999977 5.69700000000012 5.96300000000338 5.58800000000338 5.17099999999482 5.56399999999849 5.31899999999587 5.84500000000116 5.75600000000122
geode 0 0 0.000999999999976353 0 0.000999999999976353 0 0 0 0.00199999999995271 0.00200000000006639
ref 5.37099999999919 5.48500000000058 5.70200000000477 5.96800000000076 5.59299999999348 5.17500000000291 5.5679999999993 5.32200000000012 5.84999999999854 5.76400000000285
infog 0 0 0 0 0 0 0 0 0 0
func 0 0 0 0 0 0 0 0 0 0
EFSIS 4.93300000000454 4.99700000000303 5.13999999999942 4.79200000000128 5.22099999999773 4.93800000000192 5.19700000000012 4.94700000000012 4.72499999999854 5.1730000000025
 0.161999999999978 0.123999999999967 0.129999999999995 0.134000000000015 0.158999999999992 0.157000000000039 0.158999999999992 0.147000000000048 0.128000000000043 0.153999999999996
 5.09799999999814 5.125 5.28800000000047 4.93099999999686 5.38300000000163 5.09799999999814 5.36099999999715 5.09900000000198 4.85700000000361 5.33200000000215
 0 0 0 0 0 0 0 0 0 0
 0 0 0 0 0 0 0 0 0 0
 8.93499999999767 9.375 9.5109999999986 9.41000000000349 8.73799999999756 8.66400000000431 9.43300000000454 8.8660000000018 9.09599999999773 8.90600000000268
 0.00499999999999545 0.0029999999999859 0.0040000000000191 0.00599999999997181 0.00900000000001455 0.00599999999997181 0.00499999999999545 0.02699999999993 0.0040000000000191 0.0080000000000382
 7.45300000000134 7.82200000000012 7.87199999999575 7.77400000000489 7.13199999999779 7.02999999999884 7.82800000000134 7.37199999999575 7.61699999999837 7.36299999999756
 0 0 0 0 0 0 0 0 0 0
 0 0 0 0 0 0 0 0 0 0
 2.32499999999709 2.38100000000122 2.33299999999872 2.3289999999979 2.43100000000413 2.27699999999459 2.28600000000006 2.2980000000025 2.2980000000025 2.36199999999371
 0.0769999999999982 0.0750000000000455 0.0659999999999741 0.0620000000000118 0.0750000000000455 0.0810000000000173 0.0819999999999936 0.0769999999999982 0.0629999999999882 0.0819999999999936
 2.40400000000227 2.45999999999913 2.40099999999802 2.39099999999598 2.50700000000506 2.35900000000402 2.36899999999878 2.37700000000041 2.36299999999756 2.44499999999971
 0 0 0 0 0 0 0 0 0 0
 0 0 0 0 0 0 0 0 0 0
 22.7180000000008 23.4490000000005 23.9459999999963 23.6960000000036 23.2289999999994 22.2249999999985 23.7330000000002 22.627999999997 23.1169999999984 23.4260000000068
 0.243999999999971 0.20599999999996 0.202999999999975 0.202999999999975 0.244000000000028 0.245999999999981 0.247999999999934 0.250999999999976 0.198999999999955 0.248000000000047
 21.4850000000006 22.1089999999967 22.5299999999988 22.2690000000002 21.8679999999949 20.8400000000038 22.3819999999978 21.3689999999988 21.8419999999969 22.1370000000024
 0 0 0 0 0 0 0 0 0 0
 0 0 0 0 0 0 0 0 0 0
 1122.59299999999 1115.966 1106.745 1077.076 1105.999 1118.593 1105.584 1113.618 1102.822 1085.20099999999
 11.48 11.337 10.694 11.865 11.761 10.9720000000001 11.604 11.811 10.587 10.574
 1058.426 1051.641 1040.773 1013.288 1039.673 1052.876 1040.959 1050.984 1038.403 1019.69
 0 0 0 0 0 0 0 0 0 0
 0 0 0 0 0 0 0 0 0 0
