V1 V2 V3 V4 V5 V6 V7 V8 V9 V10
sam 8.31299999999464 8.17500000000291 8.27100000000064 8.34900000000198 8.30099999999948 8.28100000000268 8.2960000000021 7.90499999999884 8.11300000000483 8.12000000000262
geode 0.00199999999995271 0.00200000000006639 0.000999999999976353 0.000999999999976353 0.00100000000009004 0.00399999999990541 0 0.000999999999976353 0 0.00200000000006639
ref 8.31600000004983 8.17699999996694 8.26999999996042 8.35000000003492 8.30099999997765 8.28100000001723 8.2949999999837 7.90299999999115 8.11300000001211 8.12299999996321
infog 0 0 0 0 0 0 0 0 0 0
func 0 0 0 0 0 0 0 0 0 0
EFSIS 4.92700000000332 4.8289999999979 4.93699999999808 4.95300000000134 4.91399999999703 4.9539999999979 4.93800000000192 4.79000000000087 4.84399999999732 4.8949999999968
 0.120999999999981 0.126999999999953 0.129999999999995 0.128000000000043 0.1099999999999 0.122000000000071 0.124000000000024 0.115999999999985 0.125 0.125999999999976
 5.04699999996228 4.9550000000163 5.06800000002841 5.07999999995809 5.0230000000447 5.07499999995343 5.06200000003446 4.90499999996973 4.96999999997206 5.02000000001863
 0 0 0 0 0 0 0 0 0 0
 0 0 0 0 0 0 0 0 0 0
 9.89199999999983 9.61800000000221 9.56399999999849 9.63799999999901 9.59800000000541 9.46499999999651 9.45500000000175 9.02399999999761 9.10399999999936 9.37999999999738
 0.0430000000000064 0.0449999999999591 0.0529999999999973 0.0439999999999827 0.039000000000101 0.0449999999999591 0.0380000000000109 0.0520000000000209 0.491999999999962 0.04200000000003
 7.7960000000312 7.52100000000792 7.47299999999814 7.7050000000163 7.55999999999767 7.55000000004657 7.61900000000605 7.24300000001676 7.33100000000559 7.37800000002608
 0 0 0 0 0 0 0 0 0 0
 0 0 0 0 0 0 0 0 0 0
 2.32499999999709 2.34799999999814 2.33100000000559 2.29499999999825 2.36399999999412 2.64900000000489 2.36899999999878 2.30399999999645 2.34500000000116 2.29400000000169
 0.0629999999999882 0.0629999999999882 0.0610000000000355 0.0660000000000309 0.0619999999998981 0.0620000000000118 0.0620000000000118 0.0639999999999645 0.0630000000001019 0.0649999999999409
 2.38799999997718 2.41099999996368 2.39199999999255 2.36100000003353 2.42699999996694 2.71099999995204 2.42999999999302 2.36900000000605 2.40799999999581 2.35999999998603
 0 0 0 0 0 0 0 0 0 0
 0 0 0 0 0 0 0 0 0 0
 26.7580000000016 26.3220000000001 26.4400000000023 26.5910000000003 26.5330000000031 26.6779999999999 26.3970000000045 25.2819999999992 25.6779999999999 25.9309999999969
 0.230000000000018 0.240999999999985 0.246999999999957 0.240000000000009 0.213000000000079 0.232999999999947 0.225000000000023 0.235000000000014 0.682000000000016 0.235000000000014
 24.8490000000456 24.4189999999944 24.5419999999576 24.8530000000028 24.6660000000265 24.945000000007 24.7470000000321 23.6810000000405 24.0970000000088 24.1209999999846
 0 0 0 0 0 0 0 0 0 0
 0 0 0 0 0 0 0 0 0 0
 688.813999999998 688.909 695.485000000001 693.419000000002 687.197999999997 693.040999999997 680.828000000001 665.875 664.796000000002 667.380000000005
 9.93499999999995 9.95000000000005 9.88300000000004 9.81499999999994 9.87799999999993 9.84699999999998 9.90200000000004 9.97799999999995 9.98599999999999 9.97400000000005
 668.033999999985 667.901000000013 673.793000000005 671.947000000044 665.604999999981 672.376999999979 659.787999999942 645.506999999983 644.008999999962 646.940999999992
 0 0 0 0 0 0 0 0 0 0
 0 0 0 0 0 0 0 0 0 0
