V1 V2 V3 V4 V5 V6 V7 V8 V9 V10
sam 7.97899999999936 7.28800000000047 7.64299999999639 7.99399999999878 8.0679999999993 7.93099999999686 8.14400000000023 7.79299999999785 8.12999999999738 7.50999999999476
geode 0.0750000000007276 0.0829999999996289 0.0709999999999127 0.0729999999994106 0.0689999999995052 0.0650000000005093 0.0630000000001019 0.0579999999999927 0.0590000000001965 0.0510000000003856
ref 8.06500000000233 7.37700000000768 7.71899999999732 8.07299999998941 8.14299999999639 8.00200000000768 8.21299999998882 7.8579999999929 8.19500000000698 7.5679999999993
infog 0 0 0 0 0 0 0 0 0 0
func 0 0 0 0 0 0 0 0 0 0
EFSIS 4.92500000000291 4.12600000000384 4.77000000000407 4.72299999999814 4.7809999999954 4.70000000000437 4.79400000000169 4.6929999999993 4.81700000000274 4.89199999999983
 0.192000000000007 37.7640000000001 0.149999999999636 0.173999999999978 0.190999999999804 0.188999999999396 0.17699999999968 0.173999999999978 0.155999999999949 0.179999999999382
 5.12099999999919 63.1779999999999 4.92500000000291 4.90200000000186 4.97600000000966 4.89400000000023 4.97400000000198 4.8700000000099 4.97600000000966 5.07600000000093
 0 0 0 0 0 0 0 0 0 0
 0 0 0 0 0 0 0 0 0 0
 8.67699999999604 0 8.33499999999913 8.66100000000006 8.89400000000023 8.92900000000373 8.85700000000361 9.26100000000588 8.94099999999889 8.44700000000012
 0.106999999999971 13.0870000000004 0.108000000000175 0.0900000000001455 0.0840000000007421 0.0840000000007421 0.0760000000000218 0.113999999999578 0.081000000000131 0.104000000000269
 6.7899999999936 6.80899999999383 6.55899999999383 6.94600000001083 7.07499999999709 7.00799999998708 7.13800000000629 7.30299999999988 7.17999999999302 6.66300000000047
 0 0 0 0 0 0 0 0 0 0
 0 0 0 0 0 0 0 0 0 0
 2.23800000000483 0 2.15299999999843 2.15400000000227 2.1730000000025 2.26299999999901 2.22699999999895 2.27399999999761 2.20100000000093 2.23599999999715
 0.081000000000131 0 0.0749999999998181 0.0820000000003347 0.0859999999993306 0.0850000000000364 0.0779999999995198 0.0889999999999418 0.0760000000000218 0.0940000000000509
 2.32200000000012 2.24899999999616 2.22999999999593 2.23699999999371 2.25999999999476 2.35000000000582 2.3070000000007 2.3640000000014 2.27900000000955 2.33000000000175
 0 0 0 0 0 0 0 0 0 0
 0 0 0 0 0 0 0 0 0 0
 25.122000000003 11.4140000000043 24.140999999996 24.7549999999974 25.1389999999956 25.0460000000021 25.3170000000027 25.2490000000034 25.3960000000006 24.4219999999987
 0.471000000000458 50.9340000000002 0.417999999999665 0.430999999999585 0.442999999999302 0.4350000000004 0.403999999999542 0.445999999999913 0.38300000000072 0.440000000000509
 23.6189999999915 80.8600000000006 22.6869999999908 23.3949999999895 23.6910000000062 23.4890000000014 23.9379999999946 23.6339999999909 23.9499999999971 22.9860000000044
 0 0 0 0 0 0 0 0 0 0
 0 0 0 0 0 0 0 0 0 0
 1117.27499999999 1112.471 1123.446 1198.109 1206.144 1216.47199999999 1213.204 1196.27 1210.72399999999 1176.063
 156.178 146.599999999999 112.182 23.826 21.4990000000007 21.1369999999997 26.8190000000004 29.3450000000003 20.2689999999993 19.7889999999998
 1255.122 1248.85100000001 1194.39300000001 1126.001 1131.03499999999 1142.515 1139.302 1136.99600000001 1135.557 1101.56899999999
 0 0 0 0 0 0 0 0 0 0
 0 0 0 0 0 0 0 0 0 0
