V1 V2 V3 V4 V5 V6 V7 V8 V9 V10
sam 5.04499999999825 5.80900000000111 5.93600000000151 0 0 8.16300000000047 5.65000000000146 9.00699999999779 5.33900000000722 5.71499999999651
geode 0.0560000000004948 0.0639999999984866 0.0669999999990978 0 0 0.227999999999156 0.183000000000902 0.334999999999127 0.211999999999534 0.257999999997992
ref 5.10599999999977 5.87700000000768 6.00800000000163 6.56399999999849 5.6189999999915 8.40700000000652 5.83599999999569 9.34900000000198 5.55400000000373 5.97899999999208
infog 0 0 0 0 0 0 0 0 0 0
func 0 0 0 0 0 0 0 0 0 0
EFSIS 4.96300000000338 4.18899999999849 5.12299999999959 0 0 1.2960000000021 1.04899999999907 1.56699999999546 0.831999999994878 1.30100000000675
 0.203999999999724 2.22600000000057 0.182000000000698 83.2420000000002 0 38.9220000000023 34.0089999999982 33.3529999999992 14.7890000000007 31.5460000000021
 5.17200000000594 7.7039999999979 5.30999999999767 132.164000000004 38.4250000000029 55.0880000000034 46.7890000000043 53.8549999999959 23.5729999999894 48.2390000000014
 0 0 0 0 0 0 0 0 0 0
 0 0 0 0 0 0 0 0 0 0
 8.19499999999971 10.0199999999968 9.875 0 0 2.88199999999779 5.58099999999831 3.46099999999569 8.98200000000361 6.43299999998999
 0.100000000000364 0.113999999999578 0.114999999999782 107.335999999999 0 1.31999999999971 0.332000000002154 2.25800000000163 0.380999999997584 2.45599999999831
 6.83800000000338 8.78199999999197 8.42600000000675 8.95099999998638 7.92699999999604 9.08499999999185 7.64800000000105 13.0709999999963 7.85599999999977 7.81399999999849
 0 0 0 0 0 0 0 0 0 0
 0 0 0 0 0 0 0 0 0 0
 2.14899999999761 2.21700000000419 2.23599999999715 0 0 1.09900000000198 1.33899999999994 2.14300000001094 1.01900000000023 1.2670000000071
 0.0950000000011642 0.324000000000524 0.0820000000003347 0 41.1519999999982 13.239999999998 18.4300000000003 10.7379999999976 14.3270000000011 12.2390000000014
 2.24899999999616 2.54400000000896 2.31999999999243 12.4410000000062 17.5979999999981 19.468000000008 25.5959999999905 18.4959999999992 21.9060000000027 20.1680000000051
 0 0 0 0 0 0 0 0 0 0
 0 0 0 0 0 0 0 0 0 0
 21.5520000000033 23.413999999997 24.375 0 0 13.4400000000023 13.6189999999988 16.1779999999999 16.1720000000059 14.7160000000003
 0.470000000001164 2.74099999999999 0.459999999999127 190.578 41.1519999999982 53.7099999999991 52.9540000000015 46.6839999999975 31.0319999999992 48.3029999999999
 20.5810000000056 26.099000000002 23.2839999999997 161.39499999999 70.9619999999995 93.4440000000031 87.1560000000027 96.823000000004 60.2029999999941 83.6579999999958
 0 0 0 0 0 0 0 0 0 0
 0 0 0 0 0 0 0 0 0 0
 1079.929 1012.959 208.724000000002 0 310.706999999995 491.335999999996 561.423000000003 943.303999999989 385.964000000007 597.316999999995
 79.9840000000004 270.742999999999 2841.553 3374.04 2836.504 2292.53 2388.645 1443.179 2841.69 1975.512
 1115.00499999999 1364.22899999999 4473.42300000001 5090.231 4555.605 3911.41899999999 4340.61900000001 3148.40199999999 4769.368 3721.481
 0 0 0 0 0 0 0 0 0 0
 0 0 0 0 0 0 0 0 0 0
