V1 V2 V3 V4 V5 V6 V7 V8 V9 V10
sam 5.8149999999996 5.33799999999974 5.11000000000013 5.12199999999984 5.14799999999968 5.13799999999992 5.18599999999969 5.10800000000017 5.16700000000037 5.37100000000009
geode 0.099000000000018 0.0240000000000009 0.0740000000000123 0.0200000000000102 0.0160000000000196 0.021000000000015 0.0180000000000007 0.0570000000000164 0.0970000000000084 0.0290000000000248
ref 5.91899999999987 5.36599999999999 5.18900000000031 5.14699999999993 5.16899999999987 5.16299999999956 5.20900000000074 5.16899999999987 5.26900000000023 5.40299999999934
infog 0 0 0 0 0 0 0 0 0 0
func 0 0 0 0 0 0 0 0 0 0
EFSOS 4.88800000000037 4.94400000000041 4.92499999999973 4.93100000000004 4.99200000000019 4.89199999999983 4.70300000000043 4.67299999999977 4.71100000000024 4.86599999999999
EFSIS 0.114999999999981 0.141999999999996 0.161999999999978 0.150999999999982 0.143000000000001 0.151999999999987 0.135999999999996 0.109999999999985 0.114000000000004 0.11099999999999
 5.00700000000052 5.09000000000015 5.09099999999944 5.08500000000004 5.13900000000012 5.04799999999977 4.84199999999964 4.78699999999935 4.82899999999972 4.98100000000068
 0 0 0 0 0 0 0 0 0 0
 0 0 0 0 0 0 0 0 0 0
 7.71299999999974 7.70599999999968 7.29199999999992 6.67700000000013 6.69599999999991 7.27000000000044 7.4380000000001 7.3130000000001 7.8130000000001 7.73199999999997
 0.0630000000000166 0.0879999999999939 0.0589999999999975 0.128000000000014 0.0939999999999941 0.0600000000000023 0.0939999999999941 0.0349999999999966 0.0679999999999836 0.108000000000004
 7.78399999999965 7.80100000000039 7.35699999999997 6.8100000000004 6.79500000000007 7.33500000000004 7.53899999999976 7.35300000000007 7.88600000000042 7.84599999999955
 0 0 0 0 0 0 0 0 0 0
 0 0 0 0 0 0 0 0 0 0
 2.25300000000016 2.33800000000019 2.26400000000012 2.27499999999964 2.28900000000021 2.27899999999954 2.2489999999998 2.27300000000014 2.28499999999985 2.2559999999994
 0.0629999999999882 0.0699999999999932 0.0710000000000264 0.0739999999999839 0.0749999999999886 0.0790000000000077 0.0629999999999882 0.0630000000000166 0.061000000000007 0.0619999999999834
 2.31899999999951 2.40899999999965 2.33600000000024 2.35199999999986 2.36599999999999 2.36100000000079 2.3130000000001 2.33799999999974 2.34699999999975 2.32099999999991
 0 0 0 0 0 0 0 0 0 0
 0 0 0 0 0 0 0 0 0 0
 21.8759999999997 21.5140000000001 20.7339999999999 20.1569999999997 20.2439999999997 20.7070000000003 20.7200000000003 20.5100000000002 21.1040000000003 21.4369999999999
 0.343000000000018 0.324999999999989 0.369 0.381 0.329000000000008 0.312000000000012 0.312999999999988 0.265000000000015 0.340000000000003 0.312000000000012
 22.2399999999998 21.8560000000007 21.1220000000003 20.5540000000001 20.5900000000001 21.0349999999999 21.0500000000002 20.7919999999995 21.46 21.7659999999996
 0 0 0 0 0 0 0 0 0 0
 0 0 0 0 0 0 0 0 0 0
 73.2980000000002 69.9649999999997 72.183 68.79 70.0540000000005 70.0789999999997 70.223 69.3540000000003 72.9539999999997 73.7870000000003
 3.404 3.45400000000001 6.654 3.47499999999999 3.96199999999999 3.739 3.78 3.41899999999998 3.31799999999998 3.60599999999999
 114.375 111.432 154.092 108.168 111.685 112.2 108.943 109.986 114.033 112.639
 1590.13799999999 1693.144 3198.40700000001 1564.54699999999 1685.144 1684.81200000001 1596.97499999999 1633.71000000001 1639.311 1583.576
 91.0699999999997 91.1849999999995 204.978 88.6469999999999 99.7360000000008 102.723 82.6439999999993 95.8230000000003 100.348 85.1300000000001
