V1 V2 V3 V4 V5 V6 V7 V8 V9 V10
sam 7.82400000000007 7.07099999999991 7.23099999999999 7.76599999999985 7.44399999999996 8.02699999999982 7.26900000000001 7.24600000000009 7.1869999999999 7.12300000000005
geode 0 0.00300000000000011 0.00399999999999778 0 0 0 0 0 0.0249999999999986 0.0069999999999979
ref 7.82999999999993 7.07999999999993 7.23999999999978 7.77300000000014 7.44900000000007 8.0329999999999 7.27599999999984 7.25200000000018 7.21800000000007 7.13599999999997
infog 0 0 0 0 0 0 0 0 0 0
func 0 0 0 0 0 0 0 0 0 0
EFSIS 4.84500000000003 4.279 4.29600000000005 4.82500000000005 5.03999999999996 4.86000000000013 4.83799999999997 4.93799999999987 4.31500000000005 4.24000000000001
 0.111000000000001 0.111000000000001 0.124000000000002 0.128 0.121000000000002 0.127000000000002 0.119 0.123000000000001 0.132000000000001 0.129000000000001
 4.96100000000001 4.39499999999998 4.423 4.95699999999988 5.16499999999996 4.99099999999999 4.96000000000004 5.06499999999983 4.45100000000002 4.37200000000007
 0 0 0 0 0 0 0 0 0 0
 0 0 0 0 0 0 0 0 0 0
 7.92499999999995 8.54100000000017 9.00800000000004 8.077 8.35200000000009 8.16699999999992 8.07400000000007 7.96400000000017 8.64200000000005 8.30899999999997
 0.0670000000000002 0.0410000000000004 0.0779999999999994 0.0899999999999999 0.0599999999999987 0.0529999999999973 0.117000000000001 0.0569999999999986 0.550999999999998 0.0809999999999995
 6.33799999999997 6.94000000000005 7.19300000000021 6.38100000000009 6.61999999999989 6.47400000000016 6.36900000000014 6.31400000000008 7.03499999999985 6.63400000000001
 0 0 0 0 0 0 0 0 0 0
 0 0 0 0 0 0 0 0 0 0
 2.25999999999999 2.26199999999994 2.33499999999981 2.26900000000001 2.35099999999989 2.32000000000016 2.2940000000001 2.28399999999988 2.31399999999985 2.25499999999988
 0.0609999999999999 0.0609999999999999 0.0619999999999976 0.0609999999999999 0.0620000000000012 0.0620000000000012 0.0630000000000024 0.0620000000000012 0.0620000000000012 0.0640000000000001
 2.32200000000012 2.32500000000005 2.39799999999991 2.3309999999999 2.41499999999996 2.38299999999981 2.35899999999992 2.34899999999993 2.37800000000016 2.31999999999994
 0 0 0 0 0 0 0 0 0 0
 0 0 0 0 0 0 0 0 0 0
 24.0989999999999 23.4179999999999 24.135 24.1879999999999 24.453 24.624 23.7560000000001 23.712 23.6969999999999 23.203
 0.24 0.217000000000002 0.267999999999997 0.280999999999999 0.244 0.243000000000002 0.300000000000001 0.245000000000001 0.77 0.282
 22.6969999999999 22.0060000000001 22.52 22.6950000000002 22.9169999999999 23.134 22.2469999999998 22.2640000000001 22.3220000000001 21.739
 0 0 0 0 0 0 0 0 0 0
 0 0 0 0 0 0 0 0 0 0
 76.5440000000001 77.7570000000001 77.6790000000001 77.9950000000001 78.2450000000001 76.0069999999998 76.8720000000001 76.192 77.1860000000001 77.5400000000002
 0.991999999999999 0.971 0.976000000000003 0.972999999999999 0.98 1.027 0.966000000000001 0.946999999999999 1.05 0.965
 75.076 76.2279999999998 76.1899999999998 76.4699999999998 76.6950000000002 74.529 75.3110000000001 74.6279999999999 75.6469999999999 75.8770000000002
 0 0 0 0 0 0 0 0 0 0
 0 0 0 0 0 0 0 0 0 0
