V1 V2 V3 V4 V5 V6 V7 V8 V9 V10
sam 7.03999999999996 7.09600000000046 7.51500000000033 7.16500000000087 7.17000000000007 7.13500000000022 6.90699999999924 7.04199999999946 7.09199999999964 7.13400000000001
geode 0 0.0760000000000076 0.0690000000000026 0 0 0.0169999999999959 0.0969999999999942 0 0 0
ref 7.04600000000028 7.17799999999988 7.59000000000015 7.17100000000028 7.17500000000018 7.15900000000056 7.00900000000001 7.04800000000068 7.09799999999996 7.13999999999942
infog 0 0 0 0 0 0 0 0 0 0
func 0 0 0 0 0 0 0 0 0 0
EFSIS 4.85000000000036 4.24000000000069 4.78099999999995 4.87199999999939 4.89999999999964 4.36399999999958 4.2470000000003 4.86800000000039 4.85599999999977 4.85599999999977
 0.120000000000005 0.116 0.132000000000005 0.131 0.128999999999991 0.129000000000005 0.128 0.114999999999995 0.111999999999995 0.13000000000001
 4.97400000000016 4.36099999999988 4.91499999999996 5.00799999999981 5.03399999999965 4.49499999999989 4.37899999999991 4.98700000000008 4.97100000000046 4.99000000000069
 0 0 0 0 0 0 0 0 0 0
 0 0 0 0 0 0 0 0 0 0
 7.95899999999983 8.66499999999996 7.87899999999991 8.09500000000025 8.1869999999999 9.60500000000047 8.83500000000004 7.96500000000015 8.03300000000036 8.01199999999972
 0.097999999999999 0.105000000000004 0.174999999999997 0.164000000000001 0.117000000000004 0.0600000000000023 0.0510000000000019 0.159999999999997 0.599000000000004 0.090999999999994
 6.30199999999968 7.0570000000007 6.34500000000025 6.32600000000002 6.39699999999993 7.70600000000013 6.95400000000063 6.26800000000003 6.36599999999999 6.27399999999943
 0 0 0 0 0 0 0 0 0 0
 0 0 0 0 0 0 0 0 0 0
 2.25300000000061 2.27399999999943 2.30299999999988 2.2510000000002 2.33700000000044 2.28200000000015 2.29700000000048 2.41399999999976 2.26800000000003 2.27199999999993
 0.0630000000000024 0.0589999999999975 0.0630000000000024 0.0630000000000024 0.0619999999999976 0.063999999999993 0.0630000000000024 0.061000000000007 0.0600000000000023 0.061000000000007
 2.31900000000041 2.33399999999983 2.36700000000019 2.31600000000071 2.39900000000034 2.34799999999996 2.36299999999937 2.47699999999986 2.32999999999993 2.33500000000004
 0 0 0 0 0 0 0 0 0 0
 0 0 0 0 0 0 0 0 0 0
 23.3520000000008 23.5110000000004 23.7510000000002 23.6570000000002 23.8270000000002 24.6379999999999 23.5709999999999 23.5649999999996 23.4979999999996 23.518
 0.283000000000001 0.356999999999999 0.441000000000003 0.369 0.307999999999993 0.271000000000001 0.339999999999989 0.335999999999999 0.771000000000001 0.283000000000001
 21.8940000000002 22.1670000000004 22.4939999999997 22.107 22.2399999999998 22.9610000000002 21.9920000000002 22.0570000000007 22.0150000000003 21.9849999999997
 0 0 0 0 0 0 0 0 0 0
 0 0 0 0 0 0 0 0 0 0
 77.549 77.2199999999993 76.4000000000005 78.3250000000007 77.9849999999997 77.6559999999999 77.9219999999996 77.241 76.7640000000001 78.1060000000007
 0.992999999999995 1.015 1.137 1.13500000000001 1.02200000000001 0.986000000000004 0.971000000000004 0.994 1.07299999999999 1.00700000000001
 76.0900000000001 75.8130000000001 75.0740000000005 76.7640000000001 76.4360000000006 76.0029999999997 76.3649999999998 75.7529999999997 75.3369999999995 76.54
 0 0 0 0 0 0 0 0 0 0
 0 0 0 0 0 0 0 0 0 0
