V1 V2 V3 V4 V5 V6 V7 V8 V9 V10
sam 9.26499999999942 7.49300000000039 9.72999999999956 8.4419999999991 6.42099999999846 0 7.00499999999738 5.66600000000108 5.84600000000137 5.90599999999904
geode 0 0 0 0 0.00499999999999545 0 0.0940000000000509 0.0689999999995052 0.0649999999995998 0.0619999999998981
ref 12.2150000000001 7.49799999999959 11.729000000003 10.5630000000019 6.4320000000007 5.67699999999968 7.13800000000265 5.74099999999817 5.91500000000087 5.97400000000198
infog 0 0 0 0 0 0 0 0 0 0
func 0 0 0 0 0 0 0 0 0 0
EFSIS 8.13500000000022 5.74699999999939 8.62199999999939 11.6049999999996 0.621999999999389 0 6.04000000000087 6.48800000000119 5.17900000000009 6.71300000000338
 0.134999999999991 0.131 0.14100000000002 0.141999999999996 36.35 0 0.221999999999753 0.203000000000429 0.1850000000004 0.189000000000306
 9.03300000000127 5.88400000000001 9.83799999999974 14.7469999999994 52.476999999999 5.57700000000114 6.26599999999962 6.69499999999971 5.36799999999857 6.90599999999904
 0 0 0 0 0 0 0 0 0 0
 0 0 0 0 0 0 0 0 0 0
 12.9030000000002 9.63700000000063 13.3389999999999 13.3199999999997 0 0 12.0169999999998 9.27799999999843 9.35199999999895 10.0589999999975
 0.00600000000000023 0.0029999999999859 0.0300000000000011 0.00800000000000978 9.01499999999999 0 0.159999999999854 0.125 0.113999999999578 0.109999999999673
 13.1579999999994 8.04700000000048 16.1109999999971 16.2279999999992 9.25500000000102 7.3760000000002 10.3559999999998 7.91800000000148 7.9320000000007 8.5669999999991
 0 0 0 0 0 0 0 0 0 0
 0 0 0 0 0 0 0 0 0 0
 4.35000000000036 2.3739999999998 3.44099999999889 3.93999999999869 0 0 3.06600000000253 2.4330000000009 2.35199999999895 2.30299999999988
 0.121000000000009 0.0620000000000118 0.0689999999999884 0.0679999999999836 22.473 0 0.103000000000065 0.0859999999993306 0.0860000000002401 0.0850000000000364
 5.07899999999972 2.43999999999869 3.68600000000151 5.08799999999974 45.5280000000021 2.57499999999709 3.17499999999927 2.52000000000044 2.44099999999889 2.38899999999921
 0 0 0 0 0 0 0 0 0 0
 0 0 0 0 0 0 0 0 0 0
 36.637999999999 26.5480000000007 37.1260000000002 38.4969999999994 7.04299999999785 0 29.5629999999983 25.1779999999999 23.9880000000012 26.4040000000023
 0.281999999999996 0.198999999999984 0.242000000000019 0.22999999999999 86.6049999999999 0 0.59900000000016 0.498999999999796 0.46599999999944 0.462999999999738
 41.8810000000012 25.1679999999997 43.6050000000032 47.8300000000017 115.108 22.4520000000011 28.3919999999998 24.2020000000011 22.9320000000007 25.2790000000023
 0 0 0 0 0 0 0 0 0 0
 0 0 0 0 0 0 0 0 0 0
 1430.248 1424.311 1688.041 1183.156 0 1338.155 1531.656 1200.546 1201.212 1195.799
 11.954 12.75 12.73 830.45 3441.133 108.33 30.7199999999993 23.8810000000003 22.7669999999998 22.3400000000001
 1544.099 1662.98 1871.434 2486.266 5087.074 1380.747 1482.452 1144.137 1149.492 1137.214
 0 0 0 0 0 0 0 0 0 0
 0 0 0 0 0 0 0 0 0 0
