V1 V2 V3 V4 V5 V6 V7 V8 V9 V10
sam 6.90899999999965 7.54399999999987 7.14900000000034 7.03499999999985 7.14800000000014 7.32300000000032 7.16300000000047 7.04500000000007 7.03899999999976 6.9989999999998
geode 0.11699999999999 0 0 0 0.034000000000006 0 0.0740000000000123 0 0.000999999999990564 0.0409999999999968
ref 7.02999999999975 7.55100000000039 7.15400000000045 7.03899999999976 7.1880000000001 7.32899999999972 7.24200000000019 7.05000000000018 7.04500000000007 7.04699999999957
infog 0 0 0 0 0 0 0 0 0 0
func 0 0 0 0 0 0 0 0 0 0
EFSIS 4.22900000000027 4.80600000000049 4.88600000000042 4.84800000000087 4.33600000000024 4.83899999999994 4.39800000000014 4.95499999999993 4.85099999999966 4.24799999999959
 0.129000000000005 0.137999999999991 0.117000000000004 0.11999999999999 0.135999999999996 0.129000000000005 0.137 0.11099999999999 0.120000000000005 0.125
 4.36099999999988 4.94599999999991 5.00799999999981 4.97100000000046 4.47600000000057 4.97199999999975 4.53899999999976 5.07099999999991 4.97699999999986 4.3760000000002
 0 0 0 0 0 0 0 0 0 0
 0 0 0 0 0 0 0 0 0 0
 8.13499999999931 8.08299999999963 8.18199999999979 8.59299999999985 8.26099999999951 8.01199999999972 8.96699999999964 7.94599999999991 8.0619999999999 8.64600000000064
 0.106999999999999 0.186999999999998 0.0510000000000019 0.0480000000000018 0.114999999999995 0.103999999999999 0.111999999999995 0.13000000000001 0.540999999999997 0.0570000000000022
 6.53600000000006 6.42699999999968 6.36099999999988 6.82399999999961 6.63499999999931 6.29399999999987 7.26299999999992 6.30400000000009 6.38799999999992 6.9399999999996
 0 0 0 0 0 0 0 0 0 0
 0 0 0 0 0 0 0 0 0 0
 2.26000000000022 2.25600000000031 2.26499999999942 2.33699999999953 2.27300000000014 2.26900000000023 2.32200000000012 2.31800000000021 2.28600000000006 2.30299999999988
 0.0630000000000024 0.061000000000007 0.0619999999999976 0.0650000000000119 0.0630000000000024 0.0640000000000072 0 0.0669999999999931 0.063999999999993 0.0600000000000023
 2.32499999999982 2.31900000000041 2.32800000000043 2.40399999999954 2.33899999999994 2.33399999999983 2.32300000000032 2.38699999999972 2.35099999999966 2.36599999999999
 0 0 0 0 0 0 0 0 0 0
 0 0 0 0 0 0 0 0 0 0
 22.8469999999998 23.9369999999999 23.7310000000007 24.1030000000001 23.299 23.6880000000001 24.098 23.5059999999994 23.5329999999994 23.4650000000001
 0.417999999999992 0.387 0.230999999999995 0.233999999999995 0.349999999999994 0.298000000000002 0.323000000000008 0.307999999999993 0.731999999999999 0.283000000000001
 21.5709999999999 22.4930000000004 22.1030000000001 22.5309999999999 21.9210000000003 22.1769999999997 22.616 22.0540000000001 22.0609999999997 21.9989999999998
 0 0 0 0 0 0 0 0 0 0
 0 0 0 0 0 0 0 0 0 0
 78.3869999999997 77.3280000000004 76.8809999999994 77.4570000000003 78.4099999999999 75.7629999999999 78.3710000000001 77.6820000000007 77.2049999999999 77.7169999999996
 0.939000000000007 0.968999999999994 0.948000000000008 1.06 1.116 1.09400000000001 0.986000000000004 0.998000000000005 0.992999999999995 0.997
 76.8610000000008 75.7579999999998 75.3100000000004 76.0259999999998 77.0050000000001 74.3729999999996 77.3010000000004 76.1729999999998 75.7060000000001 76.2039999999997
 0 0 0 0 0 0 0 0 0 0
 0 0 0 0 0 0 0 0 0 0
