V1 V2 V3 V4 V5 V6 V7 V8 V9 V10
sam 8.23499999999331 8.29000000000087 7.26499999999942 7.92500000000291 8.44099999999889 8.31699999999546 8.01299999999173 7.92699999999604 8.78100000000268 8.43799999999464
geode 0.00300000000004275 0.00399999999990541 0.0040000000000191 0.00499999999999545 0.000999999999976353 0.000999999999976353 0.000999999999976353 0.00199999999995271 0.00399999999990541 0.00199999999995271
ref 8.23699999996461 8.29399999999441 7.26699999999255 7.92800000001444 8.44300000002841 8.3179999999702 8.01299999997718 7.92899999994552 8.7839999999851 8.43900000001304
infog 0 0 0 0 0 0 0 0 0 0
func 0 0 0 0 0 0 0 0 0 0
EFSIS 4.85400000000664 4.86000000000058 4.9230000000025 4.87599999999657 4.94900000000052 4.87800000000425 4.77000000000407 4.20799999999872 4.8179999999993 4.92699999999604
 0.127999999999929 0.127000000000066 0.12399999999991 0.125 0.124000000000024 0.126999999999953 0.117000000000189 0.126000000000204 0.125 0.125
 4.98200000001816 4.98700000002282 5.04700000002049 5 5.07399999996414 5.00599999999395 4.88699999998789 4.33400000003166 4.9440000000177 5.05000000004657
 0 0 0 0 0 0 0 0 0 0
 0 0 0 0 0 0 0 0 0 0
 9.2589999999982 9.27000000000407 8.8550000000032 8.15000000000146 10.0050000000047 9.29599999999482 8.90799999999581 10.093000000008 9.51200000000244 9.30999999999767
 0.0349999999999682 0.0359999999999445 0.04200000000003 0.04200000000003 0.04099999999994 0.04099999999994 0.04099999999994 0.043999999999869 0.429000000000087 0.0229999999999109
 7.5460000000312 7.60999999998603 7.05099999997765 6.49599999998463 8.29500000004191 7.59399999998277 7.24200000002747 8.20299999997951 7.51000000000931 7.59699999995064
 0 0 0 0 0 0 0 0 0 0
 0 0 0 0 0 0 0 0 0 0
 2.40799999999581 2.30799999999726 2.31399999999849 2.30900000000111 2.35199999999895 2.33600000000297 2.30200000001059 2.29699999999139 2.29499999999825 2.32499999999709
 0.0649999999999409 0.0629999999999882 0.0620000000000118 0.0679999999999836 0.0640000000000782 0.0650000000000546 0.0619999999998981 0.0640000000000782 0.0589999999999691 0.0630000000001019
 2.47299999999814 2.37199999997392 2.375 2.37700000003679 2.41599999996834 2.40200000000186 2.36499999999069 2.36100000003353 2.35399999999208 2.3870000000461
 0 0 0 0 0 0 0 0 0 0
 0 0 0 0 0 0 0 0 0 0
 26.0809999999983 26.0750000000044 24.6130000000048 24.5370000000039 27.0840000000026 26.7459999999992 25.2149999999965 25.7510000000038 26.7109999999957 26.3380000000034
 0.235000000000014 0.230999999999995 0.234000000000037 0.242000000000075 0.230999999999995 0.2349999999999 0.22400000000016 0.240000000000009 0.618999999999915 0.212999999999965
 24.5650000000023 24.6120000000228 23 23.0810000000056 25.5630000000237 25.2399999999907 23.7309999999707 24.0570000000298 24.8989999999758 24.8110000000452
 0 0 0 0 0 0 0 0 0 0
 0 0 0 0 0 0 0 0 0 0
 688.671999999999 669.958999999995 662.161999999997 680.413 707.701999999997 679.356 657.991999999998 672.224999999991 693.275000000009 697.250999999989
 9.78999999999996 9.971 9.97299999999996 9.98599999999999 9.86599999999987 9.92499999999995 10.0439999999999 10.174 9.94100000000003 10.027
 672.456999999995 653.220999999961 647.261999999988 664.619000000006 690.956000000006 663.882999999973 642.027000000002 651.15499999997 672.189000000013 676.73199999996
 0 0 0 0 0 0 0 0 0 0
 0 0 0 0 0 0 0 0 0 0
