V1 V2 V3 V4 V5 V6 V7 V8 V9 V10
sam 5.47499999999991 5.39699999999993 5.90299999999979 5.34400000000005 5.92799999999988 5.34599999999955 5.35099999999966 5.1279999999997 5.0610000000006 5.09699999999975
geode 0.0420000000000016 0.0420000000000016 0.032999999999987 0.0159999999999911 0.01400000000001 0.0300000000000011 0.054000000000002 0.0490000000000066 0 0.0120000000000005
ref 5.51999999999953 5.44399999999951 5.94100000000071 5.36499999999978 5.94599999999991 5.38000000000011 5.40999999999985 5.18199999999979 5.0649999999996 5.11500000000069
infog 0 0 0 0 0 0 0 0 0 0
func 0 0 0 0 0 0 0 0 0 0
EFSOS 4.87899999999991 4.91599999999971 5.41100000000006 4.98299999999927 5.02300000000014 4.86000000000058 4.76000000000022 4.61599999999999 4.83099999999922 4.84500000000025
EFSIS 0.125999999999976 0.132000000000005 0.135000000000019 0.118000000000023 0.134999999999991 0.129000000000019 0.139999999999986 0.129999999999995 0.131 0.120000000000005
 5.01000000000022 5.05200000000059 5.55099999999948 5.10400000000027 5.16200000000026 4.99299999999948 4.90300000000025 4.74799999999959 4.96600000000035 4.96900000000005
 0 0 0 0 0 0 0 0 0 0
 0 0 0 0 0 0 0 0 0 0
 8.50199999999995 7.90700000000015 6.89499999999998 7.10300000000007 8.01800000000003 7.79899999999998 7.53899999999976 7.32700000000023 6.79899999999998 6.85199999999986
 0.0680000000000121 0.0999999999999943 0.109999999999985 0.0889999999999986 0.115000000000009 0.0779999999999745 0.0500000000000114 0.0730000000000075 0.0819999999999936 0.0829999999999984
 8.57499999999982 8.01299999999992 7.01000000000022 7.19800000000032 8.13799999999992 7.88300000000072 7.59500000000025 7.40599999999995 6.88699999999972 6.9389999999994
 0 0 0 0 0 0 0 0 0 0
 0 0 0 0 0 0 0 0 0 0
 2.33500000000004 2.3130000000001 2.70299999999997 2.40599999999995 2.35899999999947 2.25999999999931 2.30799999999999 2.26299999999992 2.28400000000056 2.24099999999999
 0.061000000000007 0.0660000000000025 0.0649999999999977 0.0649999999999977 0.0649999999999977 0.0590000000000259 0.0619999999999834 0.0619999999999834 0.0640000000000214 0.0620000000000118
 2.39899999999943 2.3809999999994 2.76999999999953 2.47199999999975 2.42799999999988 2.32200000000012 2.37199999999939 2.32800000000043 2.34900000000016 2.30400000000009
 0 0 0 0 0 0 0 0 0 0
 0 0 0 0 0 0 0 0 0 0
 22.431 21.7629999999999 22.3579999999997 21.6319999999996 22.54 21.4719999999998 21.1289999999999 20.4799999999996 20.1170000000002 20.1869999999999
 0.298000000000002 0.341000000000008 0.34699999999998 0.293000000000006 0.329000000000008 0.298000000000002 0.307999999999993 0.314999999999998 0.282000000000011 0.279000000000025
 22.7479999999996 22.1219999999994 22.7250000000004 21.942 22.8870000000006 21.7880000000005 21.4540000000006 20.8119999999999 20.4160000000002 20.4840000000004
 0 0 0 0 0 0 0 0 0 0
 0 0 0 0 0 0 0 0 0 0
 72.7649999999999 75.5170000000003 75.2819999999997 75.1120000000001 71.9639999999999 71.174 69.9119999999994 70.6099999999997 72.9430000000002 73.3980000000001
 3.49599999999998 6.506 3.60400000000001 3.43600000000001 3.81799999999998 3.70000000000002 3.512 3.53399999999999 3.26999999999998 3.59299999999999
 115.570000000001 156.159000000001 116.71 115.993 111.994 113.161999999999 110.611999999999 111.206999999999 113.7 115.113
 1698.18000000001 3195.14999999999 1657.486 1655.094 1630.041 1633.261 1697.534 1565.012 1637.586 1676.31300000001
 101.655000000001 179.557 99.9709999999995 98.7570000000005 85.9780000000001 98.348 94.0689999999995 86.4670000000006 87.7399999999998 96.4229999999998
