V1 V2 V3 V4 V5 V6 V7 V8 V9 V10
sam 8.16300000000047 7.49800000000687 7.68400000000838 7.46100000001024 7.90099999999802 7.68899999999849 7.97299999999814 7.76599999998871 8.05000000000291 7.97299999999814
geode 0.0389999999988504 0.0349999999998545 0.0360000000000582 0.032999999999447 0.0349999999998545 0.0339999999996508 0.032999999999447 0.0319999999992433 0.033000000001266 0.032999999999447
ref 8.20900000000256 7.54000000000815 7.72599999999511 7.49900000001071 7.94200000001001 7.72800000000279 8.01299999997718 7.80299999998533 8.08899999997811 8.01300000000629
infog 0 0 0 0 0 0 0 0 0 0
func 0 0 0 0 0 0 0 0 0 0
EFSIS 4.72100000000501 4.77999999999884 4.89999999999418 4.73500000000058 5.05400000000373 4.99100000000908 4.82700000000477 4.70000000001164 4.85899999999674 4.75500000000466
 0.145000000000437 0.145000000000437 0.13799999999901 0.139999999999418 0.162000000000262 0.17200000000048 0.177999999999884 0.156000000000859 0.152999999998428 0.168000000001484
 4.86999999999534 4.92999999999302 5.04200000001583 4.87900000001537 5.22000000000116 5.16800000000512 5.00800000000163 4.85999999998603 5.01500000001397 4.92699999999604
 0 0 0 0 0 0 0 0 0 0
 0 0 0 0 0 0 0 0 0 0
 8.22599999999511 8.2560000000085 8.80999999999767 8.89199999999255 9.23099999999977 8.91599999999744 8.87799999999697 8.96199999999953 9.18000000000757 8.71099999999569
 0.0480000000006839 0.0449999999982538 0.0470000000004802 0.0500000000010914 0.0489999999990687 0.0570000000006985 0.0529999999998836 0.0649999999986903 0.0580000000009022 0.0569999999988795
 6.51800000001094 6.47200000000885 7.04099999999744 6.95999999999185 7.32399999999325 7.15299999999115 7.11300000001211 7.28600000002189 7.45600000000559 6.95499999998719
 0 0 0 0 0 0 0 0 0 0
 0 0 0 0 0 0 0 0 0 0
 2.14500000000407 2.14599999999336 2.21099999999569 2.19100000000617 2.34100000000035 2.22999999999593 2.18399999999383 2.65599999998813 2.19800000000396 2.17699999999604
 0.0679999999993015 0.0680000000011205 0.0709999999999127 0.0689999999995052 0.0850000000009459 0.0849999999991269 0.081000000000131 0.081000000000131 0.0849999999991269 0.0830000000005384
 2.21499999999651 2.21499999999651 2.28299999999581 2.262000000017 2.42799999998533 2.3179999999993 2.26600000000326 2.73699999999371 2.28500000000349 2.2609999999986
 0 0 0 0 0 0 0 0 0 0
 0 0 0 0 0 0 0 0 0 0
 24.4900000000052 23.9180000000051 24.8730000000069 24.4959999999992 25.7949999999983 25.093000000008 25.101999999999 25.3110000000015 25.5380000000005 25.2740000000049
 0.307999999999083 0.299999999999272 0.299999999999272 0.296999999998661 0.336999999999534 0.354999999999563 0.351000000000568 0.341000000000349 0.33600000000115 0.353000000000975
 23.0569999999716 22.4020000000019 23.3699999999953 22.823000000004 24.1879999999946 23.6410000000033 23.6469999999972 23.9219999999914 24.1049999999814 23.8269999999902
 0 0 0 0 0 0 0 0 0 0
 0 0 0 0 0 0 0 0 0 0
 1152.88699999999 1158.067 1153.709 1189.766 1189.311 1186.618 1201.088 1174.488 1200.747 1194.542
 15.9150000000009 15.719000000001 15.5670000000009 16.7910000000011 18.1540000000005 17.4160000000011 17.116 17.8799999999992 16.9419999999991 16.7950000000001
 1080.16100000002 1084.78200000001 1076.603 1113.81 1116.361 1113.58600000001 1130.38999999998 1107.201 1128.42300000001 1119.74000000002
 0 0 0 0 0 0 0 0 0 0
 0 0 0 0 0 0 0 0 0 0
