V1 V2 V3 V4 V5 V6 V7 V8 V9 V10
sam 8.01999999998952 7.60699999998906 7.72200000000885 8.12900000000081 7.98699999999371 7.65799999999581 7.97800000000279 7.88399999999092 8.50400000000081 7.83100000000559
geode 0.0529999999998836 0.0480000000006839 0.0490000000008877 0.0650000000005093 0.0490000000008877 0.0450000000000728 0.0460000000002765 0.043999999999869 0.0460000000002765 0.0420000000012806
ref 8.07800000003772 7.65999999997439 7.77600000001257 8.20000000001164 8.04200000001583 7.70899999997346 8.02999999996973 7.93499999999767 8.5559999999823 7.87900000001537
infog 0 0 0 0 0 0 0 0 0 0
func 0 0 0 0 0 0 0 0 0 0
EFSIS 4.8070000000007 4.76499999999942 4.79799999999523 4.75599999999395 4.9380000000092 4.74900000001071 4.72900000000664 4.6530000000057 5.34299999999348 4.79300000000512
 0.145000000000437 0.158999999999651 0.136999999998807 0.15099999999984 0.148999999999432 0.141999999999825 0.149999999999636 0.145999999998821 0.147999999999229 0.136999999998807
 4.95600000000559 4.92800000001444 4.93900000001304 4.91300000000047 5.09099999995669 4.89500000001863 4.88300000003073 4.80200000002515 5.49499999999534 4.93699999997625
 0 0 0 0 0 0 0 0 0 0
 0 0 0 0 0 0 0 0 0 0
 8.75700000001234 8.41700000000128 8.47899999999208 8.40000000000873 8.43899999999849 9.1710000000021 8.91199999999662 8.64500000000407 9.00299999999697 8.74899999999616
 0.058999999999287 0.0619999999998981 0.0590000000011059 0.0569999999988795 0.0540000000000873 0.0579999999990832 0.0560000000004948 0.0780000000013388 0.0600000000013097 0.0529999999998836
 6.75399999995716 6.51499999995576 6.53499999997439 6.51400000002468 6.73100000002887 7.0559999999823 7.02999999996973 6.92200000002049 7.30900000000838 7.11300000001211
 0 0 0 0 0 0 0 0 0 0
 0 0 0 0 0 0 0 0 0 0
 2.1759999999922 2.28600000000733 2.19500000000698 2.20199999999022 2.18300000000454 2.22999999999593 2.23600000000442 2.28099999998813 2.41100000000733 2.19700000000012
 0.0740000000005239 0.0760000000009313 0.0729999999985012 0.0720000000001164 0.0759999999991123 0.0740000000005239 0.0730000000003201 0.0729999999985012 0.0730000000003201 0.0709999999999127
 2.25300000002608 2.36200000002282 2.26899999997113 2.27700000000186 2.2609999999986 2.30699999997159 2.31099999998696 2.35399999999208 2.48700000002282 2.27000000001863
 0 0 0 0 0 0 0 0 0 0
 0 0 0 0 0 0 0 0 0 0
 25.0639999999985 24.3410000000003 24.4600000000064 24.7609999999986 24.8089999999938 25.0669999999955 25.1280000000115 24.7409999999945 26.5679999999993 24.8650000000052
 0.341999999998734 0.354000000001179 0.326999999999316 0.354999999999563 0.335999999999331 0.326999999999316 0.334000000000742 0.347999999999956 0.335999999999331 0.311999999999898
 23.3550000000396 22.7419999999693 22.795999999973 23.1849999999977 23.3960000000079 23.2339999999967 23.536999999953 23.2989999999991 25.1639999999898 23.5030000000261
 0 0 0 0 0 0 0 0 0 0
 0 0 0 0 0 0 0 0 0 0
 1211.40299999999 1189.927 1203.121 1193.3 1198.24000000001 1227.709 1240.91899999999 1230.39600000001 1198.33099999999 1173.851
 18.125 18.1999999999989 17.7100000000009 17.0339999999997 17.023000000001 17.5159999999996 16.9300000000003 17.512999999999 16.7960000000003 16.7690000000002
 1129.20699999999 1112.57199999999 1121.42100000003 1122.65100000001 1126.26000000001 1143.50099999999 1165.04200000002 1161.22200000001 1129.99200000003 1111.54800000001
 0 0 0 0 0 0 0 0 0 0
 0 0 0 0 0 0 0 0 0 0
