V1 V2 V3 V4 V5 V6 V7 V8 V9 V10
sam 8.25699999999779 7.15399999999499 7.20200000000477 8.54899999999907 8.38499999999476 8.41500000000815 8.30899999999383 8.12099999999919 7.96099999999569 8.27000000000407
geode 0 0.00199999999995271 0.000999999999976353 0.000999999999976353 0.00200000000018008 0 0.000999999999976353 0.00199999999995271 0 0.000999999999976353
ref 8.25799999997253 7.15700000000652 7.20199999999022 8.54899999999907 8.39000000001397 8.41700000001583 8.31099999998696 8.12299999996321 7.96199999999953 8.27199999999721
infog 0 0 0 0 0 0 0 0 0 0
func 0 0 0 0 0 0 0 0 0 0
EFSIS 4.86000000000058 4.8240000000078 4.78699999999662 5.01300000000629 4.93700000000536 5.02599999999802 4.88300000000163 4.88499999999476 4.86800000000221 4.87300000000687
 0.125 0.121000000000095 0.125999999999976 0.1099999999999 0.113999999999805 0.119000000000142 0.131000000000085 0.116999999999962 0.123000000000047 0.116999999999962
 4.98499999998603 4.94599999999627 4.91099999996368 5.12400000001071 5.05099999997765 5.14699999999721 5.01600000000326 5.00300000002608 4.99299999995856 4.99200000002747
 0 0 0 0 0 0 0 0 0 0
 0 0 0 0 0 0 0 0 0 0
 9.36600000000908 8.44599999999627 8.14600000000792 9.53199999999197 9 9.37399999999616 9.75400000000081 8.3859999999986 8.97899999999208 8.95299999999406
 0.0419999999999163 0.0299999999999727 0.0360000000000582 0.0330000000001291 0.0370000000000346 0.0389999999999873 0.0419999999999163 0.0370000000000346 0.412000000000035 0.0370000000000346
 7.49600000004284 7.01299999997718 6.47600000002421 7.86699999996927 7.63500000000931 7.86499999999069 8.20199999999022 6.93400000000838 7.59900000004563 7.52999999996973
 0 0 0 0 0 0 0 0 0 0
 0 0 0 0 0 0 0 0 0 0
 2.40799999999581 2.3009999999922 2.31100000000151 2.61900000000605 2.35899999999674 2.34700000000885 2.3689999999915 2.23500000000058 2.29400000000896 2.28699999999662
 0.0650000000000546 0.0599999999999454 0.0629999999998745 0.0650000000000546 0.0589999999999691 0.0629999999998745 0.0610000000001492 0.0619999999998981 0.0630000000001019 0.0650000000000546
 2.47299999999814 2.36200000002282 2.37300000002142 2.68499999999767 2.41899999999441 2.41100000002189 2.42999999999302 2.29599999997299 2.35799999994924 2.3520000000135
 0 0 0 0 0 0 0 0 0 0
 0 0 0 0 0 0 0 0 0 0
 26.2440000000061 23.9729999999981 23.69200000001 27.0639999999985 25.9820000000036 26.4630000000034 26.6179999999877 24.877999999997 25.4109999999928 25.69200000001
 0.232999999999947 0.212999999999965 0.225999999999885 0.211999999999989 0.212999999999965 0.222999999999956 0.235000000000127 0.219000000000051 0.59900000000016 0.22199999999998
 24.5659999999916 22.7260000000242 22.2089999999735 25.5779999999795 24.7960000000312 25.1440000000293 25.2629999999772 23.60699999996 24.2219999999506 24.4579999999842
 0 0 0 0 0 0 0 0 0 0
 0 0 0 0 0 0 0 0 0 0
 677.125 664.241999999998 672.297999999995 698.873000000007 705.583999999988 677.667000000001 680.964000000007 680.466 685.134000000005 676.615999999995
 10.038 9.9340000000002 10.0740000000001 10.0599999999999 9.67200000000003 9.84400000000005 9.96100000000001 9.8929999999998 9.79199999999992 9.65599999999995
 662.440000000002 650.698999999964 656.464000000036 685.117000000027 692.27999999997 665.380999999994 669.516000000003 669.233999999997 673.639000000025 664.539000000048
 0 0 0 0 0 0 0 0 0 0
 0 0 0 0 0 0 0 0 0 0
