V1 V2 V3 V4 V5 V6 V7 V8 V9 V10
sam 5.13100000000122 5.27900000000227 5.14899999999761 5.24699999999575 5.01000000000204 4.81599999999889 5.14299999999639 5.33899999999994 5.1449999999968 5.31400000000576
geode 0.125 0.122999999999593 0.115999999999985 0.113999999999578 0.104999999999563 0.0969999999997526 0.101000000000568 0.101000000000568 0.0939999999991414 0.0939999999991414
ref 5.2609999999986 5.40600000000268 5.26800000000367 5.3640000000014 5.11800000000221 4.91700000000128 5.24799999999959 5.44400000000314 5.24400000000605 5.41199999999662
infog 0 0 0 0 0 0 0 0 0 0
func 0 0 0 0 0 0 0 0 0 0
EFSOS 4.67799999999988 4.91799999999785 4.73399999999674 4.88500000000204 4.8440000000046 4.5679999999993 4.72600000000239 4.85400000000664 4.72600000000239 4.72899999999936
EFSIS 0.22400000000016 0.23700000000099 0.217999999998938 0.233000000000175 0.211999999999534 0.204999999999927 0.211999999999534 0.213999999999942 0.192000000000917 0.20299999999952
 4.90600000000268 5.15799999999581 4.95599999999831 5.12299999999959 5.05999999999767 4.7760000000053 4.94199999999546 5.07200000000012 4.91999999999825 4.93500000000495
 0 0 0 0 0 0 0 0 0 0
 0 0 0 0 0 0 0 0 0 0
 8.9910000000018 9.11299999999756 9.23100000000704 9.45500000000175 8.24199999999837 7.85399999999936 8.97299999999814 9.24899999999616 9.64600000000064 9.00099999999657
 0.239999999999782 0.244999999998981 0.221000000001368 0.222999999999956 0.186000000001513 0.167000000001281 0.183000000000902 0.197999999998501 0.18999999999869 0.167000000001281
 7.44599999999627 7.6710000000021 7.42499999999563 7.86699999999837 6.47200000000157 6.166999999994 7.44100000000617 7.66199999999662 7.97499999999854 7.43299999999726
 0 0 0 0 0 0 0 0 0 0
 0 0 0 0 0 0 0 0 0 0
 2.16500000000087 2.14600000000064 2.10999999999331 2.15400000000227 2.15999999999622 2.13200000000506 2.11300000000483 2.12200000000303 2.46699999999691 2.42700000000332
 0.110000000000582 0.105000000001382 0.100999999998749 0.102999999999156 0.104999999999563 0.0979999999999563 0.0999999999985448 0.100000000000364 0.105000000001382 0.10399999999936
 2.27900000000227 2.25300000000425 2.21300000000338 2.2589999999982 2.26699999999983 2.23099999999977 2.21399999999994 2.22400000000198 2.57400000000052 2.53399999999965
 0 0 0 0 0 0 0 0 0 0
 0 0 0 0 0 0 0 0 0 0
 22.1810000000041 22.6630000000005 22.4259999999995 22.9700000000012 21.320000000007 20.4470000000001 22.1259999999966 22.7760000000053 23.1860000000015 22.6620000000039
 0.729999999999563 0.740999999999985 0.684999999999491 0.70299999999952 0.6299999999992 0.590000000000146 0.6200000000008 0.637000000000626 0.602999999999156 0.59099999999853
 21.137999999999 21.7260000000024 21.0930000000008 21.8719999999958 20.0049999999974 19.1910000000062 21.0420000000013 21.6410000000033 21.9390000000058 21.5290000000023
 0 0 0 0 0 0 0 0 0 0
 0 0 0 0 0 0 0 0 0 0
 1083.797 1078.189 1087.449 1007.804 998.836000000003 998.324999999997 1042.022 1083.961 1090.192 1093.4
 35.9240000000009 34.8989999999994 33.6610000000001 31.3870000000006 30.2840000000015 29.5660000000007 29.3729999999996 29.8329999999987 28.6550000000007 28.2980000000007
 1034.942 1029.126 1033.992 947.540999999997 935.540000000001 937.630999999994 982.531999999999 1028.962 1030.8 1035.44899999999
 0 0 0 0 0 0 0 0 0 0
 0 0 0 0 0 0 0 0 0 0
