V1 V2 V3 V4 V5 V6 V7 V8 V9 V10
sam 5.07900000000063 5.30100000000039 5.38100000000031 5.33700000000044 5.20100000000002 5.21600000000035 5.35599999999977 5.05100000000039 5.11700000000019 5.21699999999964
geode 0.0370000000000061 0.039999999999992 0.0159999999999911 0.0309999999999775 0.0480000000000018 0.0200000000000102 0.0120000000000005 0.0379999999999825 0.0219999999999914 0.0209999999999866
ref 5.11799999999948 5.34599999999955 5.40100000000075 5.37100000000009 5.2529999999997 5.23999999999978 5.3720000000003 5.09299999999985 5.14199999999983 5.24099999999999
infog 0 0 0 0 0 0 0 0 0 0
func 0 0 0 0 0 0 0 0 0 0
EFSOS 4.93099999999959 4.88599999999951 4.86799999999948 4.84999999999945 4.78999999999996 4.92099999999937 4.73599999999988 4.84399999999914 4.92799999999988 4.69900000000052
EFSIS 0.144999999999982 0.129999999999995 0.125 0.118000000000023 0.117999999999995 0.150999999999982 0.123999999999995 0.146000000000015 0.15100000000001 0.121000000000009
 5.08200000000033 5.02000000000044 4.99699999999939 4.97199999999975 4.91200000000026 5.07700000000023 4.86399999999958 4.99399999999969 5.08399999999983 4.82400000000052
 0 0 0 0 0 0 0 0 0 0
 0 0 0 0 0 0 0 0 0 0
 6.73400000000038 8.375 7.77800000000025 7.77199999999993 7.90499999999975 6.71300000000065 7.42600000000039 7.1880000000001 6.71700000000055 7.39800000000014
 0.0420000000000016 0.0440000000000111 0.106999999999999 0.0719999999999743 0.0579999999999927 0.120000000000005 0.0549999999999784 0.0389999999999873 0.0790000000000077 0.0649999999999977
 6.78099999999995 8.42500000000018 7.89100000000053 7.85100000000057 7.97000000000025 6.83799999999974 7.48600000000079 7.23300000000017 6.80100000000039 7.46900000000096
 0 0 0 0 0 0 0 0 0 0
 0 0 0 0 0 0 0 0 0 0
 2.26299999999992 2.30699999999979 2.27199999999993 2.26400000000012 2.27999999999975 2.27599999999984 2.25399999999991 2.24600000000009 2.63699999999972 2.64599999999973
 0.0740000000000123 0.0619999999999834 0.0600000000000023 0.0560000000000116 0.0649999999999977 0.0740000000000123 0.0620000000000118 0.0769999999999982 0.0759999999999934 0.063999999999993
 2.33799999999974 2.37199999999939 2.33500000000004 2.32200000000012 2.34500000000025 2.35199999999986 2.31899999999951 2.32399999999961 2.71599999999944 2.71199999999953
 0 0 0 0 0 0 0 0 0 0
 0 0 0 0 0 0 0 0 0 0
 20.1559999999999 22.0600000000004 21.5050000000001 21.4350000000004 21.3029999999999 20.2780000000002 20.9269999999997 20.473 20.9750000000004 21.4200000000001
 0.300000000000011 0.275999999999982 0.308999999999997 0.278999999999996 0.288999999999987 0.367999999999995 0.256 0.304000000000002 0.330000000000013 0.272999999999996
 20.4719999999998 22.3540000000003 21.8310000000001 21.7309999999998 21.6090000000004 20.6620000000003 21.2000000000007 20.7939999999999 21.3220000000001 21.7099999999991
 0 0 0 0 0 0 0 0 0 0
 0 0 0 0 0 0 0 0 0 0
 75.5500000000002 75.2399999999998 74.8459999999995 71.6440000000002 74.7839999999997 72.4549999999999 72.6500000000005 72.2550000000001 71.777 72.0630000000001
 6.43299999999999 3.66500000000002 3.65600000000001 3.78999999999999 3.86600000000001 3.92000000000002 3.64699999999999 3.84899999999999 3.916 3.709
 158.9 117.08 114.381 113.59 116.719999999999 113.572 114.48 112.903 112.344999999999 112.311
 3290.79399999999 1647.967 1568.09299999999 1656.26300000001 1637.13099999999 1552.546 1707.268 1641.114 1578.683 1628.553
 198.711 100.715999999999 86.4090000000006 98.5019999999995 103.105 88.3949999999995 99.1180000000004 101.606 90.165 101.196
