V1 V2 V3 V4 V5 V6 V7 V8 V9 V10
sam 4.98399999999674 5.55100000000675 5.19800000000396 5.38499999998021 5.5339999999851 5.12200000000303 5.22599999999511 5.01999999998952 5.17499999998836 5.23600000000442
geode 0.0780000000013388 0.0869999999995343 0.0800000000017462 0.0819999999948777 0.0839999999952852 0.0769999999974971 0.0780000000013388 0.0749999999970896 0.0760000000009313 0.0760000000009313
ref 5.06700000001001 5.64200000002165 5.28200000000652 5.47099999999045 5.62299999999232 5.20200000001932 5.30800000001909 5.09900000001653 5.25500000000466 5.3179999999993
infog 0 0 0 0 0 0 0 0 0 0
func 0 0 0 0 0 0 0 0 0 0
EFSIS 4.92900000000373 4.78200000000652 4.60300000000279 4.80199999999604 4.86300000001211 4.79399999999441 4.80000000001746 4.77400000000489 4.82999999998719 4.73500000001513
 0.222999999998137 0.195999999996275 0.190000000002328 0.192999999999302 0.192000000002736 0.188000000001921 0.198999999993248 0.219000000004598 0.197000000000116 0.184000000001106
 5.15499999999884 4.98199999998906 4.79599999997299 4.99799999999232 5.05800000001909 4.98499999998603 5.00200000000768 4.99900000001071 5.03200000000652 4.92199999999139
 0 0 0 0 0 0 0 0 0 0
 0 0 0 0 0 0 0 0 0 0
 8.26900000000023 8.78800000000047 8.78699999998207 8.89500000001863 8.89400000000023 8.54099999999744 8.84899999998743 8.17800000001444 8.81200000000536 8.8409999999858
 0.165000000000873 0.215000000003783 0.169999999998254 0.15400000000227 0.154999999998836 0.152000000001863 0.140000000006694 0.165000000000873 0.167999999997846 0.241000000001804
 6.96799999999348 7.55600000001141 7.43500000002678 7.56500000000233 7.60399999999208 7.24800000002142 7.50499999997555 6.86999999999534 7.5570000000007 7.61100000000442
 0 0 0 0 0 0 0 0 0 0
 0 0 0 0 0 0 0 0 0 0
 2.15399999998044 2.15200000000186 2.55299999998533 2.22500000000582 2.20600000000559 2.12400000001071 2.88899999999558 2.13000000000466 2.14999999999418 2.20699999999488
 0.108000000000175 0.0950000000011642 0.105000000003201 0.0949999999938882 0.0910000000003492 0.091999999996915 0.11699999999837 0.105999999999767 0.091999999996915 0.102999999995518
 2.26600000000326 2.24699999997392 2.65999999997439 2.32200000001467 2.29899999999907 2.21699999997509 3.00800000000163 2.237999999983 2.24499999999534 2.30999999999767
 0 0 0 0 0 0 0 0 0 0
 0 0 0 0 0 0 0 0 0 0
 21.4839999999967 22.4690000000119 22.2569999999832 22.5169999999925 22.6929999999993 21.752999999997 22.9539999999979 21.2479999999923 22.1609999999928 22.2079999999842
 0.593999999997322 0.614000000001397 0.562000000005355 0.543999999994412 0.540000000000873 0.526999999994587 0.552999999999884 0.582999999998719 0.552999999999884 0.622999999999593
 20.6240000000107 21.6440000000002 21.3070000000007 21.5849999999919 21.7980000000098 20.8430000000226 22.0340000000142 20.3700000000244 21.3030000000144 21.3709999999846
 0 0 0 0 0 0 0 0 0 0
 0 0 0 0 0 0 0 0 0 0
 1066.66699999999 1051.21600000001 1071.92800000001 1084.992 1056.17499999999 1040.64600000001 1056.20199999999 1045.64500000002 1048.905 1061.30800000002
 28.1970000000001 27.635000000002 26.5369999999966 26.6510000000053 26.6829999999973 26.6910000000062 25.8199999999997 25.8890000000029 25.6030000000028 27.260000000002
 1023.28 1007.03200000001 1026.63 1041.644 1010.54999999999 997.70299999998 1011.79500000001 1003.21399999998 1003.489 1017.024
 0 0 0 0 0 0 0 0 0 0
 0 0 0 0 0 0 0 0 0 0
