V1 V2 V3 V4 V5 V6 V7 V8 V9 V10
sam 5.34299999999985 5.82300000000032 5.45100000000002 5.4360000000006 5.19900000000052 6.17699999999968 5.4399999999996 5.41100000000006 5.3139999999994 5.38000000000011
geode 0.0389999999999873 0.0549999999999784 0.0310000000000059 0.0460000000000207 0.0240000000000009 0.0269999999999868 0.01400000000001 0.039999999999992 0.00999999999999091 0.0229999999999961
ref 5.38699999999972 5.88299999999981 5.48599999999988 5.48700000000008 5.22699999999986 6.20899999999983 5.45600000000013 5.45600000000013 5.32899999999972 5.40800000000127
infog 0 0 0 0 0 0 0 0 0 0
func 0 0 0 0 0 0 0 0 0 0
EFSOS 4.84599999999955 4.89699999999993 4.95200000000023 4.94599999999991 4.94599999999991 4.82900000000063 4.92100000000028 4.84200000000055 4.88000000000011 6.59200000000055
EFSIS 0.120000000000005 0.129000000000019 0.139999999999986 0.125999999999976 0.115000000000009 0.132000000000005 0.13900000000001 0.131 0.115000000000009 0.138999999999982
 4.97000000000025 5.02999999999975 5.09699999999975 5.07399999999961 5.06400000000031 4.96500000000015 5.0659999999998 4.97699999999986 4.9989999999998 6.73699999999917
 0 0 0 0 0 0 0 0 0 0
 0 0 0 0 0 0 0 0 0 0
 8.33300000000054 8.18499999999949 7.92699999999968 8.52399999999943 6.87599999999929 8.56700000000001 8.45699999999943 7.80099999999948 7.78500000000076 8.10899999999947
 0.0380000000000109 0.0949999999999989 0.0409999999999968 0.0500000000000114 0.11699999999999 0.108000000000004 0.0439999999999827 0.129999999999995 0.0930000000000177 0.0670000000000073
 8.3769999999995 8.28500000000076 7.97299999999996 8.58200000000033 7 8.68199999999979 8.50700000000052 7.9369999999999 7.88400000000001 8.18100000000049
 0 0 0 0 0 0 0 0 0 0
 0 0 0 0 0 0 0 0 0 0
 2.25699999999961 2.73599999999988 2.3090000000002 2.34400000000005 2.60200000000077 2.26999999999953 2.35400000000027 2.30200000000059 2.3119999999999 2.97600000000057
 0.0619999999999834 0.063999999999993 0.0620000000000118 0.0649999999999977 0.0640000000000214 0.0629999999999882 0.0620000000000118 0.0629999999999882 0.0619999999999834 0.0620000000000118
 2.32200000000012 2.80199999999968 2.3730000000005 2.41100000000006 2.66599999999926 2.33500000000004 2.41799999999967 2.36800000000039 2.3760000000002 3.03999999999905
 0 0 0 0 0 0 0 0 0 0
 0 0 0 0 0 0 0 0 0 0
 21.9669999999996 22.9229999999998 21.8620000000001 22.4760000000006 21.0060000000003 23.0860000000002 22.3919999999998 21.5780000000004 21.482 24.625
 0.263999999999982 0.344999999999999 0.275000000000006 0.289000000000016 0.322000000000003 0.330999999999989 0.260999999999996 0.365999999999985 0.281000000000006 0.292999999999978
 22.2489999999998 23.2849999999999 22.1549999999997 22.7820000000002 21.3429999999998 23.4369999999999 22.6689999999999 21.9610000000002 21.7799999999988 24.9390000000003
 0 0 0 0 0 0 0 0 0 0
 0 0 0 0 0 0 0 0 0 0
 79.7510000000002 75.5709999999999 76.9449999999997 75.8849999999993 77.6049999999996 80.6549999999997 76.7699999999995 74.585 80.9709999999995 80.1270000000004
 3.43900000000002 3.31999999999999 3.71099999999998 3.55599999999998 3.77000000000001 3.70099999999999 3.26700000000002 3.791 3.84700000000001 3.602
 121.765 114.650000000001 118.904 117.318 118.684999999999 122.938 118.477000000001 114.569 122.720000000001 121.629000000001
 1709.08899999999 1622.685 1679.16600000001 1676.50799999999 1591.72100000001 1665.66100000001 1670.12199999999 1568.83900000001 1687.41099999999 1699.26800000001
 100.881 85.2719999999999 99.0059999999994 99.3490000000002 88.0880000000006 98.04 101.128 88.8379999999997 100.755 100.229
