V1 V2 V3 V4 V5 V6 V7 V8 V9 V10
sam 5.23399999999674 6.58199999999488 6.31900000000314 5.45500000000175 6.5049999999901 5.34299999999348 5.65099999999802 5.06200000000536 5.7219999999943 4.9149999999936
geode 0.257000000001426 0.347000000001572 0.326000000000931 0.283000000003085 0.315999999998894 0.256999999997788 0.264999999999418 0.233000000000175 0.260000000002037 0.219000000004598
ref 5.49599999999919 6.93400000000838 6.78099999998813 5.74099999999453 6.82600000000093 5.60399999999208 5.9210000000021 5.3009999999922 5.98700000000827 5.13700000000244
infog 0 0 0 0 0 0 0 0 0 0
func 0 0 0 0 0 0 0 0 0 0
EFSIS 2.9719999999943 10.2039999999979 7.83299999999872 6.28500000000349 4.53100000000268 4.62300000000687 4.83499999999185 4.58599999999569 4.84399999999732 4.61500000000524
 16.7909999999974 0.764999999999418 0.516999999999825 0.519000000000233 0.336999999999534 0.338000000003376 0.351000000002387 0.317999999999302 0.345000000001164 0.315999999998894
 25.9000000000087 10.9789999999921 8.35599999999977 6.81200000000536 4.87300000000687 4.96600000000035 5.19000000000233 4.90700000000652 5.1929999999993 4.93499999999767
 0 0 0 0 0 0 0 0 0 0
 0 0 0 0 0 0 0 0 0 0
 8.86100000000442 9.72299999999814 13.1030000000028 10.372000000003 15.3619999999937 8.56500000000233 9.08200000000943 8.21800000000803 8.90200000000186 7.90099999999802
 0.528000000002066 0.52100000000064 0.695999999996275 0.531999999999243 0.754000000000815 0.42500000000291 0.430999999996857 0.400000000001455 0.413000000000466 0.353000000002794
 8.64999999999418 8.65700000000652 11.5310000000027 9.20799999999872 13.9279999999999 7.52500000000873 8.05599999999686 7.15699999999197 7.84100000000035 6.76200000000244
 0 0 0 0 0 0 0 0 0 0
 0 0 0 0 0 0 0 0 0 0
 0.940000000002328 2.80000000000291 3.95500000000175 2.55499999999302 6.13300000000163 2.65099999999802 2.04899999999907 2.05199999999604 2.24499999999534 2.05199999999604
 10.3420000000006 0.205000000001746 0.264000000002852 0.23399999999674 0.358000000000175 0.184999999997672 0.15400000000227 0.148999999997613 0.159999999996217 0.147999999993772
 16.1800000000076 3.00699999999779 4.22599999999511 2.79200000000128 6.49599999999919 2.83800000000338 2.20600000000559 2.20400000001246 2.40899999999965 2.20299999999406
 0 0 0 0 0 0 0 0 0 0
 0 0 0 0 0 0 0 0 0 0
 18.0069999999978 30.8489999999874 33.8000000000029 25.7679999999964 34.1319999999978 22.3119999999908 22.7359999999899 21.041000000012 22.9170000000013 20.599000000002
 27.9180000000015 1.92000000000553 1.93899999999849 1.64300000000367 1.84300000000076 1.26000000000204 1.25500000000466 1.15299999999843 1.23300000000017 1.08600000000297
 57.5390000000043 31.2010000000009 33.6209999999992 25.7309999999998 33.801999999996 22.1190000000061 22.5470000000059 20.7449999999953 22.689000000013 20.2030000000086
 0 0 0 0 0 0 0 0 0 0
 0 0 0 0 0 0 0 0 0 0
 849.626000000004 1446.348 1393.399 1384.48300000001 1075.88399999999 1039.61700000001 1023.766 1048.67 1034.84199999999 1025.85799999999
 1943.162 85.7029999999941 80.7890000000043 79.4389999999985 61.4839999999967 58.7589999999982 57.0739999999932 57.6340000000055 56.0270000000019 54.6949999999997
 3922.943 1448.504 1393.98 1382.151 1061.63400000001 1026.25 1009.05099999999 1036.914 1017.85299999999 1008.848
 0 0 0 0 0 0 0 0 0 0
 0 0 0 0 0 0 0 0 0 0
