V1 V2 V3 V4 V5 V6 V7 V8 V9 V10
sam 5.90299999999115 5.17700000002515 4.99600000001374 4.95599999997648 5.15799999999581 5.04399999999441 5.3059999999823 5.55800000001909 5.04699999999139 5.0789999999979
geode 0.0849999999991269 0.0729999999966822 0.0730000000039581 0.0690000000031432 0.0720000000001164 0.0689999999958673 0.0710000000035507 0.0740000000005239 0.0670000000027358 0.0669999999954598
ref 5.99199999999837 5.25500000000466 5.07300000000396 5.02800000002026 5.23399999999674 5.11699999999837 5.38200000001234 5.63699999998789 5.11699999999837 5.15000000002328
infog 0 0 0 0 0 0 0 0 0 0
func 0 0 0 0 0 0 0 0 0 0
EFSIS 5.35399999999208 4.95100000000093 4.84299999999348 4.85700000001816 4.70999999999185 4.875 5.00900000002002 4.94500000000698 4.84000000002561 4.84500000000116
 0.243000000002212 0.188000000001921 0.206999999994878 0.229999999995925 0.192000000002736 0.226999999998952 0.2129999999961 0.2129999999961 0.211999999999534 0.202000000004773
 5.60099999999511 5.14299999998184 5.05299999998533 5.09299999999348 4.90700000000652 5.10499999998137 5.22500000000582 5.16300000000047 5.05500000002212 5.05199999999604
 0 0 0 0 0 0 0 0 0 0
 0 0 0 0 0 0 0 0 0 0
 9.31700000001001 8.72899999999208 8.14600000000792 8.23600000000442 8.63100000002305 8.34500000000116 8.57999999998719 8.4659999999858 8.77899999998044 8.1820000000007
 0.177999999999884 0.192999999999302 0.264000000002852 0.275000000001455 0.175999999999476 0.201000000000931 0.217000000004191 0.218999999997322 0.173000000002503 0.114999999997963
 8.04000000000815 7.49100000000908 6.97500000000582 7.07300000000396 7.37200000000303 7.12400000001071 7.31299999999464 7.23099999999977 7.54399999999441 6.86699999999837
 0 0 0 0 0 0 0 0 0 0
 0 0 0 0 0 0 0 0 0 0
 2.30400000000373 2.1699999999837 2.17199999999139 2.12099999998463 2.15699999997742 2.12100000001374 2.262000000017 2.19900000002235 2.11199999999371 2.11499999999069
 0.11699999999837 0.0910000000003492 0.103000000002794 0.101999999998952 0.0869999999995343 0.105000000003201 0.10899999999674 0.104000000006636 0.102999999995518 0.101999999998952
 2.42299999998068 2.26199999998789 2.27600000001257 2.22599999999511 2.24700000000303 2.2270000000135 2.37400000001071 2.30600000001141 2.2159999999858 2.21900000001187
 0 0 0 0 0 0 0 0 0 0
 0 0 0 0 0 0 0 0 0 0
 24.0859999999811 22.2080000000133 21.2920000000158 21.3209999999963 21.7820000000065 21.5409999999974 22.3999999999942 22.3450000000012 21.9200000000128 21.375
 0.639999999999418 0.561999999998079 0.665000000000873 0.692999999999302 0.542999999997846 0.618999999998778 0.644000000000233 0.625999999996566 0.572000000000116 0.502999999996973
 23.2829999999958 21.3520000000135 20.5320000000065 20.5890000000072 20.9040000000095 20.747000000003 21.5720000000147 21.5299999999988 21.0920000000042 20.4610000000102
 0 0 0 0 0 0 0 0 0 0
 0 0 0 0 0 0 0 0 0 0
 1081.391 1058.76699999999 1062.66199999998 1064.726 1083.44899999999 1053.60000000001 1052.231 1045.11600000001 1040.579 1073.367
 27.9859999999971 26.1319999999978 26.8450000000012 26.8859999999986 26.726999999999 26.9559999999983 27.0789999999979 27.9579999999987 27.3790000000008 23.8050000000003
 1037.76199999999 1013.45699999999 1018.72 1020.60199999998 1037.948 1009.492 1007.82800000001 1005.29399999999 997.300000000017 1025.981
 0 0 0 0 0 0 0 0 0 0
 0 0 0 0 0 0 0 0 0 0
