V1 V2 V3 V4 V5 V6 V7 V8 V9 V10
sam 5.20599999999831 5.15099999999802 5.69799999999668 5.43400000000111 5.82400000000052 4.85399999999936 4.79099999999744 5.29999999999563 5.21100000000297 5.45599999999831
geode 0.0889999999999418 0.0839999999989232 0.0909999999985303 0.0839999999989232 0.0950000000011642 0.070000000001528 0.0669999999990978 0.0739999999987049 0.069999999999709 0.0709999999999127
ref 5.2980000000025 5.2390000000014 5.79300000000512 5.52100000000792 5.92399999999907 4.92799999999988 4.86100000000442 5.37900000000081 5.28500000000349 5.53200000000652
infog 0 0 0 0 0 0 0 0 0 0
func 0 0 0 0 0 0 0 0 0 0
EFSOS 4.9120000000039 4.72500000000582 4.70200000000477 4.94499999999971 4.75400000000081 4.69099999999889 4.68500000000495 4.71800000000076 4.78600000000006 4.82099999999627
EFSIS 0.19800000000032 0.19800000000032 0.188000000000102 0.197000000000116 0.186999999999898 0.208999999998923 0.209000000000742 0.206000000000131 0.184999999999491 0.168999999999869
 5.1140000000014 4.92700000001059 4.89400000000023 5.14699999999721 4.94499999999243 4.90399999999499 4.89900000000489 4.92799999999988 4.97499999999127 4.9939999999915
 0 0 0 0 0 0 0 0 0 0
 0 0 0 0 0 0 0 0 0 0
 9.33699999999953 8.97599999999511 9.03600000000006 9.47200000000157 9.10199999999895 7.80799999999726 7.8579999999929 7.84100000000035 9.09500000000116 9.76699999999983
 0.179000000000087 0.156999999999243 0.147000000000844 0.153000000000247 0.145000000000437 0.117000000000189 0.118000000000393 0.140000000001237 0.144000000000233 0.181000000000495
 7.76200000000244 7.40699999999197 7.44499999999243 7.76699999999255 7.4950000000099 6.13400000000547 6.16899999999441 6.27899999999499 7.45600000000559 8.06200000000536
 0 0 0 0 0 0 0 0 0 0
 0 0 0 0 0 0 0 0 0 0
 2.26399999999558 2.17500000000291 2.19399999999587 2.16999999999825 2.19000000000233 2.16000000000349 2.15900000000693 2.12099999999919 2.3949999999968 2.2100000000064
 0.0949999999993452 0.0930000000007567 0.0959999999995489 0.092000000000553 0.0889999999999418 0.102999999999156 0.10399999999936 0.100999999998749 0.0900000000001455 0.0900000000001455
 2.36099999999715 2.27000000000407 2.29099999999744 2.26300000000629 2.28099999998813 2.26399999999558 2.26600000000326 2.22299999999814 2.48699999999371 2.30200000001059
 0 0 0 0 0 0 0 0 0 0
 0 0 0 0 0 0 0 0 0 0
 22.9190000000017 22.25 22.8459999999977 23.25 23.0620000000054 20.6029999999955 20.5729999999967 21.038999999997 22.7130000000034 23.4719999999943
 0.582000000000335 0.552999999999884 0.543999999999869 0.546000000000276 0.53400000000147 0.516999999999825 0.514999999999418 0.536000000000058 0.505999999999403 0.527000000000044
 21.7570000000051 21.0880000000034 21.6619999999966 21.948000000004 21.8549999999959 19.3389999999927 19.2920000000013 19.8839999999909 21.4470000000001 22.1260000000038
 0 0 0 0 0 0 0 0 0 0
 0 0 0 0 0 0 0 0 0 0
 1094.561 1091.901 1092.722 1096.324 1067.554 1026.262 993.514999999999 1069.44 1093.173 1096.633
 27.7299999999996 26.9459999999999 26.7909999999993 26.3419999999987 26.1409999999996 25.9320000000007 25.8410000000003 24.9659999999985 24.8739999999998 24.3439999999991
 1036.17999999999 1028.82000000001 1030.147 1032.954 1003.69 963.301999999996 930.354000000007 1012.092 1027.92 1032.533
 0 0 0 0 0 0 0 0 0 0
 0 0 0 0 0 0 0 0 0 0
