V1 V2 V3 V4 V5 V6 V7 V8 V9 V10
sam 8.28300000000309 7.625 8.16400000000431 7.52699999999459 7.60199999999895 7.50299999999697 8.01600000000326 7.91399999999703 8.05000000000291 8.13899999999558
geode 0.172999999998865 0.149999999999636 0.153999999998632 0.135000000000218 0.130999999999403 0.122999999999593 0.125 0.118000000000393 0.114999999999782 0.11200000000099
ref 8.46300000001793 7.78200000000652 8.32399999999325 7.66700000001583 7.737999999983 7.63199999998324 8.1479999999865 8.03800000000047 8.17099999997299 8.25800000000163
infog 0 0 0 0 0 0 0 0 0 0
func 0 0 0 0 0 0 0 0 0 0
EFSIS 4.74599999999919 4.70899999999529 5.47899999999936 4.82200000000012 4.88300000000163 4.82600000000093 4.73599999999715 4.65600000000268 4.82099999999627 4.76800000000367
 0.243000000000393 0.200999999999112 10.0040000000008 0.235999999998967 0.239999999999782 0.367000000000189 0.182999999999083 0.199000000000524 0.186999999999898 0.206000000000131
 4.99199999999837 4.91399999998976 15.6050000000105 5.06200000000536 5.12800000002608 5.19700000001467 4.92300000000978 4.85899999999674 5.012000000017 4.97800000000279
 0 0 0 0 0 0 0 0 0 0
 0 0 0 0 0 0 0 0 0 0
 8.32100000000355 8.35599999999977 8.56699999999546 8.05299999999988 8.2960000000021 8.84600000000501 8.79499999999825 8.64699999999721 8.84500000000116 8.3839999999982
 0.180000000000291 0.175000000001091 0.167999999999665 0.153000000000247 0.15099999999984 0.156999999999243 0.140999999999622 0.158999999999651 0.15099999999984 0.119999999998981
 6.62200000000303 6.53699999998207 7.11800000001676 6.4890000000014 6.5909999999858 7.04299999997602 7.05900000000838 7.01600000000326 7.22099999999045 7.15599999998813
 0 0 0 0 0 0 0 0 0 0
 0 0 0 0 0 0 0 0 0 0
 2.30299999999988 2.16600000000471 2.40700000000652 2.15200000000186 2.4539999999979 2.21499999999651 2.45599999999831 2.28900000000431 2.18899999999849 2.25800000000163
 0.120999999999185 0.101000000000568 0.111000000000786 0.11200000000099 0.113000000001193 0.106999999999971 0.100000000000364 0.0929999999989377 0.0889999999999418 0.0950000000011642
 2.42600000000675 2.26900000000023 2.51999999998952 2.26499999998487 2.57000000000698 2.32400000002235 2.55799999998999 2.38400000002002 2.27999999999884 2.35399999999208
 0 0 0 0 0 0 0 0 0 0
 0 0 0 0 0 0 0 0 0 0
 24.9500000000044 24.1389999999956 26.4270000000033 23.7999999999956 24.4800000000032 24.6200000000026 25.3510000000024 24.8300000000017 25.2280000000028 24.851999999999
 0.745999999999185 0.653999999998632 10.473 0.658999999999651 0.65599999999904 0.774999999999636 0.570999999999913 0.588999999999942 0.563999999998487 0.551000000001295
 23.8310000000056 22.8129999999946 35.4140000000189 22.7550000000047 23.2939999999944 23.4479999999749 24.0589999999793 23.6430000000109 24.0289999999804 24.0679999999993
 0 0 0 0 0 0 0 0 0 0
 0 0 0 0 0 0 0 0 0 0
 1166.717 1162.142 1158.216 1166.023 1177.165 1203.835 1207.676 1200.441 1191.445 1171.53
 35.371000000001 33.0340000000015 33.3119999999999 32.8739999999998 31.9470000000001 31.4030000000002 28.2709999999988 28.0200000000004 28.2860000000001 27.2909999999993
 1107.103 1108.663 1109.67999999999 1110.95199999999 1112.755 1163.22900000002 1146.755 1144.36600000001 1141.54499999998 1115.014
 0 0 0 0 0 0 0 0 0 0
 0 0 0 0 0 0 0 0 0 0
