V1 V2 V3 V4 V5 V6 V7 V8 V9 V10
sam 5.14500000000407 6.04999999999563 6.61000000000058 5.53899999999703 5.60399999999936 5.51599999999598 5.36499999999796 5.25699999999779 5.30800000000454 5.44799999998941
geode 0 0 0.000999999999976353 0 0 0 0 0 0 0
ref 5.15000000000146 6.05500000000029 6.6160000000018 5.54400000000169 5.60899999999674 5.52100000000064 5.36799999999494 5.2609999999986 5.31300000000192 5.4519999999975
infog 0 0 0 0 0 0 0 0 0 0
func 0 0 0 0 0 0 0 0 0 0
EFSIS 4.91500000000087 4.98300000000017 5.14699999999721 4.8640000000014 5.15799999999581 4.97299999999814 4.8179999999993 4.35199999999895 5.00699999999779 4.90899999999965
 0.158999999999992 0.134000000000015 0.15300000000002 0.126999999999953 0.135999999999967 0.128000000000043 0.121999999999957 0.15199999999993 0.157000000000039 0.12399999999991
 5.0769999999975 5.12099999999919 5.30399999999645 4.99599999999919 5.2980000000025 5.1050000000032 4.9429999999993 4.5089999999982 5.16900000000169 5.0370000000039
 0 0 0 0 0 0 0 0 0 0
 0 0 0 0 0 0 0 0 0 0
 8.51599999999598 9.78199999999924 9.09900000000198 9.37199999999575 9.5460000000021 9.38900000000285 9.20700000000215 10.0130000000063 8.79799999999523 9.14000000001397
 0.00699999999994816 0.00599999999997181 0.00499999999999545 0.0040000000000191 0.0040000000000191 0.0040000000000191 0.00700000000006185 0.0210000000000719 0.0360000000000582 0.00200000000006639
 7.02799999999843 8.31599999999889 7.5570000000007 7.85399999999936 7.94900000000052 7.83899999999994 7.60700000000361 8.63900000000285 7.24199999999837 7.65999999999622
 0 0 0 0 0 0 0 0 0 0
 0 0 0 0 0 0 0 0 0 0
 2.5109999999986 2.39800000000105 2.36499999999796 2.32100000000355 2.39300000000367 2.27499999999418 2.3070000000007 2.35899999999674 2.39699999999721 2.26199999998789
 0.0769999999999982 0.0670000000000073 0.0769999999999982 0.0650000000000546 0.0810000000000173 0.0629999999999882 0.0589999999999691 0.0810000000000173 0.0789999999999509 0.0639999999999645
 2.58899999999994 2.46800000000076 2.44400000000314 2.38700000000244 2.47699999999895 2.34100000000035 2.36800000000221 2.44199999999546 2.47899999999936 2.32700000000477
 0 0 0 0 0 0 0 0 0 0
 0 0 0 0 0 0 0 0 0 0
 22.2420000000056 24.3689999999988 24.4419999999955 23.3600000000006 23.976999999999 23.4159999999974 22.8499999999985 23.2280000000028 22.6839999999938 22.9819999999891
 0.245000000000005 0.20799999999997 0.237999999999943 0.197000000000003 0.221000000000004 0.196000000000026 0.188999999999965 0.254000000000019 0.272000000000048 0.190999999999917
 21.0020000000004 23.1169999999984 23.1440000000002 22.0469999999987 22.6100000000006 22.0709999999963 21.4409999999989 22.0989999999947 21.3780000000042 21.7010000000009
 0 0 0 0 0 0 0 0 0 0
 0 0 0 0 0 0 0 0 0 0
 1095.019 1121.283 1122.77 1124.173 1150.514 1123.231 1144.156 1143.85000000001 1113.85000000001 1118.19100000001
 11.072 11.4050000000001 11.099 10.477 11.131 11.456 12.412 13.5129999999999 10.994 10.854
 1030.038 1057.618 1057.272 1058.65 1083.334 1058.658 1078.862 1079.511 1047.107 1051.809
 0 0 0 0 0 0 0 0 0 0
 0 0 0 0 0 0 0 0 0 0
