V1 V2 V3 V4 V5 V6 V7 V8 V9 V10
sam 7.53600000000733 7.52300000000105 7.66799999999057 7.40799999999581 7.7329999999929 7.70199999999022 7.56200000000536 7.4829999999929 7.45799999999872 7.54699999999139
geode 0.0460000000002765 0.0450000000000728 0.043999999999869 0.0419999999994616 0.0419999999994616 0.0410000000010768 0.0400000000008731 0.0379999999986467 0.0379999999986467 0.0379999999986467
ref 7.58799999998882 7.57400000002235 7.71799999999348 7.45600000000559 7.78199999997742 7.74799999999232 7.60899999999674 7.52700000000186 7.50299999999697 7.5910000000149
infog 0 0 0 0 0 0 0 0 0 0
func 0 0 0 0 0 0 0 0 0 0
EFSIS 4.76600000000326 4.72599999999511 4.75900000000547 4.8070000000007 4.83900000000722 4.98799999999756 4.8859999999986 4.81200000000536 4.86199999999371 4.89100000000326
 0.144000000000233 0.152000000000044 0.140000000001237 0.144000000000233 0.138000000000829 0.179999999998472 0.183999999999287 0.165000000000873 0.169000000001688 0.17200000000048
 4.91300000000047 4.88199999998324 4.90200000000186 4.95499999998719 4.98099999999977 5.17300000000978 5.07399999999325 4.97999999998137 5.0340000000142 5.06599999999162
 0 0 0 0 0 0 0 0 0 0
 0 0 0 0 0 0 0 0 0 0
 8.25099999998929 8.43700000000536 8.8469999999943 8.73500000000058 8.36800000000221 8.66300000000047 8.58199999999488 8.49099999999453 8.55000000000291 8.50699999999779
 0.0619999999998981 0.0659999999988941 0.055000000000291 0.0569999999988795 0.0560000000004948 0.0529999999998836 0.0519999999996799 0.0769999999993161 0.0559999999986758 0.0460000000002765
 6.48099999999977 6.54200000001583 7.01900000000023 7.04099999999744 6.55400000000373 6.78099999998813 6.65400000000955 6.57799999997951 6.58799999998882 6.63300000000163
 0 0 0 0 0 0 0 0 0 0
 0 0 0 0 0 0 0 0 0 0
 2.24000000000524 2.1929999999993 2.1880000000092 2.20700000000943 2.18299999998999 2.19800000000396 2.1990000000078 2.17299999999523 2.59700000000885 2.4210000000021
 0.0740000000005239 0.0740000000005239 0.0729999999985012 0.0740000000005239 0.0709999999999127 0.0880000000015571 0.0830000000005384 0.0850000000009459 0.0900000000001455 0.0840000000007421
 2.31500000000233 2.26900000000023 2.262000000017 2.2840000000142 2.25500000000466 2.28700000001118 2.28299999999581 2.26000000000931 2.68900000001304 2.50800000000163
 0 0 0 0 0 0 0 0 0 0
 0 0 0 0 0 0 0 0 0 0
 24.0710000000108 24.125 24.7469999999885 24.4449999999924 24.3479999999981 24.8759999999893 24.5529999999999 24.2709999999934 24.8239999999932 24.7149999999965
 0.335000000000946 0.345999999999549 0.320999999999913 0.325999999999112 0.314000000000306 0.371000000001004 0.368000000000393 0.373999999999796 0.360999999998967 0.34900000000016
 22.5849999999919 22.5230000000156 23.1970000000147 23.0329999999958 22.804999999993 23.3239999999932 22.9560000000056 22.6680000000051 23.179999999993 23.1560000000172
 0 0 0 0 0 0 0 0 0 0
 0 0 0 0 0 0 0 0 0 0
 1159.28899999999 1163.492 1162.97600000001 1160.67600000001 1206.12 1182.60500000001 1181.37300000001 1170.908 1178.247 1177.77800000001
 17.0349999999999 16.878999999999 16.8290000000015 16.8919999999998 17.7759999999998 18.360999999999 18.5830000000005 18.8279999999995 18.2740000000013 19.0689999999995
 1082.71600000001 1080.74299999999 1081.592 1087.33799999999 1132.359 1106.921 1099.13199999998 1091.45199999999 1103.49900000001 1104.47699999998
 0 0 0 0 0 0 0 0 0 0
 0 0 0 0 0 0 0 0 0 0
