V1 V2 V3 V4 V5 V6 V7 V8 V9 V10
sam 7.68499999999767 7.69800000000396 7.99899999999616 7.89599999999336 8.30800000000454 7.69500000000698 7.62700000000768 7.5570000000007 7.66700000000128 7.71700000000419
geode 0.0259999999998399 0.0249999999996362 0.0259999999998399 0.0249999999996362 0.0259999999998399 0.0230000000010477 0.0229999999992287 0.021999999999025 0.0230000000010477 0.021999999999025
ref 7.71700000000419 7.73000000001048 8.03099999998813 7.92699999999604 8.33999999999651 7.72399999998743 7.65599999998813 7.58400000000256 7.69599999999627 7.74400000000605
infog 0 0 0 0 0 0 0 0 0 0
func 0 0 0 0 0 0 0 0 0 0
EFSIS 4.77799999999115 4.74799999999232 5.00699999999779 4.73700000000827 4.9210000000021 4.88099999999395 4.88499999999476 4.82300000000396 5.01900000000023 4.91000000000349
 0.138000000000829 0.136000000000422 0.135000000000218 0.15099999999984 0.174999999999272 0.166999999999462 0.167999999999665 0.159999999999854 0.156999999999243 0.159999999999854
 4.91900000002352 4.88800000000629 5.14600000000792 4.89100000000326 5.10000000000582 5.05200000002515 5.05500000002212 4.98699999999371 5.17999999999302 5.07399999999325
 0 0 0 0 0 0 0 0 0 0
 0 0 0 0 0 0 0 0 0 0
 9.04800000000978 8.55100000000675 8.70900000000256 8.96199999999953 8.5109999999986 9.10000000000582 8.58199999999488 9.09100000000035 8.49400000000605 8.45599999999104
 0.0360000000000582 0.0429999999996653 0.0360000000000582 0.0519999999996799 0.0360000000000582 0.0319999999992433 0.0390000000006694 0.0560000000004948 0.0400000000008731 0.0320000000010623
 7.01299999997718 6.50299999999697 6.64900000000489 6.94899999999325 6.71199999999953 7.25800000000163 6.62199999997392 7.20300000000861 6.65499999999884 6.66899999999441
 0 0 0 0 0 0 0 0 0 0
 0 0 0 0 0 0 0 0 0 0
 2.45299999999406 2.19400000000314 2.19199999999546 2.22899999999208 2.18299999998999 2.25 2.26600000000326 2.23699999999371 2.22599999999511 2.17900000000373
 0.069999999999709 0.0640000000003056 0.0680000000011205 0.0760000000009313 0.0840000000007421 0.0870000000013533 0.0799999999999272 0.0820000000003347 0.0799999999999272 0.0829999999987194
 2.52400000000489 2.26000000000931 2.2609999999986 2.3070000000007 2.26900000000023 2.33899999997811 2.34800000002724 2.32300000000396 2.30799999998999 2.26400000002468
 0 0 0 0 0 0 0 0 0 0
 0 0 0 0 0 0 0 0 0 0
 25.1929999999993 24.9949999999953 25.7259999999951 25.0529999999999 25.2179999999935 25.2609999999986 24.653999999995 24.9910000000091 24.7050000000017 24.5639999999985
 0.273999999999432 0.277000000000044 0.27100000000064 0.307999999999083 0.326999999999316 0.315000000000509 0.314000000000306 0.323999999998705 0.303000000001703 0.30199999999968
 23.4060000000172 23.195000000007 23.9150000000081 23.3099999999977 23.7240000000165 23.7159999999858 22.9800000000105 23.3839999999909 23.1409999999742 23.0590000000084
 0 0 0 0 0 0 0 0 0 0
 0 0 0 0 0 0 0 0 0 0
 1176.77099999999 1190.504 1160.569 1217.132 1216.78600000001 1194.26400000001 1187.04100000001 1177.783 1187.959 1216.114
 13.969000000001 14.1579999999994 107.155000000001 15.6580000000013 15.8590000000004 16.2630000000008 16.4399999999987 16.616 16.5109999999986 15.4099999999999
 1088.44899999999 1100.041 1216.497 1135.47699999998 1135.01999999999 1119.46100000001 1106.981 1105.70600000001 1114.54200000002 1140.81899999999
 0 0 0 0 0 0 0 0 0 0
 0 0 0 0 0 0 0 0 0 0
