V1 V2 V3 V4 V5 V6 V7 V8 V9 V10
sam 5.12900000000081 5.0280000000057 5.64400000000023 5.81399999999849 5.17900000000373 5.2729999999865 5.02700000000186 5.25699999999779 5.44999999999709 5.13099999999395
geode 0.225000000005821 0.217000000004191 0.239999999997963 0.24199999999837 0.211000000002969 0.211999999999534 0.199000000000524 0.20499999999447 0.209000000002561 0.192999999999302
ref 5.3579999999929 5.24800000000687 5.88700000000244 6.06100000000151 5.39499999998952 5.48999999999069 5.23099999999977 5.46499999999651 5.66399999998976 5.3289999999979
infog 0 0 0 0 0 0 0 0 0 0
func 0 0 0 0 0 0 0 0 0 0
EFSIS 4.69800000000396 4.50500000000466 4.83100000000559 4.91300000000047 4.74199999999837 4.64300000001094 4.72299999999814 4.12200000000303 4.64699999999721 4.73699999999371
 0.318999999995867 0.318999999995867 0.327000000004773 0.326999999997497 0.31699999999546 0.305000000000291 0.296000000002095 0.278000000005704 0.298999999999069 0.290000000000873
 5.02000000000407 4.82799999999406 5.16300000000047 5.2439999999915 5.06299999999464 4.95000000001164 5.02199999999721 4.40499999999884 4.95100000000093 5.02999999999884
 0 0 0 0 0 0 0 0 0 0
 0 0 0 0 0 0 0 0 0 0
 8.28399999999965 8.4539999999979 8.6929999999993 8.69999999999709 8.1299999999901 8.93399999999383 8.40099999999802 8.53299999999581 8.00700000001234 9.2670000000071
 0.374000000003434 0.364000000001397 0.379999999997381 0.379000000000815 0.345000000001164 0.366000000001804 0.347000000001572 0.35399999999936 0.322999999996682 0.371999999995751
 7.14999999999418 7.35700000000361 7.5789999999979 7.61299999999756 6.98500000001513 7.69399999998859 7.27899999998044 7.4550000000163 6.88200000001234 8.20199999999022
 0 0 0 0 0 0 0 0 0 0
 0 0 0 0 0 0 0 0 0 0
 2.14400000000023 2.06999999999243 2.71899999999732 2.23600000000442 2.09000000001106 2.10300000000279 2.10800000000745 2.0850000000064 2.07799999999406 2.19499999999243
 0.155999999995402 0.144999999996799 0.173000000002503 0.150999999998021 0.144000000000233 0.141999999999825 0.139999999999418 0.13799999999901 0.136000000005879 0.14100000000326
 2.30200000001059 2.21700000000419 2.89499999998952 2.38800000000629 2.23499999998603 2.24700000000303 2.25 2.22500000000582 2.21499999999651 2.33900000000722
 0 0 0 0 0 0 0 0 0 0
 0 0 0 0 0 0 0 0 0 0
 21.4370000000054 21.1570000000065 23.0840000000026 22.875 21.2550000000047 22.0889999999927 21.9130000000005 21.1680000000051 21.2960000000021 22.4639999999927
 1.12700000000041 1.09300000000076 1.17199999999866 1.15199999999459 1.06300000000192 1.07499999999709 1.05099999999948 1.02199999999721 1.0109999999986 1.03899999999703
 21.0659999999916 20.7989999999991 22.7739999999903 22.5709999999963 20.8399999999965 21.56700000001 21.5059999999939 20.7690000000002 20.872000000003 22.0760000000009
 0 0 0 0 0 0 0 0 0 0
 0 0 0 0 0 0 0 0 0 0
 1053.25 1046.83500000001 1042.68799999999 1016.51599999999 1051.71800000001 1049.107 1053.091 1025.53199999999 1039.74000000001 1014.48
 55.1189999999988 54.1520000000019 53.1209999999992 51.5130000000063 52.275999999998 51.3740000000034 51.0690000000031 49.5809999999983 49.1500000000015 47.4179999999978
 1035.74000000001 1029.17600000001 1023.68100000001 997.180000000008 1030.76799999998 1028.772 1031.38800000001 1005.47200000001 1017.13699999999 990.381999999983
 0 0 0 0 0 0 0 0 0 0
 0 0 0 0 0 0 0 0 0 0
