V1 V2 V3 V4 V5 V6 V7 V8 V9 V10
sam 5.2039999999979 5.85599999999977 5.85599999999977 5.29099999999744 5.2609999999986 5.42799999999988 5.99199999999837 6.1710000000021 5.97000000000116 5.35399999999208
geode 0.000999999999976353 0.00200000000006639 0 0 0 0 0 0 0 0.000999999999976353
ref 5.20799999999872 5.86199999999371 5.86000000000058 5.29499999999825 5.26499999999942 5.43199999998615 5.99700000000303 6.17699999999604 5.97499999999127 5.35899999999674
infog 0 0 0 0 0 0 0 0 0 0
func 0 0 0 0 0 0 0 0 0 0
EFSIS 5.01999999998952 5.24700000000303 4.97800000000279 4.86500000000524 4.9210000000021 4.85800000000745 5.09599999999045 5.19400000000314 5.38899999999558 4.97999999999593
 0.156000000000063 0.161999999999921 0.155000000000086 0.135999999999967 0.145999999999958 0.135999999999967 0.153999999999996 0.164999999999964 0.172000000000025 0.15099999999984
 5.1820000000007 5.41400000000431 5.1359999999986 5.0049999999901 5.07000000000698 4.99700000000303 5.2560000000085 5.36300000001211 5.56600000000617 5.1359999999986
 0 0 0 0 0 0 0 0 0 0
 0 0 0 0 0 0 0 0 0 0
 9.16700000000128 8.9890000000014 8.65899999999965 9.1820000000007 8.7390000000014 9.31399999999849 9.31600000000617 9.98599999998987 9.96199999999953 9.20700000000943
 0.00599999999997181 0.00600000000008549 0.00699999999994816 0.0149999999999864 0.00499999999999545 0.00900000000001455 0.0149999999999864 0.0190000000000055 0.0080000000000382 0.00700000000006185
 7.58899999999994 7.42600000000675 7.14699999999721 7.66600000001199 7.09900000000198 7.7329999999929 7.64199999999255 8.43399999999383 8.46600000000035 7.63700000000244
 0 0 0 0 0 0 0 0 0 0
 0 0 0 0 0 0 0 0 0 0
 2.32300000000396 2.43300000000454 2.2960000000021 2.25199999999313 2.34999999999127 2.28100000000268 2.44199999999546 2.38999999999942 2.44999999999709 2.33899999999267
 0.08299999999997 0.0659999999999172 0.0819999999999936 0.0629999999999882 0.0610000000000355 0.0599999999999454 0.0639999999999645 0.0810000000000173 0.0779999999999745 0.0799999999999272
 2.40800000000309 2.50099999998929 2.37799999999697 2.3179999999993 2.41400000000431 2.34300000000803 2.50800000000163 2.47500000000582 2.52999999999884 2.41999999999825
 0 0 0 0 0 0 0 0 0 0
 0 0 0 0 0 0 0 0 0 0
 22.8649999999907 23.8360000000102 22.974000000002 22.8640000000014 22.4030000000057 23.1059999999998 24.0969999999943 25.0169999999925 25.0760000000009 23.0939999999973
 0.245999999999981 0.238000000000056 0.245000000000005 0.216000000000008 0.211999999999989 0.206999999999994 0.235000000000014 0.264999999999986 0.260999999999967 0.240999999999985
 21.5390000000043 22.5169999999925 21.7099999999919 21.5599999999977 20.9809999999998 21.734999999986 22.6580000000104 23.7250000000058 23.8450000000012 21.7699999999895
 0 0 0 0 0 0 0 0 0 0
 0 0 0 0 0 0 0 0 0 0
 1090.28 1122.446 1143.10299999999 1033.621 1131.212 1127.073 1134.973 1112.47200000001 681.861999999994 1145.819
 12.768 12.9699999999999 12.3140000000001 223.316 12.996 10.716 12.957 75.942 823.168 12.585
 1026.09599999999 1058.87800000001 1077.35800000001 1283.398 1065.264 1059.875 1070.253 1144.42599999999 1895.113 1080.27
 0 0 0 0 0 0 0 0 0 0
 0 0 0 0 0 0 0 0 0 0
