V1 V2 V3 V4 V5 V6 V7 V8 V9 V10
sam 7.32400000000007 7.56700000000001 7.23900000000003 7.12300000000005 7.22199999999975 7.22299999999996 7.32400000000007 7.0010000000002 7.27600000000029 7.80799999999999
geode 0 0 0 0.0119999999999969 0.0210000000000008 0 0 0.0100000000000051 0.0189999999999984 0
ref 7.32999999999993 7.57299999999987 7.24399999999969 7.14100000000008 7.24799999999959 7.22800000000007 7.32900000000018 7.01699999999983 7.30099999999993 7.81399999999985
infog 0 0 0 0 0 0 0 0 0 0
func 0 0 0 0 0 0 0 0 0 0
EFSIS 4.91199999999981 5.00199999999995 4.83199999999988 4.24199999999973 4.30200000000013 4.27500000000009 4.92499999999973 4.15300000000025 4.25399999999991 4.92400000000043
 0.128 0.128 0.115000000000002 0.118000000000002 0.137 0.123999999999995 0.122999999999998 0.134 0.119999999999997 0.126999999999995
 5.04399999999987 5.13400000000001 4.95100000000002 4.36299999999983 4.4409999999998 4.40299999999979 5.05299999999988 4.28900000000021 4.37900000000036 5.05400000000009
 0 0 0 0 0 0 0 0 0 0
 0 0 0 0 0 0 0 0 0 0
 8.36599999999999 8.06299999999965 8.03700000000026 8.78800000000001 8.7489999999998 9.41100000000006 8.12700000000041 8.63799999999992 8.22499999999991 9.625
 0.0620000000000012 0.0670000000000002 0.0749999999999993 0.0790000000000006 0.0410000000000039 0.044000000000004 0.0700000000000003 0.0629999999999953 0.506999999999998 0.0900000000000034
 6.4670000000001 6.42000000000007 6.33300000000008 7.12900000000036 7.04300000000012 7.70899999999983 6.42200000000003 6.99600000000009 6.66899999999987 7.75700000000006
 0 0 0 0 0 0 0 0 0 0
 0 0 0 0 0 0 0 0 0 0
 2.26099999999997 2.27400000000034 2.29299999999967 2.2510000000002 2.34500000000025 2.28699999999981 2.27199999999993 2.32699999999977 2.34500000000025 2.31299999999965
 0.0619999999999976 0.0599999999999987 0.0640000000000001 0.0600000000000023 0.0599999999999952 0.0609999999999999 0.0609999999999999 0.0640000000000001 0.0590000000000046 0.0619999999999976
 2.32400000000007 2.33600000000024 2.35899999999992 2.31399999999985 2.40599999999995 2.35000000000036 2.33600000000024 2.39300000000003 2.40700000000015 2.37699999999995
 0 0 0 0 0 0 0 0 0 0
 0 0 0 0 0 0 0 0 0 0
 24.1129999999998 24.1589999999997 23.654 23.6929999999998 23.8789999999999 24.4720000000002 23.8939999999998 23.402 23.373 26.0070000000001
 0.254000000000001 0.256999999999998 0.255000000000003 0.27 0.259 0.228999999999999 0.256 0.272000000000006 0.706000000000003 0.280000000000001
 22.4179999999997 22.7190000000001 22.1409999999996 22.2359999999999 22.4019999999996 22.9679999999998 22.3900000000003 21.9780000000001 22.0300000000002 24.3409999999999
 0 0 0 0 0 0 0 0 0 0
 0 0 0 0 0 0 0 0 0 0
 77.4639999999999 77.2040000000002 77.52 76.9460000000004 77.3069999999998 77.9840000000004 77.067 77.453 78.183 81.971
 0.959 0.974 0.971 0.946999999999996 1.02500000000001 0.945999999999998 0.979999999999997 0.982999999999997 1.028 1.027
 76.018 75.9719999999998 75.9010000000003 75.3160000000003 75.6700000000001 76.373 75.4829999999997 75.8829999999998 76.6819999999998 80.3810000000003
 0 0 0 0 0 0 0 0 0 0
 0 0 0 0 0 0 0 0 0 0
