V1 V2 V3 V4 V5 V6 V7 V8 V9 V10
sam 8.11000000000058 8.09500000000116 7.82299999998941 8.21900000001187 8.25800000000163 8.28800000000047 7.99400000000605 7.88999999999942 8.22800000000279 8.16300000000047
geode 0.0339999999996508 0.032999999999447 0.0319999999992433 0.032999999999447 0.0320000000010623 0.0319999999992433 0.0299999999988358 0.0289999999986321 0.0299999999988358 0.0290000000004511
ref 8.15099999995437 8.13400000002002 7.86099999997532 8.25799999997253 8.29700000002049 8.32699999999022 8.03000000002794 7.92399999999907 8.26399999996647 8.19799999997485
infog 0 0 0 0 0 0 0 0 0 0
func 0 0 0 0 0 0 0 0 0 0
EFSIS 4.79499999999825 4.91199999999662 4.73300000000745 4.91999999999825 4.90200000000186 4.88800000000629 4.75699999999779 4.67799999999988 4.87900000000081 4.77699999998731
 0.147999999999229 0.138000000000829 0.143000000000029 0.149999999999636 0.140999999999622 0.130999999999403 0.122000000001208 0.132000000001426 0.135000000000218 0.138999999999214
 4.94700000004377 5.05400000000373 4.88000000000466 5.07400000002235 5.04699999996228 5.02399999997579 4.88299999997253 4.81400000001304 5.01699999999255 4.92000000004191
 0 0 0 0 0 0 0 0 0 0
 0 0 0 0 0 0 0 0 0 0
 8.99199999999837 8.64400000000023 8.33699999999953 9.53500000000349 8.71700000000419 8.86499999999069 9.26300000000629 8.59799999999814 8.83699999999953 8.27300000000105
 0.0450000000000728 0.0409999999992579 0.0409999999992579 0.0430000000014843 0.0460000000002765 0.0450000000000728 0.0429999999996653 0.0579999999990832 0.0450000000000728 0.0370000000002619
 7.04699999996228 7.1479999999865 6.88099999999395 7.71599999995669 7.15100000001257 7.12200000003213 7.43300000001909 6.85800000000745 7.11099999997532 6.54300000000512
 0 0 0 0 0 0 0 0 0 0
 0 0 0 0 0 0 0 0 0 0
 2.25 2.17700000001059 2.19199999999546 2.17299999999523 2.23099999999977 2.24599999999919 2.18099999999686 2.25699999999779 2.22100000000501 2.2960000000021
 0.0720000000001164 0.0680000000011205 0.0680000000011205 0.0679999999993015 0.0669999999990978 0.0720000000001164 0.0669999999990978 0.0689999999995052 0.0640000000003056 0.0679999999993015
 2.32500000001164 2.24700000003213 2.2609999999986 2.24400000000605 2.29899999999907 2.32299999997485 2.25 2.3289999999688 2.28700000001118 2.36599999997998
 0 0 0 0 0 0 0 0 0 0
 0 0 0 0 0 0 0 0 0 0
 25.4579999999987 25.0710000000108 24.375 26.1500000000087 25.3690000000061 25.5760000000009 25.4490000000078 24.7010000000009 25.4500000000116 24.7920000000013
 0.305000000000291 0.287000000000262 0.290999999999258 0.300999999999476 0.292000000001281 0.286999999998443 0.268999999998414 0.291999999999462 0.28099999999904 0.279000000000451
 23.7880000000005 23.835000000021 23.1819999999716 24.6030000000028 24.0619999999763 24.0909999999567 23.8570000000182 23.2079999999842 23.9720000000088 23.3159999999916
 0 0 0 0 0 0 0 0 0 0
 0 0 0 0 0 0 0 0 0 0
 1292.51700000001 1269.211 1261.264 1272.34600000001 1297.139 1279.66100000001 1284.58 1270.42300000001 1283.99699999999 1266.22099999999
 16.0419999999995 15.2240000000002 15.7960000000003 16.0590000000011 16.2070000000003 15.848 15.7150000000001 15.8529999999992 16.4590000000007 15.1809999999987
 1221.73799999995 1210.73200000002 1203.18600000005 1211.348 1222.92200000002 1206.68800000002 1209.35999999999 1200.27500000002 1217.10499999998 1194.375
 0 0 0 0 0 0 0 0 0 0
 0 0 0 0 0 0 0 0 0 0
