V1 V2 V3 V4 V5 V6 V7 V8 V9 V10
sam 7.88699999999517 8.0879999999961 7.46500000000378 7.89100000000326 7.98599999999715 8.11300000000483 7.48500000000058 7.48600000000442 8.11499999999796 8.02999999999884
geode 0.0510000000003856 0.0509999999994761 0.0450000000000728 0.0449999999991633 0.0450000000000728 0.0460000000002765 0.0399999999999636 0.0540000000000873 0.0449999999991633 0.0460000000002765
ref 7.94400000000314 8.14600000000792 7.51499999999942 7.9429999999993 8.03699999999662 8.16599999999744 7.53100000000268 7.5460000000021 8.16700000000128 8.08200000000943
infog 0 0 0 0 0 0 0 0 0 0
func 0 0 0 0 0 0 0 0 0 0
EFSIS 4.92199999999866 4.91900000000169 4.86899999999878 4.8839999999982 4.8440000000046 4.8839999999982 4.87900000000081 4.80999999999767 4.89900000000489 3.68099999999686
 0.154999999999745 0.17200000000048 0.143999999999323 0.178000000000793 0.182999999999993 0.17699999999968 0.17699999999968 0.184000000000196 0.177000000000589 17.6840000000002
 5.08100000000559 5.09399999999732 5.01600000000326 5.06500000000233 5.03100000000268 5.06500000000233 5.06099999998696 4.99800000000687 5.0789999999979 28.5129999999917
 0 0 0 0 0 0 0 0 0 0
 0 0 0 0 0 0 0 0 0 0
 8.64400000000023 9.02399999999761 8.53899999999703 8.4230000000025 8.91700000000128 8.875 8.89899999999761 8.66700000000128 9.00999999999476 0
 0.0870000000004438 0.0860000000002401 0.100000000000364 0.0819999999994252 0.103000000000065 0.0600000000004002 0.0789999999997235 0.109999999999673 0.0689999999995052 3.55299999999988
 6.73399999999674 7.24799999999232 6.7219999999943 6.63300000000163 7.0509999999922 7.04300000000512 7.13000000000466 6.65799999999581 7.14699999999721 7.01300000000629
 0 0 0 0 0 0 0 0 0 0
 0 0 0 0 0 0 0 0 0 0
 2.17799999999988 2.46199999999953 2.20300000000134 2.18499999999767 2.27199999999721 2.21899999999732 2.18400000000111 2.22499999999854 2.17600000000675 1.68300000000454
 0.0720000000001164 0.0839999999998327 0.0709999999999127 0.0860000000002401 0.0860000000002401 0.0870000000004438 0.0830000000005384 0.0870000000004438 0.0870000000004438 0.0850000000000364
 2.25299999999697 2.54700000000594 2.27599999999802 2.27399999999034 2.36100000000442 2.30799999998999 2.2670000000071 2.31299999999464 2.26499999999942 2.36100000000442
 0 0 0 0 0 0 0 0 0 0
 0 0 0 0 0 0 0 0 0 0
 24.8829999999944 25.7869999999966 24.3240000000005 24.6790000000037 25.2359999999971 25.3740000000034 24.7350000000006 24.4789999999994 25.5120000000024 14.6709999999948
 0.374000000000706 0.40099999999984 0.368999999999687 0.399999999999636 0.423999999999978 0.379000000000815 0.38799999999992 0.447000000000116 0.38799999999992 21.3760000000002
 23.273000000001 24.3380000000034 22.7890000000043 23.221000000005 23.7050000000017 23.8739999999962 23.2880000000005 22.8190000000031 23.9809999999998 47.2559999999939
 0 0 0 0 0 0 0 0 0 0
 0 0 0 0 0 0 0 0 0 0
 1185.969 1213.111 1170.777 1159.011 1187.31600000001 1190.404 1151.819 1076.636 1121.868 1173.885
 24.4989999999998 23.0110000000004 19.6999999999998 96.5630000000001 109.92 29.6929999999993 103.531 294.543 217.364 86.3440000000001
 1115.076 1144.81 1096.80099999999 1201.40800000001 1251.35699999999 1132.382 1206.7 1425.84299999999 1359.677 1205.56
 0 0 0 0 0 0 0 0 0 0
 0 0 0 0 0 0 0 0 0 0
