V1 V2 V3 V4 V5 V6 V7 V8 V9 V10
sam 9.04499999999825 8.81300000000192 7.34500000000116 7.31699999999546 7.46800000000076 7.48399999999674 7.54499999999825 7.17399999999907 8.25300000000425 8.2410000000018
geode 0.000999999999976353 0.000999999999976353 0.00200000000006639 0.00199999999995271 0.00100000000009004 0.00499999999999545 0.00200000000006639 0.0040000000000191 0 0.00300000000004275
ref 9.0449999999837 8.81200000003446 7.34600000001956 7.31699999998091 7.46899999998277 7.48600000003353 7.5460000000312 7.17799999995623 8.25099999998929 8.24400000000605
infog 0 0 0 0 0 0 0 0 0 0
func 0 0 0 0 0 0 0 0 0 0
EFSIS 5.01699999999983 4.90299999999843 4.89299999999639 4.84399999999732 4.95799999999872 4.81900000000314 4.88699999999517 4.7239999999947 4.95899999999529 4.85499999999593
 0.131000000000085 0.124000000000024 0.125999999999976 0.130999999999972 0.133999999999901 0.129000000000019 0.120000000000005 0.112999999999943 0.128999999999905 0.112999999999943
 5.14900000003399 5.02700000000186 5.01899999997113 4.9770000000135 5.09000000002561 4.94699999998556 5.00399999995716 4.83699999999953 5.08799999998882 4.96799999999348
 0 0 0 0 0 0 0 0 0 0
 0 0 0 0 0 0 0 0 0 0
 9.51499999999942 9.59200000000419 8.57499999999709 8.34700000000157 8.52999999999884 8.31900000000314 8.34500000000116 8.18100000000413 9.52400000000489 9.46500000000378
 0.0389999999999873 0.0470000000000255 0.0499999999999545 0.0339999999999918 0.0360000000000582 0.0499999999999545 0.04200000000003 0.0580000000001064 0.461000000000013 0.0349999999999682
 7.58500000002095 7.62199999997392 6.65400000003865 6.55099999997765 6.66699999995762 6.48399999999674 6.51199999998789 6.41700000001583 7.57800000003772 7.53499999997439
 0 0 0 0 0 0 0 0 0 0
 0 0 0 0 0 0 0 0 0 0
 2.54900000000634 2.31500000000233 2.31000000000495 2.33200000000215 2.32600000000093 2.33699999999953 2.32400000000052 2.30399999999645 2.31099999999424 2.29099999999744
 0.0620000000000118 0.0609999999999218 0.0610000000000355 0.0660000000000309 0.0629999999999882 0.0629999999999882 0.0629999999999882 0.0599999999999454 0.0610000000000355 0.0630000000001019
 2.60899999999674 2.37699999997858 2.36999999999534 2.39900000003399 2.38800000003539 2.40100000001257 2.38799999997718 2.36599999997998 2.37299999996321 2.35400000005029
 0 0 0 0 0 0 0 0 0 0
 0 0 0 0 0 0 0 0 0 0
 27.4689999999973 26.9360000000015 24.4049999999988 24.1069999999963 24.5599999999977 24.2330000000002 24.3829999999944 23.6469999999972 26.3910000000033 26.1869999999981
 0.235000000000014 0.236999999999966 0.240999999999985 0.233999999999924 0.23700000000008 0.25 0.230000000000018 0.238000000000056 0.65199999999993 0.215000000000032
 25.7339999999967 25.1540000000386 22.6739999999991 22.50900000002 22.8939999999711 22.5960000000196 22.734999999986 22.0639999999548 24.6359999999986 24.4380000000237
 0 0 0 0 0 0 0 0 0 0
 0 0 0 0 0 0 0 0 0 0
 687.686000000002 671.512000000002 663.866000000002 665.531999999999 679.027000000002 662.633999999998 665.742000000006 678.964 684.847999999998 687.181000000004
 9.875 9.96600000000001 9.99600000000009 10.116 9.83399999999995 10.04 10.162 9.88900000000001 9.72900000000004 9.97299999999996
 666.395000000019 649.785999999964 643.054999999993 644.646000000008 657.742000000027 642.060999999987 644.981000000029 658.043999999994 664 666.679999999993
 0 0 0 0 0 0 0 0 0 0
 0 0 0 0 0 0 0 0 0 0
