V1 V2 V3 V4 V5 V6 V7 V8 V9 V10
sam 6.931 5.36500000000001 5.30799999999999 5.39300000000003 5.36999999999989 6.13400000000001 6.21699999999964 7.23999999999978 5.49300000000039 6.30099999999948
geode 0.138 0 0 0 0 0 0 0 0 0
ref 7.074 5.36800000000017 5.31100000000015 5.39699999999993 5.3739999999998 6.13799999999992 6.22299999999996 7.24600000000009 5.49799999999959 6.30599999999868
infog 0 0 0 0 0 0 0 0 0 0
func 0 0 0 0 0 0 0 0 0 0
EFSIS 4.689 4.93399999999997 4.89399999999978 4.88599999999997 5.11200000000008 5.25300000000061 5.03600000000006 5.3720000000003 4.90699999999924 4.96800000000076
 0.134 0.167999999999999 0.130000000000003 0.122 0.152000000000001 0.134999999999998 0.12299999999999 0.137 0.131 0.124000000000009
 4.884 5.10500000000002 5.029 5.01200000000017 5.26800000000003 5.39300000000003 5.16399999999976 5.51400000000012 5.04099999999926 5.09700000000157
 0 0 0 0 0 0 0 0 0 0
 0 0 0 0 0 0 0 0 0 0
 8.664 9.26800000000003 8.92900000000009 9.3779999999997 9.10000000000036 9.6309999999994 9.48199999999997 11.2929999999997 10.2000000000007 9.5059999999994
 0.847 0.0860000000000003 0.0500000000000007 0.00300000000000011 0.0790000000000006 0.0259999999999962 0.00600000000000023 0.0250000000000057 0.00800000000000978 0.00399999999999068
 7.695 7.76599999999985 7.42499999999973 7.76600000000008 7.54100000000017 8.0630000000001 7.85099999999966 9.6869999999999 8.61100000000079 7.94099999999889
 0 0 0 0 0 0 0 0 0 0
 0 0 0 0 0 0 0 0 0 0
 2.465 2.24200000000019 2.37199999999984 2.45700000000033 2.49299999999948 2.33799999999974 2.48899999999958 2.4989999999998 2.36399999999958 2.28200000000106
 0.00100000000000011 0.0800000000000001 0.0659999999999989 0.0800000000000054 0.0820000000000007 0.0640000000000001 0.0660000000000025 0.0619999999999976 0.0649999999999977 0.0649999999999977
 2.46899999999999 2.32400000000007 2.44100000000026 2.53800000000001 2.57800000000043 2.40400000000045 2.55600000000049 2.5619999999999 2.43000000000029 2.35000000000036
 0 0 0 0 0 0 0 0 0 0
 0 0 0 0 0 0 0 0 0 0
 23.93 22.9480000000001 23.3489999999997 23.335 23.3900000000003 24.6370000000006 25.1369999999997 27.6970000000001 24.1650000000009 24.3600000000006
 1.12 0.335999999999999 0.252000000000002 0.207000000000001 0.322000000000003 0.226999999999997 0.197000000000003 0.224000000000004 0.206000000000003 0.194000000000003
 23.304 21.7050000000002 22.0599999999999 21.9380000000001 22.085 23.2809999999999 23.7119999999995 26.3029999999999 22.7849999999999 22.9979999999996
 0 0 0 0 0 0 0 0 0 0
 0 0 0 0 0 0 0 0 0 0
 1129.989 1122.747 1123.318 1129.298 1181.947 1150.682 1133.384 1151.184 1133.416 1115.408
 13.403 11.603 11.428 12.551 11.494 10.459 10.429 10.946 10.952 10.021
 1069.547 1058.03 1056.665 1064.345 1112.456 1083.146 1065.474 1085.317 1066.864 1047.194
 0 0 0 0 0 0 0 0 0 0
 0 0 0 0 0 0 0 0 0 0
