V1 V2 V3 V4 V5 V6 V7 V8 V9 V10
sam 6.265 5.413 5.30199999999999 5.78100000000001 5.24700000000001 5.14699999999999 5.43900000000008 5.41300000000001 5.14199999999994 6.18299999999999
geode 0.162 0.0140000000000002 0.00999999999999979 0.0240000000000009 0.0120000000000005 0.0069999999999979 0.0169999999999995 0.0960000000000001 0.0860000000000021 0.0159999999999982
ref 6.43 5.43200000000002 5.31700000000001 5.80900000000003 5.26199999999994 5.15700000000004 5.45999999999992 5.5139999999999 5.23300000000017 6.20499999999993
infog 0 0 0 0 0 0 0 0 0 0
func 0 0 0 0 0 0 0 0 0 0
EFSOS 4.939 5.048 4.99100000000001 4.947 5 4.98500000000001 6.04199999999992 6.01499999999999 4.89200000000005 5.54700000000003
EFSIS 0.17 0.13 0.137 0.116999999999999 0.154999999999999 0.119000000000003 0.131 0.128 0.126999999999999 0.126000000000005
 5.163 5.18099999999998 5.13200000000001 5.06799999999998 5.16000000000008 5.10799999999995 6.17700000000002 6.14800000000002 5.02099999999996 5.67600000000016
 0 0 0 0 0 0 0 0 0 0
 0 0 0 0 0 0 0 0 0 0
 7.987 7.87899999999999 6.952 6.66899999999998 6.87299999999999 6.791 8.572 7.14199999999994 6.68700000000001 8.43499999999995
 0.403 0.0970000000000004 0.103999999999999 0.188000000000001 0.0950000000000006 0.093 0.0579999999999998 0.116 0.0800000000000018 0.0969999999999942
 8.404 7.982 7.06 6.86200000000002 6.97399999999993 6.88999999999999 8.63700000000006 7.26400000000012 6.77199999999993 8.53899999999999
 0 0 0 0 0 0 0 0 0 0
 0 0 0 0 0 0 0 0 0 0
 2.292 2.34200000000001 2.333 2.29700000000003 2.286 2.26799999999997 2.3420000000001 2.30700000000002 2.26300000000003 2.24599999999998
 0 0.0649999999999995 0.0640000000000001 0.0670000000000002 0.0619999999999994 0.0619999999999976 0.0620000000000012 0.0620000000000012 0.0640000000000001 0.0630000000000024
 2.294 2.40899999999999 2.399 2.36700000000002 2.34900000000005 2.33199999999999 2.40599999999995 2.37099999999987 2.32999999999993 2.31099999999992
 0 0 0 0 0 0 0 0 0 0
 0 0 0 0 0 0 0 0 0 0
 22.73 21.942 20.783 20.867 20.569 20.335 23.6110000000001 22.5229999999999 20.134 23.557
 0.735 0.307 0.316000000000001 0.398000000000001 0.326000000000001 0.282 0.269000000000002 0.404 0.358000000000001 0.302999999999997
 23.539 22.266 21.116 21.281 20.9109999999999 20.6319999999999 23.8979999999999 22.946 20.508 23.8789999999999
 0 0 0 0 0 0 0 0 0 0
 0 0 0 0 0 0 0 0 0 0
 71.855 73.356 68.155 67.582 69.063 71.559 71.7859999999999 69.9010000000001 73.236 73.361
 3.652 3.106 3.134 2.996 3.108 3.601 3.476 3.071 3.379 3.331
 150.694 114.133 110.697 109.745 111.791 113.998 113.842 109.467 114.074 117.875
 1926.102 1648.444 1748.689 1626.095 1654.012 1685.7 1663.615 1563.769 1673.582 1750.521
 1005.554 95.7569999999999 103.731 83.452 115.222 93.5319999999999 98.306 85.587 97.6279999999999 101.401
