V1 V2 V3 V4 V5 V6 V7 V8 V9 V10
sam 7.11599999999999 7.05699999999888 7.61599999999999 7.01900000000023 7.01299999999901 7.02100000000064 6.91100000000006 6.65300000000025 6.9380000000001 6.90000000000146
geode 0 0.0939999999999941 0.0330000000000013 0 0 0 0 0.147999999999996 0 0
ref 7.12100000000009 7.15599999999904 7.65600000000086 7.03700000000026 7.01800000000003 7.02600000000166 6.91799999999967 6.80600000000049 6.9429999999993 6.90600000000086
infog 0 0 0 0 0 0 0 0 0 0
func 0 0 0 0 0 0 0 0 0 0
EFSIS 4.84299999999894 4.23199999999997 4.87699999999859 4.81999999999971 4.32999999999993 4.25299999999879 4.78499999999985 4.1359999999986 4.76299999999901 4.7599999999984
 0.125 0.131 0.122 0.123999999999995 0.111999999999995 0.120000000000005 0.120000000000005 0.119 0.125 0.123999999999995
 4.97199999999975 4.36599999999999 5.00200000000041 4.94800000000032 4.44800000000032 4.3760000000002 4.90799999999945 4.2599999999984 4.89199999999983 4.88800000000083
 0 0 0 0 0 0 0 0 0 0
 0 0 0 0 0 0 0 0 0 0
 8.19300000000112 8.84100000000035 7.95900000000074 7.75700000000143 8.46100000000115 8.88100000000122 7.60800000000017 8.07700000000114 7.85900000000038 8.15800000000127
 0.112000000000009 0.106999999999999 0.111999999999995 0.129000000000005 0.0400000000000063 0.046999999999997 0.111999999999995 0.102000000000004 0.230000000000004 0.106999999999999
 6.42799999999988 7.08700000000135 6.25799999999981 6.10699999999997 6.70699999999852 7.18900000000031 5.99200000000019 6.47900000000118 6.05400000000009 6.51299999999901
 0 0 0 0 0 0 0 0 0 0
 0 0 0 0 0 0 0 0 0 0
 2.33200000000033 2.26400000000103 2.35000000000036 2.22599999999875 2.27199999999903 2.22299999999996 2.17900000000009 2.21399999999994 2.18400000000111 2.22699999999895
 0.0629999999999882 0.0600000000000023 0.0640000000000072 0.0619999999999976 0.0619999999999976 0.0619999999999976 0.0600000000000023 0.0600000000000023 0.0609999999999928 0.061000000000007
 2.39600000000064 2.32499999999891 2.41599999999926 2.28899999999885 2.33600000000115 2.28700000000026 2.24200000000019 2.28700000000026 2.24699999999939 2.28900000000067
 0 0 0 0 0 0 0 0 0 0
 0 0 0 0 0 0 0 0 0 0
 23.732 23.637999999999 24.0199999999986 23.0609999999997 23.3009999999995 23.6270000000004 22.7139999999999 22.2829999999994 22.9750000000004 23.2890000000007
 0.301000000000002 0.393000000000001 0.331999999999994 0.316000000000003 0.213999999999999 0.231000000000009 0.293999999999997 0.429000000000002 0.418000000000006 0.292999999999992
 22.1680000000006 22.1810000000005 22.5609999999997 21.6219999999994 21.735999999999 22.1310000000012 21.2929999999997 21.0370000000003 21.369999999999 21.8410000000003
 0 0 0 0 0 0 0 0 0 0
 0 0 0 0 0 0 0 0 0 0
 77.7739999999994 77.6700000000001 74.8810000000012 74.5880000000016 74.4529999999995 74.607 73.5529999999999 73.7729999999992 73.7909999999993 73.9300000000003
 0.992000000000004 1.002 1.09700000000001 0.972999999999999 1.02 1.00399999999999 1.001 1.041 1.045 1.107
 76.1689999999999 76.0679999999993 73.4430000000011 73.0320000000011 72.8360000000011 73.0139999999992 71.9669999999987 72.2259999999987 72.2380000000012 72.384
 0 0 0 0 0 0 0 0 0 0
 0 0 0 0 0 0 0 0 0 0
