V1 V2 V3 V4 V5 V6 V7 V8 V9 V10
sam 5.44099999999889 5.90200000000186 6.11100000000079 6.20499999999811 6.79100000000108 5.67699999999604 5.32499999999709 5.80000000000291 6.98099999999977 5.64199999999983
geode 0.0519999999996799 0.0529999999998836 0.0540000000000873 0.0489999999999782 0.0519999999996799 0.0399999999999636 0.0389999999997599 0.043999999999869 0.0690000000004147 0.0690000000004147
ref 5.49800000000687 5.95999999999913 6.1710000000021 6.2589999999982 6.84700000000157 5.72200000000157 5.36800000000221 5.84900000000198 7.05599999999686 5.71600000000035
infog 0 0 0 0 0 0 0 0 0 0
func 0 0 0 0 0 0 0 0 0 0
EFSIS 6.04999999999927 5.09299999999712 5.03600000000006 5.1710000000021 4.94999999999709 5.18700000000536 5.07900000000518 5.05099999999948 1.9910000000018 6.26900000000023
 0.21100000000024 0.172999999999774 0.164999999999964 0.180999999999585 0.179000000000087 0.180000000000291 0.179000000000087 0.162000000000262 51.2779999999993 0.198999999999614
 6.26499999999942 5.26900000000023 5.20499999999447 5.35400000000664 5.13300000000163 5.37099999999919 5.2609999999986 5.21600000000035 67.9100000000035 6.4739999999947
 0 0 0 0 0 0 0 0 0 0
 0 0 0 0 0 0 0 0 0 0
 10.4520000000011 11.1280000000006 10.0740000000005 11.0809999999983 10.0380000000005 9.46899999999732 8.91199999999662 9.53699999999662 0 10.1610000000001
 0.109000000000378 0.105999999999767 0.0910000000003492 0.0950000000002547 0.0799999999999272 0.0739999999996144 0.0700000000006185 0.0959999999995489 0 0.155999999999949
 8.94799999999668 9.62699999999313 8.5480000000025 9.53600000000006 8.52999999999884 7.90999999999622 7.29499999999825 8.03499999999622 8.05199999999604 8.17200000000594
 0 0 0 0 0 0 0 0 0 0
 0 0 0 0 0 0 0 0 0 0
 3.01299999999901 2.62900000000081 2.45799999999872 2.375 2.89099999999962 2.37299999999959 2.29699999999866 2.47500000000582 0 2.30500000000029
 0.109999999999673 0.0839999999998327 0.0850000000000364 0.0870000000004438 0.0870000000004438 0.0900000000001455 0.089999999999236 0.079000000000633 31.8389999999999 0.0890000000008513
 3.12600000000384 2.71600000000035 2.54400000000169 2.46300000000338 2.97899999999936 2.46399999999994 2.38900000000285 2.55600000000413 34.6050000000032 2.39699999999721
 0 0 0 0 0 0 0 0 0 0
 0 0 0 0 0 0 0 0 0 0
 26.1699999999983 26.4130000000005 24.9229999999989 26.0669999999991 25.8590000000004 23.9669999999969 22.7900000000009 24.1500000000015 8.97200000000157 25.6140000000014
 0.496000000000095 0.430999999999585 0.405000000000655 0.422999999999774 0.407000000000153 0.394000000000233 0.386999999999716 0.391999999999825 83.1859999999997 0.529000000000451
 25.0640000000058 25.2489999999962 23.7249999999985 24.862000000001 24.6900000000023 22.7390000000014 21.4979999999996 22.9540000000052 119.099999999999 24.012999999999
 0 0 0 0 0 0 0 0 0 0
 0 0 0 0 0 0 0 0 0 0
 1164.476 1186.804 1182.021 1214.007 1235.608 1091.861 1002.305 842.213000000003 840.909 1341.994
 21.7750000000005 35.2389999999996 25.4829999999993 30.174 25.9349999999995 164.622 375.409000000001 1002.748 940.339 26.5060000000003
 1107.165 1151.51 1129.28 1167.771 1182.922 1267.219 1517.614 2236.229 2169.478 1280.869
 0 0 0 0 0 0 0 0 0 0
 0 0 0 0 0 0 0 0 0 0
