V1 V2 V3 V4 V5 V6 V7 V8 V9 V10
sam 7.69000000000233 8.00300000000425 8.13099999999395 8.0109999999986 7.61699999999837 8.03399999999965 7.55500000000029 7.66700000000128 7.88999999999942 8.00699999999779
geode 0.101000000000568 0.100999999998749 0.0990000000001601 0.105000000001382 0.106000000001586 0.108000000000175 0.0979999999999563 0.0979999999999563 0.0979999999999563 0.0959999999995489
ref 7.79800000000978 8.11000000001513 8.23699999999371 8.12200000000303 7.72899999999208 8.14900000000489 7.65799999999581 7.76999999998952 7.99499999999534 8.10899999999674
infog 0 0 0 0 0 0 0 0 0 0
func 0 0 0 0 0 0 0 0 0 0
EFSIS 4.83999999999651 4.73300000000017 4.72500000000582 4.76800000000367 4.82400000000052 4.74500000000262 4.77699999999459 4.77000000000407 4.76499999999942 4.79400000000169
 0.213999999999942 0.186999999999898 0.164999999999054 1.52599999999984 0.193999999999505 0.17699999999968 0.195999999999913 0.212999999999738 0.172999999998865 0.185999999999694
 5.0570000000007 4.92399999999907 4.89400000000023 6.43399999997928 5.0230000000156 4.92500000001746 4.97800000000279 4.98700000002282 4.94099999999162 4.98400000002584
 0 0 0 0 0 0 0 0 0 0
 0 0 0 0 0 0 0 0 0 0
 8.3550000000032 8.82399999999325 8.49899999999616 9.05399999999645 8.50400000000081 8.34799999999814 8.17799999999988 8.03499999999622 8.46899999999732 8.56399999999849
 0.117000000000189 0.1200000000008 0.106999999999971 0.125 0.127999999998792 0.118000000000393 0.120999999999185 0.131000000001222 0.117000000000189 0.108000000000175
 6.62100000001374 7.11199999999371 7.06699999998091 7.61500000001979 6.59599999999045 7.11199999999371 7.01300000000629 6.62699999997858 7.0460000000021 7.01599999997416
 0 0 0 0 0 0 0 0 0 0
 0 0 0 0 0 0 0 0 0 0
 2.23300000000017 2.2870000000039 2.18100000000413 2.19600000000355 2.27699999999459 2.15699999999924 2.17400000000634 2.28399999999965 2.23600000000442 2.19800000000396
 0.100000000000364 0.0879999999997381 0.0840000000007421 0.0879999999997381 0.0910000000003492 0.0860000000011496 0.0850000000009459 0.0900000000001455 0.0889999999999418 0.0839999999989232
 2.33499999999185 2.37900000001537 2.26500000001397 2.28599999999278 2.36999999999534 2.24499999999534 2.2609999999986 2.37600000001839 2.32700000001932 2.28300000002491
 0 0 0 0 0 0 0 0 0 0
 0 0 0 0 0 0 0 0 0 0
 24.3830000000016 25.2059999999983 24.8339999999953 25.2940000000017 24.476999999999 24.5319999999992 23.9409999999989 24.2830000000031 24.5999999999985 24.8329999999987
 0.550000000001091 0.513999999999214 0.471999999999753 1.86000000000058 0.537000000000262 0.507000000001426 0.516999999999825 0.55199999999968 0.493999999998778 0.492000000000189
 23.0950000000012 23.9020000000019 23.7799999999988 25.7369999999937 22.9930000000168 23.698000000004 23.1840000000084 23.3070000000007 23.5659999999916 23.6800000000221
 0 0 0 0 0 0 0 0 0 0
 0 0 0 0 0 0 0 0 0 0
 1200.805 1202.34800000001 1031.283 981.284999999996 1187.382 1184.353 1109.63 1161.69 1186.982 1190.335
 27.3029999999999 25.5120000000006 820.112999999999 606.469000000001 60.4799999999996 30.0069999999996 128.748 25.0510000000013 24.0889999999999 24.1819999999989
 1137.79500000001 1149.90400000001 2045.954 1821.495 1179.34099999999 1145.92600000001 1237.35500000001 1117.598 1133.391 1138.932
 0 0 0 0 0 0 0 0 0 0
 0 0 0 0 0 0 0 0 0 0
