V1 V2 V3 V4 V5 V6 V7 V8 V9 V10
sam 5.12599999999929 5.14999999999964 5.15599999999995 5.10800000000017 5.38100000000031 5.20600000000013 5.20600000000013 5.15400000000045 5.30699999999979 5.20499999999993
geode 0.0429999999999779 0.08299999999997 0.0430000000000064 0.0389999999999873 0.0250000000000341 0.0489999999999782 0.0360000000000014 0.0130000000000337 0.0430000000000064 0.0149999999999864
ref 5.17200000000048 5.23699999999917 5.20200000000114 5.15199999999822 5.41200000000026 5.26000000000022 5.24599999999919 5.17000000000007 5.35399999999936 5.22400000000016
infog 0 0 0 0 0 0 0 0 0 0
func 0 0 0 0 0 0 0 0 0 0
EFSOS 5.06700000000001 4.71200000000044 4.88999999999942 4.87800000000061 4.95600000000013 4.73499999999967 4.72500000000036 4.66799999999967 4.86499999999978 4.72699999999986
EFSIS 0.15300000000002 0.12700000000001 0.162000000000035 0.146999999999991 0.118999999999971 0.12700000000001 0.12700000000001 0.118999999999971 0.120999999999981 0.132000000000005
 5.22500000000036 4.84300000000076 5.05699999999888 5.02900000000045 5.07699999999932 4.86599999999999 4.85600000000159 4.79000000000087 4.98899999999958 4.86200000000099
 0 0 0 0 0 0 0 0 0 0
 0 0 0 0 0 0 0 0 0 0
 6.67700000000059 7.40599999999995 6.69500000000062 7.20299999999952 7.82899999999972 7.45600000000013 7.91600000000017 7.34699999999975 7.69599999999991 7.39199999999983
 0.0659999999999741 0.0980000000000132 0.0480000000000018 0.0610000000000355 0.11099999999999 0.0609999999999786 0.0459999999999923 0.125 0.0930000000000177 0.146999999999991
 6.74799999999959 7.51000000000022 6.74800000000141 7.27000000000044 7.94599999999991 7.52299999999923 7.96799999999894 7.47999999999956 7.79600000000028 7.54500000000007
 0 0 0 0 0 0 0 0 0 0
 0 0 0 0 0 0 0 0 0 0
 2.83500000000004 2.2510000000002 2.24499999999989 2.25700000000052 2.31800000000021 2.2480000000005 2.29599999999937 2.26900000000023 2.29600000000028 2.25799999999981
 0.085000000000008 0.0600000000000023 0.075999999999965 0.0720000000000027 0.0620000000000118 0.0660000000000309 0.0609999999999786 0.0629999999999882 0.0640000000000214 0.0629999999999882
 2.92300000000068 2.3130000000001 2.3239999999987 2.32999999999993 2.38199999999961 2.31500000000051 2.36000000000058 2.33200000000033 2.36100000000079 2.32200000000012
 0 0 0 0 0 0 0 0 0 0
 0 0 0 0 0 0 0 0 0 0
 20.8379999999997 20.6559999999999 20.134 20.5960000000005 21.6700000000001 20.8020000000006 21.2760000000007 20.6109999999999 21.9539999999997 20.7399999999998
 0.347999999999985 0.370999999999981 0.33200000000005 0.321000000000026 0.317000000000007 0.305000000000007 0.271000000000015 0.326999999999998 0.321000000000026 0.35899999999998
 21.2030000000013 21.0439999999999 20.482 20.9339999999993 22.005000000001 21.1239999999998 21.5640000000003 20.9530000000013 22.2909999999993 21.1150000000016
 0 0 0 0 0 0 0 0 0 0
 0 0 0 0 0 0 0 0 0 0
 77.7910000000002 78.9750000000004 78.4479999999994 80.2259999999997 77.1959999999999 77.2380000000003 77.8499999999995 81.1930000000002 78.4499999999998 77.9750000000004
 3.15900000000002 7.16500000000002 3.63799999999998 3.79299999999995 3.85200000000003 3.50799999999998 3.80699999999996 3.39800000000002 3.67899999999997 4.06200000000001
 119.73 159.781999999999 120.168000000001 121.589 117.681999999999 118.871000000001 118.902 121.9 119.539000000001 118.187999999998
 1645.871 3103.53600000001 1649.17599999999 1641.522 1587.00300000001 1644.25499999999 1632.42700000001 1589.63299999999 1654.515 1572.8
 100.838 179.036 103.855 102.791999999999 86.3430000000008 102.449 101.787 109.367999999999 104.209000000001 89.0849999999991
