V1 V2 V3 V4 V5 V6 V7 V8 V9 V10
sam 5.64800000000105 5.42699999999604 6.15200000000186 6.0109999999986 0 5.60700000000361 5.73200000000361 6.11699999999837 6.30299999999988 6.04499999999825
geode 0 0.00100000000020373 0.00300000000015643 0.00399999999990541 0 0.00300000000015643 0.00300000000015643 0.00399999999990541 0.00900000000001455 0.0150000000003274
ref 5.65299999999115 5.43099999999686 6.16000000000349 6.02000000000407 5.78099999998813 5.6140000000014 5.7390000000014 6.12600000000384 6.31700000001001 6.06500000000233
infog 0 0 0 0 0 0 0 0 0 0
func 0 0 0 0 0 0 0 0 0 0
EFSIS 4.46700000000419 5.02300000000105 5.30599999999686 5.07200000000012 0 5.26900000000023 5.26600000000326 1.07200000000012 0.884999999994761 1.07799999999406
 0.924999999999955 0.152999999999793 0.170000000000073 0.169000000000324 0 0.16399999999976 0.168999999999869 118.331 20.317 94.7199999999993
 5.9950000000099 5.17999999999302 5.47899999999208 5.24499999999534 5.38500000000931 5.43799999999464 5.43899999999849 138.490999999995 26.75 118.066999999995
 0 0 0 0 0 0 0 0 0 0
 0 0 0 0 0 0 0 0 0 0
 8.81399999999849 9.15899999999965 9.79899999999907 9.32900000001246 0 9.39299999999639 9.76299999999173 0 4.52899999999499 0
 0.0540000000000873 0.00500000000010914 0.0140000000001237 0.00599999999985812 0 0.00900000000001455 0.0109999999999673 0 0.0370000000002619 0
 7.36099999998987 7.61200000000827 8.27499999999418 7.83699999999953 8.05799999998999 7.77000000000407 8.13199999999779 9.21499999999651 8.0049999999901 7.90499999999884
 0 0 0 0 0 0 0 0 0 0
 0 0 0 0 0 0 0 0 0 0
 2.33599999999569 2.29200000000128 2.43499999999767 2.41699999998673 0 2.40099999999802 2.41199999999662 0 2.45200000000477 0
 0.0640000000000782 0.0760000000000218 0.0769999999997708 0.0769999999997708 0 0.0630000000001019 0.0659999999998035 0 0.0670000000000073 0
 2.40200000000186 2.37099999999919 2.51499999999942 2.49499999999534 2.49600000001374 2.46600000000035 2.47999999999593 2.71099999999569 2.52100000000792 2.49599999999919
 0 0 0 0 0 0 0 0 0 0
 0 0 0 0 0 0 0 0 0 0
 22.4729999999981 23.0829999999987 24.9479999999894 24.0449999999983 0 23.9660000000003 24.471000000005 7.18899999999849 15.4689999999973 7.12299999999232
 1.04600000000005 0.23700000000008 0.264000000000124 0.258000000000266 0 0.240999999999985 0.250999999999749 118.335 20.4340000000002 94.7349999999997
 22.6229999999923 21.778999999995 23.6860000000015 22.8160000000062 22.955999999991 22.5880000000034 23.0910000000003 157.907999999996 44.8990000000049 135.834999999992
 0 0 0 0 0 0 0 0 0 0
 0 0 0 0 0 0 0 0 0 0
 1099.06 1089.575 1115.819 984.449000000008 890.744999999995 1120.848 1118.374 493.396999999997 520.03899999999 880.059000000008
 174.982 174.816 105.182 595.236 359.831 123.831 136.971 1632.432 1687.129 556.138
 1274.95700000001 1264.645 1181.485 1712.056 1450.54800000001 1226.22399999999 1244.94 2851.842 2967.06600000001 1694.76400000001
 0 0 0 0 0 0 0 0 0 0
 0 0 0 0 0 0 0 0 0 0
