V1 V2 V3 V4 V5 V6 V7 V8 V9 V10
sam 5.10799999999927 5.07899999999972 5.17199999999957 5.30400000000009 5.19399999999951 5.1269999999995 5.91600000000017 5.29799999999977 5.28799999999956 5.32000000000062
geode 0.0330000000000155 0.0249999999999773 0.0249999999999773 0.0149999999999864 0.0110000000000241 0.0010000000000332 0.0109999999999673 0.0330000000000155 0.00799999999998136 0
ref 5.14600000000064 5.10900000000038 5.20100000000093 5.32200000000012 5.21000000000095 5.13300000000163 5.93100000000049 5.33500000000095 5.30000000000109 5.32300000000032
infog 0 0 0 0 0 0 0 0 0 0
func 0 0 0 0 0 0 0 0 0 0
EFSOS 4.88400000000001 4.90700000000015 4.91499999999996 4.89400000000023 4.95000000000073 4.89900000000034 4.86200000000008 4.80100000000039 4.90099999999984 4.8769999999995
EFSIS 0.151999999999987 0.151999999999987 0.146000000000015 0.120999999999981 0.163000000000011 0.161999999999978 0.126000000000033 0.116999999999962 0.114000000000033 0.125999999999976
 5.03899999999885 5.0630000000001 5.06400000000031 5.01900000000023 5.11700000000019 5.06499999999869 4.99200000000019 4.92199999999866 5.01900000000023 5.00700000000143
 0 0 0 0 0 0 0 0 0 0
 0 0 0 0 0 0 0 0 0 0
 6.71900000000005 7.29200000000037 6.73000000000047 7.7489999999998 6.77599999999984 6.72499999999945 7.72699999999986 7.65400000000045 7.70700000000033 7.76100000000042
 0.0699999999999932 0.0620000000000118 0.113 0.0960000000000036 0.0819999999999936 0.106999999999971 0.0669999999999504 0.0510000000000446 0.0799999999999841 0.0710000000000264
 6.79399999999987 7.36000000000058 6.84900000000016 7.85100000000057 6.86299999999937 6.83700000000135 7.80099999999948 7.71100000000115 7.79199999999946 7.83899999999994
 0 0 0 0 0 0 0 0 0 0
 0 0 0 0 0 0 0 0 0 0
 2.24600000000009 2.27299999999923 2.24299999999948 2.26800000000003 2.27899999999954 2.27800000000025 2.24799999999959 2.28399999999965 2.86999999999989 2.27399999999943
 0.0760000000000218 0.0729999999999791 0.0749999999999886 0.0640000000000214 0.0729999999999791 0.0690000000000168 0.0620000000000118 0.061999999999955 0.0670000000000073 0.0640000000000214
 2.32500000000073 2.34799999999996 2.31999999999971 2.33499999999913 2.35399999999936 2.34799999999996 2.31099999999969 2.34799999999996 2.94000000000051 2.33999999999833
 0 0 0 0 0 0 0 0 0 0
 0 0 0 0 0 0 0 0 0 0
 20.1099999999997 20.6939999999995 20.2139999999999 21.4250000000002 20.3249999999998 20.1809999999996 21.9659999999994 21.2250000000004 21.9569999999994 21.4380000000001
 0.33299999999997 0.311999999999955 0.36099999999999 0.298000000000002 0.329000000000008 0.348000000000013 0.267999999999972 0.262999999999977 0.269000000000005 0.262999999999977
 20.4590000000007 21.0250000000015 20.5920000000006 21.7399999999998 20.6700000000001 20.5450000000001 22.2510000000002 21.5060000000012 22.2440000000006 21.7180000000008
 0 0 0 0 0 0 0 0 0 0
 0 0 0 0 0 0 0 0 0 0
 84.6310000000003 83.8600000000006 87.8010000000004 83.7799999999997 84.1949999999997 86.9250000000002 87.9670000000006 87.9160000000002 87.8900000000003 85.1869999999999
 3.29600000000005 3.54400000000004 3.69900000000001 3.82399999999996 3.71600000000001 3.21300000000002 3.649 3.71500000000003 3.63999999999999 3.505
 126.161 125.709999999999 128.76 126.957 125.02 129.543000000001 127.861999999999 129.181999999999 129.040000000001 126.478999999999
 1622.713 1637.007 1581.75099999999 1679.663 1602.05300000001 1646.095 1557.734 1581.70300000001 1655.94499999998 1572.86600000001
 106.928000000001 104.746999999999 108.774 102.98 91.7760000000007 101.826 89.8509999999997 101.541999999999 97.9400000000005 95.8389999999999
