V1 V2 V3 V4 V5 V6 V7 V8 V9 V10
sam 7.03099999999995 7.01199999999972 7.51299999999992 7.10000000000036 7.13799999999992 7.14900000000034 7.13199999999961 7.05299999999988 7.09100000000035 7.10499999999956
geode 0 0.0420000000000016 0.118000000000009 0 0.0790000000000077 0 0.00100000000000477 0.000999999999990564 0 0.0420000000000016
ref 7.03600000000006 7.05799999999999 7.63600000000042 7.10499999999956 7.22200000000066 7.15400000000045 7.13900000000012 7.05999999999949 7.09699999999975 7.15200000000004
infog 0 0 0 0 0 0 0 0 0 0
func 0 0 0 0 0 0 0 0 0 0
EFSIS 4.94799999999941 4.35000000000036 4.8130000000001 4.91200000000026 4.37400000000071 4.81099999999969 4.82700000000023 4.73500000000058 4.89500000000044 4.34000000000015
 0.114999999999995 0.119 0.11099999999999 0.132999999999996 0.12299999999999 0.122 0.123000000000005 0.119 0.129000000000005 0.119
 5.06800000000021 4.47299999999996 4.92899999999918 5.05000000000018 4.50099999999929 4.9369999999999 4.95399999999972 4.85800000000017 5.02700000000004 4.46300000000065
 0 0 0 0 0 0 0 0 0 0
 0 0 0 0 0 0 0 0 0 0
 7.91000000000076 9.1909999999998 8.08599999999933 8.04799999999977 9.09899999999925 7.91299999999956 7.87299999999959 7.79599999999937 7.96299999999974 8.65500000000065
 0.174000000000007 0.0559999999999974 0.166000000000011 0.152000000000001 0.135000000000005 0.106999999999999 0.156999999999996 0.0940000000000083 0.559999999999988 0.0549999999999926
 6.34400000000005 7.44400000000041 6.38100000000031 6.39899999999943 7.39600000000064 6.27000000000044 6.3070000000007 6.19999999999982 6.33400000000074 6.92899999999918
 0 0 0 0 0 0 0 0 0 0
 0 0 0 0 0 0 0 0 0 0
 2.25 2.66100000000006 2.67399999999998 2.33099999999922 2.30500000000029 2.36000000000058 2.29100000000017 2.28999999999996 2.26400000000103 2.65699999999924
 0.0629999999999882 0.0619999999999976 0.0599999999999881 0.061000000000007 0.0600000000000023 0.0649999999999977 0.0619999999999976 0.0619999999999976 0.0630000000000024 0.0600000000000023
 2.3149999999996 2.72499999999945 2.73500000000058 2.39600000000064 2.36599999999999 2.42600000000039 2.35499999999956 2.35300000000007 2.32799999999952 2.72000000000025
 0 0 0 0 0 0 0 0 0 0
 0 0 0 0 0 0 0 0 0 0
 23.3919999999998 24.4639999999999 24.3369999999995 23.6400000000003 24.165 23.5249999999996 23.3649999999998 23.1130000000003 23.4680000000008 24.0110000000004
 0.353999999999999 0.280000000000001 0.457000000000008 0.347999999999999 0.399000000000001 0.295000000000002 0.344000000000008 0.275999999999996 0.759 0.277000000000001
 22.018 22.9520000000002 22.9350000000004 22.201 22.7380000000003 22.0820000000003 21.9990000000007 21.7109999999993 22.049 22.5190000000002
 0 0 0 0 0 0 0 0 0 0
 0 0 0 0 0 0 0 0 0 0
 77.1890000000003 77.5550000000003 77.7129999999997 77.6289999999999 77.3280000000004 77.3299999999999 76.8109999999997 77.3049999999994 76.8490000000002 77.5619999999999
 1.035 1.005 0.971999999999994 0.984999999999999 1.161 1.023 1.071 1.078 1.05 1.053
 75.7829999999994 76.0450000000001 76.1769999999997 76.0989999999993 75.9279999999999 75.8549999999996 75.2789999999995 75.768 75.3050000000003 76.0360000000001
 0 0 0 0 0 0 0 0 0 0
 0 0 0 0 0 0 0 0 0 0
