V1 V2 V3 V4 V5 V6 V7 V8 V9 V10
sam 9.14299999999639 7.8350000000064 8.42699999999604 8.53299999999581 9.11299999999756 8.52499999999418 8.03100000000268 8.54200000000128 8.44500000000698 10.7130000000034
geode 0 0.000999999999976353 0.000999999999976353 0.00299999999992906 0.00599999999985812 0.00499999999988177 0.00299999999992906 0 0 0.00399999999990541
ref 9.14000000001397 7.83699999999953 8.42399999999907 8.53700000001118 9.11699999996927 8.52700000000186 8.02999999996973 8.54300000000512 8.4440000000177 10.7099999999627
infog 0 0 0 0 0 0 0 0 0 0
func 0 0 0 0 0 0 0 0 0 0
EFSIS 5.13300000000163 4.83299999999872 4.87700000000768 5.01599999998871 5.33299999999872 4.93300000000454 4.7609999999986 4.90899999999965 4.86999999999534 5.18300000000454
 0.134000000000015 0.115000000000009 0.117999999999938 0.117000000000189 0.137000000000171 0.132000000000062 0.128999999999905 0.125999999999976 0.134000000000015 0.134000000000015
 5.26699999999255 4.94699999998556 4.99400000000605 5.13299999997253 5.46799999999348 5.06500000000233 4.88800000003539 5.03499999997439 5.00199999997858 5.31500000000233
 0 0 0 0 0 0 0 0 0 0
 0 0 0 0 0 0 0 0 0 0
 9.34500000000116 8.17900000000373 8.98399999999674 9.24200000001292 9.36200000000827 9.21600000000035 8.92899999998917 9.18500000001222 9.34600000000501 9.35700000000361
 0.0489999999999782 0.0389999999999873 0.0250000000000909 0.0369999999998072 0.04099999999994 0.0340000000001055 0.0389999999999873 0.0389999999999873 0.393999999999778 0.0370000000000346
 7.79999999998836 6.5800000000163 7.58100000000559 7.71500000002561 7.83300000004238 7.68900000001304 7.29799999995157 7.71500000002561 7.72199999995064 7.74900000001071
 0 0 0 0 0 0 0 0 0 0
 0 0 0 0 0 0 0 0 0 0
 2.53399999999965 2.4210000000021 2.4259999999922 2.45499999998719 2.54699999999139 3.11999999999534 2.35600000001432 2.47399999998743 2.44599999999627 2.53599999999278
 0.104000000000042 0.0630000000001019 0.0629999999998745 0.0649999999998272 0.0639999999998508 0.0699999999999363 0.0660000000000309 0.0640000000000782 0.0690000000001874 0.0679999999999836
 2.64700000005541 2.48399999999674 2.48999999999069 2.52100000000792 2.61099999997532 3.18799999996554 2.4210000000312 2.53999999997905 2.51400000002468 2.60300000000279
 0 0 0 0 0 0 0 0 0 0
 0 0 0 0 0 0 0 0 0 0
 27.4260000000068 24.541000000012 26.0920000000042 26.8989999999903 27.7519999999931 27.6319999999978 25.3089999999938 26.4270000000106 26.3950000000041 29.2030000000086
 0.288000000000011 0.220000000000027 0.208000000000084 0.223999999999933 0.248999999999796 0.243999999999915 0.240000000000009 0.229000000000042 0.598999999999933 0.244999999999891
 26.1259999999893 23.1219999999739 24.86599999998 25.5590000000084 26.4249999999884 26.3090000000084 23.8719999999739 25.1489999999758 24.9720000000088 27.7920000000158
 0 0 0 0 0 0 0 0 0 0
 0 0 0 0 0 0 0 0 0 0
 704.860000000001 700.597999999998 710.709999999992 731.520000000004 722.384000000005 709.092999999993 710.603000000003 717.800000000003 711.580000000002 703.262999999992
 9.96399999999994 9.99700000000007 10.0249999999999 10.1709999999998 10.3780000000002 10.133 10.1010000000001 10.23 10.941 11.953
 692.568999999959 686.627000000037 698.099999999977 720.287000000011 710.563000000024 697.320999999996 699.271999999997 706.652999999991 701.525000000023 693.831999999995
 0 0 0 0 0 0 0 0 0 0
 0 0 0 0 0 0 0 0 0 0
