V1 V2 V3 V4 V5 V6 V7 V8 V9 V10
sam 8.33400000000256 7.41899999999441 8.46100000001024 8.03200000000652 7.56999999999243 8.27199999999721 8.51200000000244 7.31299999999464 7.30999999999767 8.90599999998813
geode 0 0.00200000000018008 0.000999999999976353 0 0.000999999999976353 0.00300000000015643 0.00199999999995271 0.00200000000018008 0.00400000000013279 0.00300000000015643
ref 8.33499999996275 7.41700000001583 8.46599999995669 8.03000000002794 7.57299999997485 8.2729999999865 8.51299999997718 7.31199999997625 7.31100000004517 8.9089999999851
infog 0 0 0 0 0 0 0 0 0 0
func 0 0 0 0 0 0 0 0 0 0
EFSIS 4.93799999999464 6.15899999999965 4.85499999999593 4.8070000000007 4.9320000000007 4.84999999999127 4.88099999999395 4.79799999999523 4.94800000000396 5.16200000001118
 0.122000000000071 0.139999999999873 0.123000000000047 0.115999999999985 0.122000000000071 0.121999999999844 0.126999999999953 0.121999999999844 0.13799999999992 0.134000000000015
 5.05999999999767 6.29999999998836 4.97900000005029 4.92399999999907 5.05499999999302 4.97200000000885 5.00699999998324 4.91899999999441 5.08399999997346 5.2960000000312
 0 0 0 0 0 0 0 0 0 0
 0 0 0 0 0 0 0 0 0 0
 9.35300000000279 9.1990000000078 9.19999999999709 8.81899999998859 9.20600000000559 9.09100000000035 9.1200000000099 8.01800000001094 8.3640000000014 9.64899999999034
 0.0380000000000109 0.0389999999999873 0.0330000000001291 0.0450000000000728 0.0429999999998927 0.0430000000001201 0.0420000000001437 0.0630000000001019 0.403999999999996 0.0480000000000018
 7.77400000003399 7.53100000001723 7.54599999997299 7.26399999996647 7.68700000003446 7.46100000001024 7.66399999998976 6.47200000000885 6.6589999999851 7.87899999995716
 0 0 0 0 0 0 0 0 0 0
 0 0 0 0 0 0 0 0 0 0
 2.53599999999278 2.27499999999418 2.33100000000559 2.38800000000629 2.36499999999069 2.27200000001176 2.42299999999523 2.34199999998964 2.37399999999616 2.5460000000021
 0.0699999999999363 0.0630000000001019 0.0599999999999454 0.06899999999996 0.0690000000001874 0.0629999999998745 0.0660000000000309 0.0639999999998508 0.0640000000000782 0.0599999999999454
 2.60800000000745 2.34000000002561 2.39199999999255 2.45699999999488 2.43400000000838 2.33499999996275 2.5 2.40499999996973 2.43700000003446 2.60800000000745
 0 0 0 0 0 0 0 0 0 0
 0 0 0 0 0 0 0 0 0 0
 26.4689999999973 26.3319999999949 26.1610000000073 25.3209999999963 25.3919999999925 25.7899999999936 26.1919999999955 23.7289999999921 24.247000000003 27.7229999999981
 0.232000000000198 0.246000000000095 0.219000000000051 0.231999999999971 0.240000000000009 0.234000000000151 0.238000000000056 0.250999999999976 0.610000000000127 0.247000000000071
 25.0869999999995 24.8680000000168 24.6989999999641 23.9519999999902 24.070000000007 24.3479999999981 24.9400000000023 22.36599999998 22.7410000000382 26.1529999999912
 0 0 0 0 0 0 0 0 0 0
 0 0 0 0 0 0 0 0 0 0
 693.527999999991 709.910000000003 691.546000000002 693.748000000007 707.299000000014 706.587 703.150999999998 695.188999999998 697.57699999999 698.970000000001
 10.1619999999998 10.096 9.87799999999993 9.91000000000008 10.069 10.0319999999999 10.1979999999999 10.0830000000001 10.3419999999999 10.2190000000001
 679.597999999998 694.279000000039 675.53899999999 679.29800000001 692.474999999977 690.331999999995 691.398999999976 685.603000000003 685.763999999966 688.703000000038
 0 0 0 0 0 0 0 0 0 0
 0 0 0 0 0 0 0 0 0 0
