V1 V2 V3 V4 V5 V6 V7 V8 V9 V10
sam 6.07899999999972 5.28099999999995 5.34199999999964 5.11999999999989 5.86000000000058 5.38500000000022 5.45899999999983 5.64500000000044 5.30299999999988 5.28200000000015
geode 0.0310000000000059 0.0249999999999773 0.0149999999999864 0.0080000000000382 0.00900000000001455 0.0240000000000009 0.0209999999999582 0.01400000000001 0.0159999999999627 0.0270000000000437
ref 6.11499999999978 5.31099999999969 5.36200000000099 5.13299999999981 5.8739999999998 5.41399999999885 5.48400000000038 5.66199999999844 5.32300000000032 5.3130000000001
infog 0 0 0 0 0 0 0 0 0 0
func 0 0 0 0 0 0 0 0 0 0
EFSOS 5 4.88000000000011 4.81500000000051 4.83399999999983 5.09400000000005 4.82899999999972 5.02500000000055 4.61700000000019 4.85099999999966 4.87100000000009
EFSIS 0.120999999999981 0.117000000000019 0.134999999999991 0.125999999999976 0.123999999999967 0.126000000000033 0.119000000000028 0.135999999999967 0.137 0.134999999999991
 5.125 5 4.95499999999993 4.96399999999994 5.22199999999975 4.95900000000074 5.14900000000125 4.75700000000143 4.99299999999857 5.01100000000042
 0 0 0 0 0 0 0 0 0 0
 0 0 0 0 0 0 0 0 0 0
 8.02700000000004 7.6880000000001 8.24600000000009 6.79799999999977 8.31099999999969 7.70800000000054 7.84899999999925 7.37599999999929 7.58700000000044 8.13000000000011
 0.0760000000000218 0.0679999999999836 0.0529999999999973 0.100999999999999 0.0799999999999841 0.116999999999962 0.09699999999998 0.0640000000000214 0.0900000000000318 0.0629999999999882
 8.11000000000058 7.76299999999901 8.30499999999847 6.90400000000045 8.39800000000105 7.83100000000013 7.95199999999932 7.44599999999991 7.6820000000007 8.20000000000073
 0 0 0 0 0 0 0 0 0 0
 0 0 0 0 0 0 0 0 0 0
 2.34299999999985 2.26000000000022 2.26999999999953 2.30299999999988 2.5590000000002 2.2519999999995 2.30400000000009 2.27800000000025 2.34099999999944 2.34799999999996
 0.0679999999999836 0.0590000000000259 0.0600000000000023 0.0620000000000118 0.0610000000000355 0.0629999999999882 0.0649999999999977 0.0600000000000023 0.0649999999999977 0.0640000000000214
 2.41100000000006 2.32100000000173 2.33100000000013 2.36700000000019 2.62199999999939 2.31599999999889 2.36999999999898 2.34099999999853 2.40699999999924 2.41299999999865
 0 0 0 0 0 0 0 0 0 0
 0 0 0 0 0 0 0 0 0 0
 22.7110000000002 21.3059999999996 21.8640000000005 20.1970000000001 22.9960000000001 21.3680000000004 21.8429999999998 21.0569999999998 21.2460000000001 21.8029999999999
 0.297000000000025 0.271999999999991 0.266999999999996 0.297000000000025 0.274000000000001 0.331999999999994 0.303999999999974 0.274000000000001 0.307999999999993 0.29200000000003
 23.0259999999998 21.5939999999991 22.148000000001 20.5119999999988 23.2880000000005 21.7169999999987 22.1640000000007 21.3469999999998 21.5720000000001 22.1130000000012
 0 0 0 0 0 0 0 0 0 0
 0 0 0 0 0 0 0 0 0 0
 89.1289999999999 87.3670000000002 89.7379999999994 90.5169999999998 88.2830000000004 90.4279999999999 86.4960000000001 87.1040000000003 87.3339999999998 90.3270000000002
 3.51499999999999 3.65600000000001 3.40199999999999 6.72999999999996 3.63299999999998 6.505 3.42500000000001 3.38999999999999 3.45599999999996 3.30399999999997
 129.424000000001 128.581 134.766 173.499000000002 133.288999999999 171.658000000001 129.15 130.633 130.112999999999 134.721
 1629.389 1674.613 1781.70000000001 3374.07699999999 1831.448 3258.26999999999 1707.217 1696.41 1772.41800000001 1760.359
 87.255000000001 103.876 104.281999999999 186.609 104.217000000001 214.959999999999 142.449000000001 121.522999999999 95.5730000000003 102.572
