V1 V2 V3 V4 V5 V6 V7 V8 V9 V10
sam 5.03499999998894 5.87300000000687 5.02700000000186 5.81200000000536 5.15099999999802 5.87900000000081 5.11600000000908 5.73700000000827 5.64600000000792 5.5570000000007
geode 0.186000000001513 0.214999999996508 0.180999999996857 0.205999999998312 0.178999999996449 0.203000000001339 0.173000000002503 0.19199999999546 0.184999999997672 0.178999999996449
ref 5.22500000000582 6.09299999999348 5.21199999999953 6.0230000000156 5.33299999998417 6.08800000001793 5.29099999999744 5.9320000000007 5.83499999999185 5.74099999997998
infog 0 0 0 0 0 0 0 0 0 0
func 0 0 0 0 0 0 0 0 0 0
EFSIS 4.62300000000687 4.9259999999922 4.67399999999907 5.00099999998929 4.77999999999884 4.94700000000012 4.69700000000012 4.65199999998731 4.86299999999756 4.85800000000745
 0.291000000004715 0.294999999998254 0.296000000002095 0.31699999999546 0.2870000000039 0.288999999997031 0.275000000001455 0.270000000004075 0.286000000000058 0.268000000003667
 4.91599999999744 5.22600000002421 4.97399999998743 5.32199999998556 5.07100000002538 5.23999999999069 4.97599999999511 4.92699999999604 5.15300000002026 5.13200000001234
 0 0 0 0 0 0 0 0 0 0
 0 0 0 0 0 0 0 0 0 0
 8.56699999999546 9.56900000000314 8.32200000000012 8.9030000000057 8.58199999999488 8.94399999998859 8.32699999999022 8.50900000000547 9.33299999999872 8.55599999999686
 0.325999999993655 0.351000000002387 0.30800000000454 0.336999999999534 0.311999999998079 0.321000000003551 0.288999999997031 0.307000000000698 0.318000000006577 0.278999999994994
 7.4550000000163 8.48599999997532 7.13000000000466 7.79899999999907 7.3070000000007 7.85300000000279 7.21400000000722 7.34500000000116 8.15299999999115 7.37899999998626
 0 0 0 0 0 0 0 0 0 0
 0 0 0 0 0 0 0 0 0 0
 2.06500000000233 2.13999999999942 2.14299999999639 2.27599999999802 2.13500000000931 2.18400000000838 2.08000000000175 2.11999999999534 2.16000000000349 2.13000000000466
 0.13300000000163 0.137000000002445 0.13300000000163 0.14100000000326 0.131000000001222 0.135999999998603 0.127000000000407 0.125999999996566 0.126999999993131 0.127000000000407
 2.20100000000093 2.27799999999115 2.27900000000955 2.41800000000512 2.26699999999255 2.32199999998556 2.20900000000256 2.24899999998161 2.29099999999744 2.25800000000163
 0 0 0 0 0 0 0 0 0 0
 0 0 0 0 0 0 0 0 0 0
 21.4249999999884 23.6420000000071 21.3139999999985 23.1999999999971 21.7779999999912 23.1839999999938 21.3620000000083 22.169000000009 23.2520000000077 22.2530000000115
 0.980000000003201 1.04099999999744 0.9629999999961 1.04399999999441 0.94999999999709 0.993000000002212 0.903000000005704 0.934000000001106 0.957999999998719 0.892999999996391
 20.9750000000058 23.2630000000063 20.7859999999928 22.814000000013 21.1499999999942 22.7779999999912 20.8729999999923 21.6440000000002 22.7250000000058 21.7029999999795
 0 0 0 0 0 0 0 0 0 0
 0 0 0 0 0 0 0 0 0 0
 1057.702 1036.423 1069.084 1077.732 1060.878 1050.488 1026.12299999999 1042.33600000001 1044.923 1038.50099999999
 48.5659999999989 47.1419999999998 47.625 47.4100000000035 46.0049999999974 45.390999999996 43.778999999995 44.0369999999966 43.3760000000038 42.7000000000044
 1033.38099999999 1011.47 1043.52799999999 1052.57499999998 1033.89499999999 1024.03100000002 997.864999999991 1016.24799999999 1018.01000000001 1010.78300000002
 0 0 0 0 0 0 0 0 0 0
 0 0 0 0 0 0 0 0 0 0
