V1 V2 V3 V4 V5 V6 V7 V8 V9 V10
sam 6.557 4.39099999999996 4.21499999999992 4.19900000000007 4.57900000000018 4.19399999999996 4.33700000000044 4.4940000000006 4.38900000000012 5.05599999999959
geode 0.206 1.07200000000012 1.25799999999981 1.30400000000009 1.40899999999965 1.26299999999992 1.14500000000044 1.02800000000025 0.880999999999403 0.897999999999229
ref 6.769 5.4670000000001 5.47699999999986 5.50699999999961 5.9940000000006 5.46099999999933 5.48600000000079 5.52500000000146 5.27300000000105 5.95799999999872
infog 0 0 0 0 0 0 0 0 0 0
func 0 0 0 0 0 0 0 0 0 0
EFSOS 4.704 2.89499999999998 3.82300000000009 0.673999999999978 1.95499999999993 2.90200000000004 3.88999999999942 4.06700000000001 4.06500000000051 4.19800000000032
EFSIS 0.527 34.837 1.26300000000037 17.1419999999998 9.88400000000001 22.3809999999994 1.12899999999991 1.0669999999991 0.93500000000131 0.860000000000582
 5.238 58.9780000000001 5.09000000000015 44.1229999999996 25.777 42.1739999999991 5.02200000000084 5.13799999999901 5.00400000000081 5.06200000000172
 0 0 0 0 0 0 0 0 0 0
 0 0 0 0 0 0 0 0 0 0
 9.718 7.4849999999999 7.00699999999983 6.53400000000011 6.52799999999979 7.25399999999991 7.64100000000053 6.85800000000017 6.92399999999998 7.77299999999923
 0.915 1.93900000000008 2.1909999999998 2.97999999999956 2.09699999999975 4.81400000000031 2.03700000000026 1.63000000000102 1.4429999999993 1.3739999999998
 8.077 7.65200000000004 7.76900000000023 8.49200000000019 7.02700000000004 12.3640000000014 8.19099999999889 6.92699999999968 6.92199999999866 7.69599999999991
 0 0 0 0 0 0 0 0 0 0
 0 0 0 0 0 0 0 0 0 0
 2.469 1.17500000000007 1.94900000000007 1.76199999999972 1.78600000000006 1.0630000000001 1.83399999999983 1.88400000000001 1.93099999999959 1.96200000000044
 0 11.9379999999999 0.639000000000124 0.603000000000065 0.614000000000487 11.393 0.533999999999651 0.484000000000378 0.441000000000713 0.406000000000859
 2.47199999999999 21.4830000000002 2.58999999999924 2.36800000000039 2.40400000000045 29.4879999999976 2.37099999999919 2.37099999999919 2.37299999999959 2.36899999999878
 0 0 0 0 0 0 0 0 0 0
 0 0 0 0 0 0 0 0 0 0
 24.658 16.737 17.9349999999999 14.0410000000002 15.7649999999999 15.413 18.6750000000002 18.2280000000001 18.2520000000004 20.0409999999993
 1.648 50.0450000000001 5.63299999999981 22.3019999999997 14.2860000000001 41.9529999999995 5.10199999999986 4.42000000000007 3.88999999999942 3.72500000000036
 23.768 94.7780000000002 22.1500000000005 61.6359999999986 42.402 90.7059999999983 22.3010000000031 21.0980000000018 20.7070000000022 22.3270000000011
 0 0 0 0 0 0 0 0 0 0
 0 0 0 0 0 0 0 0 0 0
 763.996 706.217 692.415 731.504 740.842 840.281 867.379 888.095 918.968 949.580000000001
 1474.451 1839.635 1510.494 1427.909 1323.345 444.278 222.704000000001 207.105 196.216 167.886999999999
 3155.893 3910.168 3433.466 3227.112 3041.903 1351.01 1013.372 1024.223 1044.545 1044.739
 0 0 0 0 0 0 0 0 0 0
 0 0 0 0 0 0 0 0 0 0
