V1 V2 V3 V4 V5 V6 V7 V8 V9 V10
sam 5.66800000000512 5.95800000001327 5.1940000000177 5.69900000002235 5.38000000000466 5.49900000001071 5.90700000000652 5.22900000002119 5.15799999999581 5.56099999998696
geode 0.0679999999993015 0.0710000000035507 0.0630000000019209 0.0670000000027358 0.0619999999980791 0.0630000000019209 0.0669999999954598 0.0579999999972642 0.0570000000006985 0.0620000000053551
ref 5.74099999997998 6.03299999999581 5.262000000017 5.76900000000023 5.44700000001467 5.56700000001001 5.97800000000279 5.29200000001583 5.21799999999348 5.62800000002608
infog 0 0 0 0 0 0 0 0 0 0
func 0 0 0 0 0 0 0 0 0 0
EFSIS 4.9890000000014 5.02199999999721 4.92499999998836 5.13199999998324 4.77199999999721 5.01399999999558 5.08899999997811 4.77199999999721 4.66400000001886 4.98199999998906
 0.213999999999942 0.176999999996042 0.209999999999127 0.211000000002969 0.184999999997672 0.176999999996042 0.190999999998894 0.174000000006345 0.175999999999476 0.186999999998079
 5.20800000001327 5.2039999999979 5.13800000000629 5.37100000001374 4.96099999998114 5.19500000000698 5.2840000000142 4.94999999998254 4.84500000000116 5.17399999999907
 0 0 0 0 0 0 0 0 0 0
 0 0 0 0 0 0 0 0 0 0
 8.49100000000908 10.0160000000033 8.54500000001281 8.85599999999977 9.18799999999464 8.92699999999604 9.0460000000021 8.70299999997951 8.78599999999278 8.86300000001211
 0.131999999997788 0.129000000000815 0.127000000000407 0.109999999993306 0.110000000000582 0.107000000003609 0.259000000005472 0.190000000002328 0.169000000001688 0.233000000000175
 7.10099999999511 8.64200000002165 7.20499999998719 7.43799999999464 7.80199999999604 7.54300000000512 7.72899999999208 7.47200000000885 7.46799999999348 7.66399999998976
 0 0 0 0 0 0 0 0 0 0
 0 0 0 0 0 0 0 0 0 0
 2.17099999997299 2.30799999998999 2.1929999999993 2.17500000001746 2.23499999998603 2.14699999999721 2.25599999999395 2.38100000002305 2.1479999999865 2.79199999998673
 0.102000000006228 0.0900000000037835 0.0999999999985448 0.100000000005821 0.0840000000025611 0.0860000000029686 0.0859999999956926 0.0889999999999418 0.0829999999987194 0.0910000000003492
 2.27599999998347 2.39999999999418 2.29399999999441 2.27700000000186 2.32100000002538 2.23500000001513 2.34400000001187 2.47200000000885 2.23199999998906 2.88699999998789
 0 0 0 0 0 0 0 0 0 0
 0 0 0 0 0 0 0 0 0 0
 22.5080000000016 24.5450000000128 22.0350000000035 23.0420000000158 22.7129999999888 22.7840000000142 23.5369999999821 22.314000000013 21.9049999999988 23.4239999999991
 0.531000000002678 0.480999999999767 0.516999999999825 0.503000000004249 0.453999999997905 0.448000000003958 0.618999999998778 0.527999999998428 0.499000000003434 0.588000000003376
 21.5299999999988 23.5350000000035 21.0950000000012 22.051999999996 21.68299999999 21.7550000000047 22.5920000000042 21.429999999993 20.9289999999746 22.5939999999828
 0 0 0 0 0 0 0 0 0 0
 0 0 0 0 0 0 0 0 0 0
 1111.65400000001 1109.927 1108.90299999999 1089.94999999998 1106.83199999999 1107.03899999999 1095.61600000001 1094.68100000001 1126.01200000002 1098.71899999998
 24.8220000000001 23.9199999999983 24.0210000000006 23.5599999999977 22.900999999998 23.7379999999976 23.8489999999947 25.5290000000023 23.676999999996 23.4049999999988
 1063.52699999997 1060.88200000001 1060.59400000001 1041.75699999998 1055.29300000001 1058.024 1046.75400000002 1049.75400000002 1077.58000000002 1050.07400000002
 0 0 0 0 0 0 0 0 0 0
 0 0 0 0 0 0 0 0 0 0
