V1 V2 V3 V4 V5 V6 V7 V8 V9 V10
sam 6.127 5.027 5.33599999999998 5.31099999999998 5.22800000000001 5.178 5.33500000000004 5.83499999999992 5.08699999999999 5.29899999999998
geode 0.199 0.0110000000000001 0.0259999999999998 0.00600000000000023 0.016 0.0420000000000016 0.0289999999999999 0.0799999999999983 0.0710000000000015 0.0339999999999989
ref 6.331 5.042 5.36500000000001 5.31999999999999 5.24900000000002 5.22299999999996 5.36699999999996 5.92000000000007 5.16200000000003 5.33799999999997
infog 0 0 0 0 0 0 0 0 0 0
func 0 0 0 0 0 0 0 0 0 0
EFSOS 4.734 4.917 4.875 4.83300000000003 4.78999999999996 4.709 4.88099999999997 4.78000000000009 4.93700000000001 4.90000000000009
EFSIS 0.148 0.155 0.136000000000001 0.145 0.129 0.122 0.120000000000001 0.126999999999999 0.154 0.126999999999995
 4.887 5.078 5.01499999999999 4.98199999999997 4.923 4.83500000000004 5.00600000000009 4.90999999999997 5.09400000000005 5.02999999999997
 0 0 0 0 0 0 0 0 0 0
 0 0 0 0 0 0 0 0 0 0
 6.797 6.557 7.64100000000002 7.63499999999999 7.47400000000005 7.30099999999999 7.73199999999997 7.61899999999991 6.74199999999996 7.654
 0.301 0.165999999999999 0.0899999999999999 0.148 0.0840000000000014 0.0769999999999982 0.0519999999999996 0.137 0.0949999999999989 0.0870000000000033
 7.104 6.72799999999998 7.73699999999997 7.78900000000004 7.56399999999996 7.38400000000001 7.78999999999996 7.76300000000003 6.84300000000007 7.74800000000005
 0 0 0 0 0 0 0 0 0 0
 0 0 0 0 0 0 0 0 0 0
 2.23 2.25 2.261 2.26799999999997 2.28899999999999 2.23900000000003 2.30100000000004 2.29700000000003 2.24599999999998 2.25800000000004
 0 0.0810000000000004 0.0609999999999999 0.0630000000000006 0.0629999999999988 0.0640000000000001 0.0650000000000013 0.0590000000000011 0.0740000000000016 0.0619999999999976
 2.232 2.33200000000002 2.32500000000005 2.33399999999995 2.35300000000007 2.30499999999995 2.36800000000005 2.35699999999997 2.32199999999989 2.32300000000009
 0 0 0 0 0 0 0 0 0 0
 0 0 0 0 0 0 0 0 0 0
 21.038 19.885 21.315 21.259 20.911 20.562 22.064 21.7239999999999 20.164 21.3240000000001
 0.648 0.415 0.315 0.365 0.292 0.306999999999999 0.273 0.402999999999999 0.397000000000002 0.311999999999998
 21.705 20.316 21.647 21.641 21.22 20.885 22.354 22.144 20.5780000000002 21.653
 0 0 0 0 0 0 0 0 0 0
 0 0 0 0 0 0 0 0 0 0
 67.743 70.596 69.865 66.121 66.143 69.367 69.188 67.321 71.11 65.66
 2.767 3.55 3.379 3.19 3.454 3.614 3.176 3.267 6.713 3.387
 107.74 111.742 112.721 107.682 105.426 110.692 110.05 107.853 150.415 107.157
 1579.865 1627.071 1672.822 1600.546 1606.589 1656.058 1638.071 1635.325 3068.956 1656.231
 78.473 93.957 97.209 84.149 83.5069999999999 96.836 99.1510000000001 90.3299999999999 166.635 95.1130000000001
