V1 V2 V3 V4 V5 V6 V7 V8 V9 V10
sam 5.13399999999092 5.16100000000733 5.15399999999499 4.76400000001013 4.9210000000021 4.83999999999651 4.79799999999523 4.7960000000021 5.19599999999627 6.41000000000349
geode 0.0509999999994761 0.0480000000006839 0.0470000000004802 0.043999999999869 0.0429999999996653 0.0409999999992579 0.0409999999992579 0.0390000000006694 0.0420000000012806 0.0519999999996799
ref 5.18900000001304 5.21300000000338 5.2039999999979 4.81100000000151 4.96699999998964 4.88400000000547 4.84299999999348 4.83899999999267 5.24300000000221 6.46700000000419
infog 0 0 0 0 0 0 0 0 0 0
func 0 0 0 0 0 0 0 0 0 0
EFSOS 4.77700000000186 4.78099999998813 4.79000000000815 4.61000000000058 4.71399999999267 4.64400000000023 4.60900000001129 4.54799999999523 5.4490000000078 8.91799999999057
EFSIS 0.157999999999447 0.149999999999636 0.158999999999651 0.162000000000262 0.164000000000669 0.140999999999622 0.162000000000262 0.164000000000669 0.180000000000291 0.234000000000378
 4.93999999998778 4.93499999999767 4.9539999999979 4.77599999999802 4.88199999999779 4.78900000000431 4.77500000000873 4.71700000000419 5.63300000000163 9.15999999998894
 0 0 0 0 0 0 0 0 0 0
 0 0 0 0 0 0 0 0 0 0
 9.39699999999721 9.83000000000175 9.125 8.18299999998999 8.33999999999651 8.43099999999686 8.37399999999616 8.41899999999441 8.30899999999383 9.90600000000268
 0.0960000000013679 0.122999999999593 0.204999999999927 0.15099999999984 0.0819999999985157 0.0820000000003347 0.0779999999995198 0.0999999999985448 0.148999999999432 0.108000000000175
 7.40600000000268 8.03499999998894 7.37400000001071 6.18400000000838 6.27100000000792 6.54200000000128 6.53299999999581 6.52300000000105 6.52000000000407 8.12600000000384
 0 0 0 0 0 0 0 0 0 0
 0 0 0 0 0 0 0 0 0 0
 2.11900000000605 2.22699999999895 2.1359999999986 2.09900000000198 2.14300000001094 2.38700000000244 2.09500000000116 2.13999999999942 2.10700000000361 2.26300000000629
 0.0789999999997235 0.0789999999997235 0.0789999999997235 0.0769999999993161 0.0780000000013388 0.0200000000004366 0.0769999999993161 0.077000000001135 0.0900000000001455 0.091999999998734
 2.20100000000093 2.3070000000007 2.21600000000035 2.17899999998917 2.22299999999814 2.40999999998894 2.17399999999907 2.21899999999732 2.19899999999325 2.35700000000361
 0 0 0 0 0 0 0 0 0 0
 0 0 0 0 0 0 0 0 0 0
 22.6399999999994 23.1730000000098 22.398000000001 20.7160000000003 21.1699999999983 21.3489999999874 20.9300000000076 20.9660000000003 22.122000000003 28.5920000000042
 0.395999999998821 0.411000000000058 0.502000000000407 0.445999999999913 0.377000000000407 0.292999999999665 0.368999999998778 0.389000000001033 0.472000000001572 0.496999999999389
 20.9619999999995 21.6759999999922 20.9539999999979 19.0219999999972 19.403999999995 19.6800000000076 19.3899999999994 19.3689999999915 20.6670000000013 27.2149999999965
 0 0 0 0 0 0 0 0 0 0
 0 0 0 0 0 0 0 0 0 0
 1094.606 1087.874 1037.49000000001 997.497000000003 1008.185 992.680000000008 996.261999999988 1098.73699999999 1183.236 1289.95299999999
 19.6380000000008 20.9969999999994 20.2119999999995 19.1620000000003 17.5579999999991 17.0769999999993 17.5020000000004 20.2829999999994 21.8689999999988 22.4279999999999
 1016.38 1012.48400000001 960.913 917.278000000006 925.498999999996 914.042000000001 916.164000000004 1022.875 1100.569 1203.47600000001
 0 0 0 0 0 0 0 0 0 0
 0 0 0 0 0 0 0 0 0 0
