V1 V2 V3 V4 V5 V6 V7 V8 V9 V10
sam 7.84000000001106 7.77999999999884 7.65899999999965 7.72600000000966 7.8350000000064 7.73099999999977 7.70300000000861 8 8.14700000001176 8.06399999998393
geode 0.0270000000000437 0.0279999999984284 0.0249999999996362 0.0249999999996362 0.0250000000014552 0.0240000000012515 0.0229999999992287 0.0240000000012515 0.0239999999994325 0.0239999999994325
ref 7.87400000001071 7.81400000001304 7.68899999995483 7.75800000003073 7.86499999999069 7.76000000000931 7.73200000001816 8.03000000002794 8.17700000002515 8.09399999998277
infog 0 0 0 0 0 0 0 0 0 0
func 0 0 0 0 0 0 0 0 0 0
EFSIS 4.80999999999767 4.82300000000396 4.80200000001059 4.82099999999627 4.87900000000081 4.82799999999406 4.7899999999936 4.6929999999993 4.73399999999674 4.75299999999697
 0.126000000000204 0.127000000000407 0.120999999999185 0.117000000000189 0.131999999999607 0.132999999999811 0.13799999999901 0.130999999999403 0.136000000000422 0.129000000000815
 4.94000000000233 4.9539999999688 4.92600000003586 4.94000000000233 5.01500000001397 4.9649999999674 4.93300000001909 4.82799999997951 4.87400000001071 4.88699999998789
 0 0 0 0 0 0 0 0 0 0
 0 0 0 0 0 0 0 0 0 0
 8.65099999999802 8.47400000000198 8.5 8.44100000000617 9.15099999999802 8.51799999999639 8.61599999999453 8.86099999998987 9.2899999999936 8.82600000000093
 0.0409999999992579 0.0680000000011205 0.0609999999996944 0.0619999999998981 0.0609999999996944 0.0869999999995343 0.0630000000001019 0.103000000000975 0.0599999999994907 0.0659999999988941
 6.64100000000326 6.6140000000014 6.62899999995716 6.59599999996135 7.23700000002282 6.65200000000186 6.6359999999986 6.91599999996834 7.44199999998091 6.96000000002095
 0 0 0 0 0 0 0 0 0 0
 0 0 0 0 0 0 0 0 0 0
 2.18300000000454 2.18399999999383 2.19099999999162 2.18099999999686 2.55400000000373 2.19500000000698 2.1710000000021 2.21700000000419 2.22400000000198 2.17399999999907
 0.0650000000005093 0.0669999999990978 0.0680000000011205 0.0680000000011205 0.0679999999993015 0.0650000000005093 0.066000000000713 0.0679999999993015 0.0680000000011205 0.0680000000011205
 2.25 2.25199999997858 2.26000000000931 2.25099999998929 2.62400000001071 2.26300000003539 2.2379999999539 2.28600000002189 2.29399999999441 2.24499999999534
 0 0 0 0 0 0 0 0 0 0
 0 0 0 0 0 0 0 0 0 0
 24.7710000000079 24.5509999999922 24.4560000000056 24.4580000000133 25.698000000004 24.5610000000015 24.56700000001 25.0169999999925 25.6380000000063 25.5620000000054
 0.264999999999418 0.295000000000073 0.284999999999854 0.278000000000247 0.292000000001281 0.314000000000306 0.300999999999476 0.329000000001543 0.291999999999462 0.300999999999476
 22.9990000000107 22.929999999993 22.8199999999488 22.8400000000256 24.0260000000126 22.935999999987 22.8390000000363 23.310999999987 24.0360000000219 23.9449999999488
 0 0 0 0 0 0 0 0 0 0
 0 0 0 0 0 0 0 0 0 0
 1301.50099999999 1295.43000000001 1294.55899999999 1293.73 1298.44899999999 1300.72 1301.94899999999 1316.204 1321.523 1322.63699999999
 15.5149999999994 16.1769999999997 16.146999999999 15.5249999999996 16.1839999999993 16.0249999999996 15.2909999999993 16.348 16.3690000000006 16.1190000000006
 1219.88500000001 1217.83799999999 1216.62 1216.22099999996 1219.022 1218.47100000002 1218.283 1239.90500000003 1244.386 1246.25100000005
 0 0 0 0 0 0 0 0 0 0
 0 0 0 0 0 0 0 0 0 0
