V1 V2 V3 V4 V5 V6 V7 V8 V9 V10
sam 5.54800000000068 5.90900000000056 6.61400000000049 5.48300000000017 5.18700000000081 5.61400000000049 5.13299999999981 5.13600000000042 5.27300000000014 5.34699999999975
geode 0.039999999999992 0.0450000000000159 0.0420000000000016 0.0349999999999682 0.0450000000000159 0.0380000000000109 0.01400000000001 0.0520000000000209 0.0279999999999632 0.0550000000000068
ref 5.59200000000055 5.95800000000054 6.66100000000006 5.52299999999923 5.23700000000099 5.65499999999884 5.15099999999984 5.1919999999991 5.30400000000009 5.40699999999924
infog 0 0 0 0 0 0 0 0 0 0
func 0 0 0 0 0 0 0 0 0 0
EFSOS 4.9380000000001 5.52799999999934 5.75900000000001 4.97500000000036 5.01899999999932 5.01599999999962 4.82900000000063 4.66899999999987 4.71299999999974 4.73399999999947
EFSIS 0.132000000000005 0.127999999999986 0.140999999999991 0.114000000000033 0.127999999999986 0.127999999999986 0.128999999999962 0.125 0.125 0.128000000000043
 5.07500000000073 5.65999999999985 5.90600000000086 5.09300000000076 5.14999999999964 5.14900000000125 4.96199999999953 4.79600000000028 4.84200000000055 4.86599999999999
 0 0 0 0 0 0 0 0 0 0
 0 0 0 0 0 0 0 0 0 0
 7.9989999999998 7.75900000000001 8.28400000000056 7.80299999999988 7.04700000000048 6.89500000000044 6.82299999999941 7.90200000000004 7.38699999999972 7.68000000000029
 0.119 0.0910000000000082 0.0640000000000214 0.0740000000000123 0.0889999999999986 0.120999999999981 0.0900000000000318 0.0709999999999695 0.129000000000019 0.08299999999997
 8.1239999999998 7.85699999999997 8.35299999999916 7.88299999999981 7.14300000000003 7.02199999999903 6.91800000000148 7.97999999999956 7.52199999999903 7.76900000000023
 0 0 0 0 0 0 0 0 0 0
 0 0 0 0 0 0 0 0 0 0
 2.39499999999953 3.3119999999999 2.30199999999968 2.25399999999991 2.35999999999967 2.35499999999956 2.38799999999992 2.28200000000015 2.24499999999989 2.76800000000003
 0.0620000000000118 0.0649999999999977 0.0669999999999789 0.0649999999999977 0.0640000000000214 0.0620000000000118 0.0600000000000023 0.0620000000000118 0.0620000000000118 0.0609999999999786
 2.45899999999892 3.38100000000122 2.37199999999939 2.32099999999991 2.42599999999948 2.41799999999967 2.44999999999891 2.34699999999975 2.30999999999949 2.83100000000013
 0 0 0 0 0 0 0 0 0 0
 0 0 0 0 0 0 0 0 0 0
 22.1400000000003 23.6640000000007 24.1570000000002 21.6890000000003 20.7760000000007 21.0349999999999 20.3600000000006 21.1419999999998 20.7799999999997 21.7509999999993
 0.353000000000009 0.330000000000013 0.316000000000003 0.29000000000002 0.327999999999975 0.353000000000009 0.293000000000006 0.312000000000012 0.346000000000004 0.330000000000041
 22.5120000000006 24.0130000000008 24.4920000000002 21.9959999999992 21.121000000001 21.4039999999986 20.6689999999999 21.4699999999993 21.1440000000002 22.1000000000004
 0 0 0 0 0 0 0 0 0 0
 0 0 0 0 0 0 0 0 0 0
 81.9380000000001 82.5349999999999 83.1670000000004 80.848 79.7479999999996 78.3060000000005 80.8939999999993 79.7570000000005 79.0619999999999 82.134
 3.92499999999998 6.702 3.76900000000001 3.71999999999997 3.35700000000003 3.286 9.92000000000002 3.221 3.39999999999998 3.69499999999999
 122.468000000001 164.275 123.313 121.943000000001 123.744000000001 121.620000000001 208.865 122.394 118.494999999999 123.566999999999
 1613.22099999999 3285.61 1606.27900000001 1609.15199999999 1734.898 1637.50900000001 5111.429 1700.35699999999 1596.43500000001 1682.322
 89.8639999999996 190.949000000001 87.1539999999995 99.9279999999999 101.437 86.3960000000006 272.348 104.001999999999 88.7690000000011 95.1089999999986
