V1 V2 V3 V4 V5 V6 V7 V8 V9 V10
sam 5.20900000000256 5.16100000000006 5.20699999999488 5.15299999999843 5.22400000000198 5.79400000000896 5.20600000000559 5.21099999999569 5.26299999999173 4.77099999999336
geode 0.0670000000009168 0.0630000000001019 0.0619999999998981 0.0599999999994907 0.058999999999287 0.069999999999709 0.055000000000291 0.0540000000000873 0.0529999999998836 0.047999999998865
ref 5.27999999999884 5.22899999999208 5.27300000000105 5.21799999999348 5.28599999999278 5.86900000000605 5.26499999999942 5.27000000000407 5.31899999998859 4.82300000000396
infog 0 0 0 0 0 0 0 0 0 0
func 0 0 0 0 0 0 0 0 0 0
EFSOS 4.77799999999843 4.7699999999968 4.8070000000007 4.7980000000025 4.83000000000175 4.74599999999919 4.78500000000349 4.70200000000477 4.80000000000291 4.61300000001211
EFSIS 0.157999999999447 0.168999999999869 0.185999999999694 0.159999999999854 0.175000000001091 0.164999999999054 0.166999999999462 0.158000000001266 0.167999999999665 0.158999999999651
 4.94099999999162 4.94400000000314 4.99700000000303 4.9600000000064 5.00900000000547 4.91599999999744 4.95599999999104 4.86299999999756 4.9719999999943 4.77599999999802
 0 0 0 0 0 0 0 0 0 0
 0 0 0 0 0 0 0 0 0 0
 9.12000000000262 9.2589999999982 9.86300000000483 9.38799999999901 9.76200000000244 9.61200000000827 9.57699999999022 9.26699999999255 9.33599999999569 8.06499999998778
 0.117000000000189 0.120999999999185 0.129000000000815 0.153000000000247 0.15099999999984 0.126000000000204 0.140999999999622 0.15599999999904 0.1299999999992 0.0840000000007421
 7.43400000000838 7.54499999999825 8.14900000000489 7.51900000000023 7.64599999999336 7.58599999999569 7.58000000000175 7.48200000000361 7.55900000000838 6.20799999999872
 0 0 0 0 0 0 0 0 0 0
 0 0 0 0 0 0 0 0 0 0
 2.41500000000087 2.44400000000314 2.23799999999756 2.80599999999686 2.19599999999627 2.38399999999092 2.41400000000431 2.15499999999884 2.1710000000021 2.17799999999988
 0.0910000000003492 0.0910000000003492 0.0879999999997381 0.0990000000001601 0.0849999999991269 0.0830000000005384 0.0850000000009459 0.0820000000003347 0.0799999999999272 0.0779999999995198
 2.50800000000163 2.53699999999662 2.32799999999406 2.90699999999197 2.28200000000652 2.46900000001187 2.50100000000384 2.23999999999069 2.25299999999697 2.25800000000163
 0 0 0 0 0 0 0 0 0 0
 0 0 0 0 0 0 0 0 0 0
 22.7620000000024 22.8699999999953 23.3569999999963 23.3559999999998 23.189000000013 23.7370000000083 23.1870000000054 22.5380000000005 23.3319999999949 20.6760000000068
 0.450000000000728 0.460999999999331 0.480999999999767 0.485999999998967 0.484000000000378 0.458000000000538 0.461999999999534 0.465000000000146 0.45299999999952 0.3799999999992
 21.4219999999914 21.5089999999909 22.0060000000085 21.830999999991 21.4149999999936 22.0540000000037 21.5219999999972 21.0720000000001 21.8889999999956 19.125
 0 0 0 0 0 0 0 0 0 0
 0 0 0 0 0 0 0 0 0 0
 1099.006 1114.162 1109.224 1102.41299999999 1115.64899999999 1102.45699999999 1096.49799999999 1089.39199999999 1017.196 996.036999999997
 22.728000000001 22.844000000001 23.3299999999999 22.7420000000002 22.3539999999994 21.9589999999989 21.8909999999996 21.8630000000012 20.0489999999991 18.9639999999999
 1031.66 1045.008 1039.148 1018.288 1028.803 1020.80900000001 1022.101 1019.363 943.645999999993 920.347999999998
 0 0 0 0 0 0 0 0 0 0
 0 0 0 0 0 0 0 0 0 0
