V1 V2 V3 V4 V5 V6 V7 V8 V9 V10
sam 7.98700000000827 8.00500000000466 7.45900000000256 7.36800000000221 8.27400000000489 7.63000000000466 7.78599999999278 7.86900000000605 7.50700000001234 8.32000000000698
geode 0.0320000000010623 0.0310000000008586 0.0289999999986321 0.0279999999984284 0.0299999999988358 0.0270000000000437 0.0270000000000437 0.0380000000004657 0.0259999999998399 0.0280000000002474
ref 8.02600000001257 8.04300000000512 7.49399999997695 7.40200000000186 8.31200000000536 7.66300000000047 7.8179999999993 7.91399999998976 7.53800000000047 8.35400000002119
infog 0 0 0 0 0 0 0 0 0 0
func 0 0 0 0 0 0 0 0 0 0
EFSIS 4.91399999998976 4.7439999999915 5.01999999998952 4.875 5.07300000000396 4.77999999999884 4.99100000000908 4.64500000000407 4.79200000000128 5.01299999999173
 0.143000000000029 0.157999999999447 0.17200000000048 0.175000000001091 0.157000000001062 0.139000000001033 0.141000000001441 0.141999999999825 0.123999999999796 0.172999999998865
 5.05999999999767 4.90499999999884 5.19500000000698 5.05400000000373 5.23399999999674 4.92199999999139 5.13799999997718 4.79099999999744 4.9210000000021 5.19000000000233
 0 0 0 0 0 0 0 0 0 0
 0 0 0 0 0 0 0 0 0 0
 8.3070000000007 8.73600000000442 9.19500000000698 8.39699999999721 9.15099999999802 8.32099999999627 9.17500000000291 8.20900000000256 8.32499999999709 9.00400000000081
 0.0419999999994616 0.0529999999998836 0.0450000000000728 0.0389999999988504 0.0399999999990541 0.0339999999996508 0.0379999999986467 0.0570000000006985 0.0450000000000728 0.0509999999994761
 6.48399999999674 6.9320000000007 7.39600000000792 6.63999999998487 7.35099999999511 6.53200000000652 7.34300000002258 6.4429999999993 6.51499999998487 7.22899999999208
 0 0 0 0 0 0 0 0 0 0
 0 0 0 0 0 0 0 0 0 0
 2.17900000000373 2.20299999999406 2.22899999999208 2.19499999999243 2.26999999998952 2.1820000000007 2.18899999999849 2.2609999999986 2.21399999999267 2.43700000000536
 0.0709999999999127 0.0799999999999272 0.0820000000003347 0.0830000000005384 0.0670000000009168 0.0679999999993015 0.0670000000009168 0.0689999999995052 0.0709999999999127 0.0830000000005384
 2.25200000000768 2.28299999999581 2.31200000000536 2.28100000001723 2.33900000000722 2.25099999998929 2.25800000000163 2.33300000001327 2.28800000000047 2.52100000000792
 0 0 0 0 0 0 0 0 0 0
 0 0 0 0 0 0 0 0 0 0
 24.653999999995 24.9459999999963 25.226999999999 24.1589999999997 26.1110000000044 24.1579999999958 25.4199999999983 24.2200000000012 24.1360000000132 26.0139999999956
 0.293999999999869 0.328999999999724 0.334999999999127 0.331999999998516 0.299999999999272 0.274000000001251 0.280000000000655 0.311000000001513 0.271999999999025 0.338999999999942
 23.0970000000088 23.429999999993 23.7289999999921 22.7080000000133 24.5840000000026 22.6210000000137 23.8439999999828 22.7200000000012 22.5659999999916 24.5390000000189
 0 0 0 0 0 0 0 0 0 0
 0 0 0 0 0 0 0 0 0 0
 1183.40500000001 1183.933 1181.82399999999 1210.774 1195.42 1162.163 1171.202 1156.28300000001 1175.935 1232.728
 16.6630000000005 17.3029999999999 17.5519999999997 16.1570000000011 14.4889999999996 14.9699999999993 15.4539999999997 14.7069999999985 15.4079999999994 15.6039999999994
 1109.921 1110.21100000001 1110.516 1139.76999999999 1119.356 1085.62 1095.59700000001 1081.70600000001 1099.46299999999 1154.08499999999
 0 0 0 0 0 0 0 0 0 0
 0 0 0 0 0 0 0 0 0 0
