V1 V2 V3 V4 V5 V6 V7 V8 V9 V10
sam 4.96699999997509 5.08100000000559 5.19000000000233 5.13399999999092 5.71700000000419 5.0800000000163 5.10599999999977 5.20300000000861 5.50400000001537 5.98999999999069
geode 0.0650000000023283 0.0649999999950523 0.0659999999988941 0.0649999999950523 0.0729999999966822 0.0639999999984866 0.0640000000057626 0.0630000000019209 0.0659999999988941 0.0720000000001164
ref 5.03500000000349 5.15000000002328 5.26100000002771 5.2039999999979 5.79399999999441 5.14699999999721 5.17399999999907 5.26900000000023 5.57499999998254 6.06700000001001
infog 0 0 0 0 0 0 0 0 0 0
func 0 0 0 0 0 0 0 0 0 0
EFSIS 4.87700000000768 4.64100000000326 5.25999999998021 4.95699999999488 4.80199999999604 4.90499999999884 4.72000000000116 4.98099999999977 4.81700000001001 5.03700000001118
 0.230000000003201 0.169000000001688 0.219000000004598 0.206000000005588 0.17500000000291 0.20400000000518 0.175999999999476 0.213000000003376 0.175999999999476 0.184000000001106
 5.11300000001211 4.81200000000536 5.48299999997835 5.16699999998673 4.98000000001048 5.112999999983 4.90100000001257 5.19899999999325 4.99700000000303 5.2269999999844
 0 0 0 0 0 0 0 0 0 0
 0 0 0 0 0 0 0 0 0 0
 8.26900000000023 8.6479999999865 8.42000000001281 8.41899999999441 8.7270000000135 8.26499999998487 9.20699999999488 8.4210000000021 8.7839999999851 9.27199999999721
 0.210999999995693 0.167999999997846 0.256999999997788 0.260999999998603 0.135999999998603 0.135999999998603 0.135999999998603 0.163999999997031 0.153000000005704 0.152000000001863
 7.0449999999837 7.32999999998719 7.17000000001281 7.17500000001746 7.41899999999441 6.90600000001723 7.85300000000279 7.10399999999208 7.47000000000116 7.9550000000163
 0 0 0 0 0 0 0 0 0 0
 0 0 0 0 0 0 0 0 0 0
 2.20199999999022 2.13000000000466 2.13999999998487 2.1940000000177 2.15499999999884 2.1590000000142 2.15700000000652 2.22000000000116 2.21800000002258 2.23999999999069
 0.0999999999985448 0.0860000000029686 0.0999999999985448 0.0979999999981374 0.0860000000029686 0.0979999999981374 0.0879999999961001 0.0999999999985448 0.080999999998312 0.0889999999999418
 2.30499999999302 2.21800000002258 2.24100000000908 2.29300000000512 2.24400000000605 2.25899999999092 2.24700000000303 2.32200000001467 2.30100000000675 2.33099999997648
 0 0 0 0 0 0 0 0 0 0
 0 0 0 0 0 0 0 0 0 0
 21.4639999999781 21.7270000000135 22.1729999999807 21.8729999999923 22.5499999999884 21.5629999999946 22.3159999999916 21.9640000000072 22.5 23.7960000000021
 0.623000000006869 0.505999999993946 0.658000000003085 0.64600000000064 0.485000000000582 0.519000000000233 0.47899999999936 0.552999999999884 0.49199999999837 0.513000000006286
 20.6639999999898 20.7580000000016 21.335000000021 21.0259999999835 21.6000000000058 20.5969999999797 21.3160000000207 21.0469999999914 21.5359999999928 22.8530000000028
 0 0 0 0 0 0 0 0 0 0
 0 0 0 0 0 0 0 0 0 0
 1064.49600000001 1062.655 1080.43000000002 1079.83600000001 1103.617 1072.42800000001 1094.864 1074.35699999999 1065.201 1084.45999999999
 25.7559999999939 25.8840000000055 26.0579999999973 25.7819999999992 24.4649999999965 23.7830000000031 25.0950000000012 24.2090000000026 23.6290000000008 24.7409999999945
 1020.26000000001 1016.68599999999 1033.49099999998 1033.50100000002 1054.74099999998 1023.21900000001 1047.79399999999 1029.50200000001 1017.709 1036.80100000001
 0 0 0 0 0 0 0 0 0 0
 0 0 0 0 0 0 0 0 0 0
