V1 V2 V3 V4 V5 V6 V7 V8 V9 V10
sam 5.39199999999255 8.73799999999756 5.52699999998731 5.81900000000314 8.51900000000023 8.41899999999441 7.68600000000151 7.23300000000745 5.15100000001257 5.42900000000373
geode 0.207999999998719 0.234000000004016 0.14100000000326 0.144999999996799 0.218000000000757 0.198999999993248 0.177999999999884 0.166999999994005 0.117000000005646 0.121999999995751
ref 5.60899999999674 9.99700000000303 5.6710000000021 5.96799999999348 12.05799999999 8.69900000002235 8.18299999998999 8.09199999997509 5.2729999999865 5.55600000001141
infog 0 0 0 0 0 0 0 0 0 0
func 0 0 0 0 0 0 0 0 0 0
EFSIS 4.30999999999767 7.8070000000007 5.07700000000477 4.91899999999441 6.3070000000007 7.41000000000349 7.7039999999979 8.81500000000233 4.78499999998894 4.96400000000722
 0.245000000002619 0.326999999997497 0.247999999999593 0.26600000000326 0.283999999999651 0.312000000005355 0.344999999993888 0.353000000002794 0.218000000000757 0.228000000002794
 4.55999999999767 8.84799999999814 5.33100000000559 5.18899999998393 8.20699999999488 7.81899999998859 8.08999999999651 10.3960000000079 5.00600000002305 5.19500000000698
 0 0 0 0 0 0 0 0 0 0
 0 0 0 0 0 0 0 0 0 0
 9.43100000001141 14.5420000000013 8.96400000000722 9.03800000000047 14.6299999999901 11.8540000000066 11.3919999999925 11.2599999999948 8.68899999999849 9.23999999999069
 0.296999999998661 0.489000000001397 0.230999999999767 0.315999999998894 0.45499999999447 0.391999999999825 0.364000000001397 0.36200000000099 0.264999999999418 0.222000000001572
 8.30100000000675 14.0219999999972 7.74799999999232 7.91500000000815 13.8520000000135 10.6570000000065 10.2060000000056 11.823000000004 7.51399999999558 7.99799999999232
 0 0 0 0 0 0 0 0 0 0
 0 0 0 0 0 0 0 0 0 0
 2.19599999999627 4.05499999999302 2.33100000000559 2.3009999999922 2.84399999999732 3.91099999999278 3.95000000001164 4.17699999999604 2.13200000001234 2.43600000000151
 0.121999999995751 0.163000000000466 0.120999999999185 0.118000000002212 0.168000000005122 0.163999999997031 0.156999999999243 0.176999999996042 0.108000000000175 0.112999999997555
 2.32099999999627 5.4890000000014 2.4550000000163 2.42199999999139 3.26199999998789 4.12299999999232 4.11599999997998 5.16699999998673 2.24100000000908 2.55100000000675
 0 0 0 0 0 0 0 0 0 0
 0 0 0 0 0 0 0 0 0 0
 22.5169999999925 37.1290000000008 23.0899999999965 23.3530000000028 33.7739999999903 33.4259999999922 32.7569999999978 33.3690000000061 21.9400000000023 23.2300000000105
 0.902999999998428 1.26400000000285 0.773000000001048 0.879000000000815 1.16199999999662 1.11199999999371 1.11199999999371 1.10299999999552 0.73700000000099 0.710999999995693
 22.0100000000093 40.8030000000144 22.4280000000144 22.8070000000007 38.8990000000049 33.210000000021 32.7399999999907 37.4739999999874 21.2479999999923 22.4890000000014
 0 0 0 0 0 0 0 0 0 0
 0 0 0 0 0 0 0 0 0 0
 1408.928 1405.61599999999 1084.14599999999 1825.65699999999 1784.16900000001 1754.368 1591.337 1282.995 1068.632 1084.29999999999
 49.7220000000016 48.6800000000003 36.7220000000016 61.5849999999991 57.5109999999986 54.6550000000061 50.3970000000045 40.9540000000052 34.8240000000005 35.5529999999999
 1552.51000000001 1606.465 1167.853 1955.54500000001 1879.33099999998 1857.649 1837.16899999999 1396.82399999999 1032.21400000001 1048.45000000001
 0 0 0 0 0 0 0 0 0 0
 0 0 0 0 0 0 0 0 0 0
