V1 V2 V3 V4 V5 V6 V7 V8 V9 V10
sam 5.08399999999983 5.07099999999991 5.22599999999966 5.16200000000026 5.44400000000041 5.72500000000036 5.33499999999913 5.27400000000125 5.35499999999956 5.61399999999958
geode 0.0520000000000209 0.007000000000005 0.0239999999999441 0.00599999999997181 0.00999999999999091 0.0200000000000387 0.0130000000000337 0.007000000000005 0.00900000000001455 0.00799999999998136
ref 5.14100000000144 5.08200000000033 5.2549999999992 5.17299999999886 5.45799999999872 5.75 5.35300000000097 5.28600000000006 5.3700000000008 5.6260000000002
infog 0 0 0 0 0 0 0 0 0 0
func 0 0 0 0 0 0 0 0 0 0
EFSOS 5.13200000000052 4.91299999999956 5.50500000000011 4.72400000000016 4.93599999999969 4.91699999999946 4.90100000000166 4.8119999999999 4.8690000000006 4.72100000000137
EFSIS 0.161999999999978 0.15300000000002 0.14100000000002 0.13900000000001 0.133000000000038 0.144999999999982 0.12299999999999 0.139999999999986 0.137 0.12700000000001
 5.29799999999886 5.06999999999971 5.65000000000146 4.86599999999999 5.07400000000052 5.06600000000071 5.02700000000004 4.95499999999993 5.00900000000001 4.85099999999875
 0 0 0 0 0 0 0 0 0 0
 0 0 0 0 0 0 0 0 0 0
 6.70100000000002 6.65700000000015 7.43099999999959 7.94899999999961 7.81700000000092 6.68599999999969 7.75099999999838 8.30500000000029 7.625 7.49199999999837
 0.108000000000004 0.115999999999985 0.119000000000028 0.0680000000000405 0.10899999999998 0.125 0.0989999999999895 0.0270000000000437 0.154999999999973 0.0810000000000173
 6.81400000000031 6.77900000000045 7.55599999999868 8.02300000000105 7.9320000000007 6.81500000000051 7.85599999999977 8.33799999999974 7.78600000000006 7.57899999999972
 0 0 0 0 0 0 0 0 0 0
 0 0 0 0 0 0 0 0 0 0
 2.28600000000006 2.2510000000002 2.25600000000031 2.30799999999999 2.30599999999868 2.25300000000061 2.3080000000009 2.30199999999968 2.27199999999903 2.26300000000083
 0.075999999999965 0.0780000000000314 0.0639999999999645 0.0609999999999786 0.0620000000000118 0.0769999999999982 0.0710000000000264 0.0629999999999882 0.063000000000045 0.0629999999999882
 2.36299999999937 2.32899999999972 2.32200000000012 2.37099999999919 2.36999999999898 2.33200000000033 2.3809999999994 2.3690000000006 2.33599999999933 2.32800000000134
 0 0 0 0 0 0 0 0 0 0
 0 0 0 0 0 0 0 0 0 0
 20.3420000000006 20.0349999999999 21.567 21.2840000000006 21.6890000000003 20.7240000000002 21.4969999999994 21.8910000000014 21.3289999999997 21.2430000000004
 0.408999999999992 0.355999999999995 0.349999999999966 0.274000000000001 0.314000000000021 0.372000000000014 0.30600000000004 0.237000000000023 0.365999999999985 0.281000000000006
 20.7690000000002 20.4069999999992 21.9339999999993 21.5749999999989 22.0199999999986 21.1130000000012 21.8199999999997 22.146999999999 21.7120000000014 21.5399999999991
 0 0 0 0 0 0 0 0 0 0
 0 0 0 0 0 0 0 0 0 0
 94.0339999999997 91.8829999999998 92.3049999999994 92.384 91.4120000000003 93.7790000000005 95.6949999999997 96.3029999999999 92.5509999999995 92.4380000000001
 10.229 4.06900000000002 3.65100000000001 3.52199999999999 3.74199999999996 3.79899999999998 3.41199999999998 3.77100000000002 3.48900000000003 3.517
 220.220000000001 131.749 134.107 134.226000000001 134.619000000001 133.718999999999 138.993 137.675000000001 135.030000000001 131.362999999999
 5002.61600000001 1561.01000000001 1660.462 1653.60799999998 1647.93000000002 1559.07999999999 1667.81700000001 1613.87699999998 1685.90700000001 1585.36000000002
 305.972 88.6720000000005 101.280000000001 104.566999999999 103.309999999999 89.3510000000006 100.474 101.061 102.189 89.6489999999994
