V1 V2 V3 V4 V5 V6 V7 V8 V9 V10
sam 5.55299999999988 5.88299999999981 5.15399999999863 5.73199999999997 5.60200000000077 5.56999999999971 5.81499999999869 5.18000000000029 5.57800000000134 5.66200000000026
geode 0.000999999999990564 0.000999999999976353 0 0.00100000000000477 0 0 0 0 0.00499999999999545 0.00100000000000477
ref 5.55799999999908 5.88900000000103 5.15799999999945 5.73700000000099 5.60699999999997 5.57499999999709 5.81999999999971 5.1830000000009 5.58699999999953 5.66799999999785
infog 0 0 0 0 0 0 0 0 0 0
func 0 0 0 0 0 0 0 0 0 0
EFSIS 5.14799999999923 4.99099999999999 5.02000000000044 4.38299999999981 5.00300000000061 4.91600000000108 4.8760000000002 4.77000000000044 4.86800000000221 5.07900000000154
 0.149000000000001 0.134000000000015 0.155000000000001 0.153999999999996 0.12700000000001 0.138000000000005 0.160999999999973 0.125 0.157999999999987 0.141999999999996
 5.31099999999969 5.12700000000041 5.17799999999988 4.54099999999926 5.13400000000001 5.0580000000009 5.04099999999744 4.89999999999782 5.03100000000268 5.22500000000218
 0 0 0 0 0 0 0 0 0 0
 0 0 0 0 0 0 0 0 0 0
 9.11800000000039 10.241 9.0619999999999 9.38400000000001 9.67599999999948 9.17199999999866 8.47999999999956 8.7609999999986 8.87299999999959 9.25500000000102
 0.007000000000005 0.00600000000000023 0.007000000000005 0.00500000000002387 0.00499999999999545 0.00499999999999545 0.00600000000000023 0.0819999999999936 0.168000000000006 0.0629999999999882
 7.47900000000118 8.65799999999945 7.46800000000076 7.77100000000064 8.04099999999926 7.56100000000151 6.98600000000079 7.40100000000166 7.42799999999988 7.75699999999779
 0 0 0 0 0 0 0 0 0 0
 0 0 0 0 0 0 0 0 0 0
 2.31400000000031 2.38600000000042 2.34200000000055 2.49300000000039 2.33300000000054 2.29599999999846 2.2400000000016 2.27100000000064 2.2489999999998 2.61899999999878
 0.0819999999999936 0.0649999999999977 0 0 0.0629999999999882 0.063999999999993 0.078000000000003 0.0640000000000214 0.061000000000007 0.0660000000000025
 2.39799999999923 2.45299999999952 2.34299999999894 2.49599999999919 2.39800000000105 2.36100000000079 2.32099999999991 2.33799999999974 2.30999999999767 2.68700000000172
 0 0 0 0 0 0 0 0 0 0
 0 0 0 0 0 0 0 0 0 0
 23.3870000000006 24.75 22.7069999999985 23.3109999999997 23.8280000000013 23.1579999999994 22.5639999999985 22.1239999999998 22.7760000000017 23.8700000000026
 0.24199999999999 0.205999999999989 0.162000000000006 0.160000000000025 0.194999999999993 0.207999999999998 0.245999999999981 0.27200000000002 0.393999999999977 0.272999999999996
 22.0019999999986 23.3790000000008 21.2780000000002 21.8639999999996 22.3950000000004 21.7609999999986 21.3230000000003 20.9639999999999 21.5660000000025 22.5939999999973
 0 0 0 0 0 0 0 0 0 0
 0 0 0 0 0 0 0 0 0 0
 1172.052 1111.285 1115.971 1112.434 1125.657 1088.233 1088.562 1088.785 1132.119 1161.481
 11.167 9.97999999999999 10.754 10.831 9.893 11.063 12.065 13.92 11.106 12.769
 1105.089 1044.435 1050.149 1047.582 1059.267 1024.642 1025.425 1029.818 1068.105 1096.637
 0 0 0 0 0 0 0 0 0 0
 0 0 0 0 0 0 0 0 0 0
