V1 V2 V3 V4 V5 V6 V7 V8 V9 V10
sam 7.77700000000186 7.53099999998813 7.6820000000007 7.65100000001257 8.23399999999674 7.50099999998929 7.96099999998114 7.81700000001001 7.7609999999986 8.01699999999255
geode 0.022000000000844 0.0210000000006403 0.0209999999988213 0.0200000000004366 0.021999999999025 0.0190000000002328 0.0199999999986176 0.0199999999986176 0.0190000000002328 0.0190000000002328
ref 7.80500000002212 7.55800000001909 7.71000000002095 7.67599999997765 8.26300000000629 7.52700000000186 7.98800000001211 7.84400000001187 7.78700000001118 8.04400000002352
infog 0 0 0 0 0 0 0 0 0 0
func 0 0 0 0 0 0 0 0 0 0
EFSIS 4.86100000000442 4.77499999999418 4.76900000000023 4.77400000000489 4.91200000001118 4.78100000001723 4.77200000002631 4.69800000000396 4.78500000000349 4.79099999999744
 0.138000000000829 0.1299999999992 0.140000000001237 0.136000000000422 0.149000000001251 0.139999999999418 0.157000000001062 0.157000000001062 0.15599999999904 0.155000000000655
 5.00299999999697 4.9089999999851 4.91199999998207 4.91300000000047 5.06399999998393 4.92499999998836 4.93100000001141 4.85899999999674 4.94399999998859 4.94899999999325
 0 0 0 0 0 0 0 0 0 0
 0 0 0 0 0 0 0 0 0 0
 8.48399999999674 8.79000000000815 8.23600000000442 8.32699999999022 9.15299999999115 8.29799999998068 8.78499999997439 8.6929999999993 9.15700000000652 8.95000000001164
 0.0369999999984429 0.0290000000004511 0.0270000000000437 0.0309999999990396 0.0369999999984429 0.033000000001266 0.0270000000000437 0.0569999999988795 0.0339999999996508 0.0339999999996508
 6.6809999999823 7.01900000000023 6.50599999999395 6.51600000000326 7.25200000000768 6.50099999998929 6.95199999999022 6.88399999999092 7.39199999999255 6.96499999999651
 0 0 0 0 0 0 0 0 0 0
 0 0 0 0 0 0 0 0 0 0
 2.26300000000629 2.18100000001141 2.26900000000023 2.19800000000396 2.33199999999488 2.23500000001513 2.57500000001164 2.18000000002212 2.20799999998417 2.18799999999464
 0.0680000000011205 0.0689999999995052 0.069999999999709 0.066000000000713 0.0650000000005093 0.0679999999993015 0.0669999999990978 0.0760000000009313 0.0820000000003347 0.077000000001135
 2.33199999999488 2.25200000000768 2.34200000000419 2.26600000000326 2.39899999997579 2.30400000000373 2.64400000000023 2.25900000002002 2.29200000001583 2.26499999998487
 0 0 0 0 0 0 0 0 0 0
 0 0 0 0 0 0 0 0 0 0
 24.6880000000092 24.5309999999881 24.2580000000016 24.2430000000168 25.9619999999995 24.1160000000091 25.3830000000016 24.6090000000258 25.18299999999 25.1860000000161
 0.269000000000233 0.254000000000815 0.263999999999214 0.257999999999811 0.279999999998836 0.266999999999825 0.274999999999636 0.313000000000102 0.295000000000073 0.290000000000873
 23.1300000000047 22.997000000003 22.7790000000095 22.6719999999914 24.3179999999993 22.5669999999809 23.8110000000161 23.0679999999993 23.69200000001 23.4690000000119
 0 0 0 0 0 0 0 0 0 0
 0 0 0 0 0 0 0 0 0 0
 1182.361 1172.519 1186.51500000001 1220.80299999999 1236.17800000001 1186.93399999998 1211.07499999998 1201.65999999997 1227.99400000001 1197.019
 14.005000000001 14.5279999999984 13.3410000000003 14.3370000000014 14.3430000000008 14.375 15.5399999999991 16.0630000000001 15.3009999999995 13.8909999999996
 1105.008 1101.14300000001 1110.038 1143.766 1158.50400000002 1111.35400000002 1135.359 1131.883 1147.75699999998 1111.117
 0 0 0 0 0 0 0 0 0 0
 0 0 0 0 0 0 0 0 0 0
