V1 V2 V3 V4 V5 V6 V7 V8 V9 V10
sam 8.32800000000861 7.80400000000373 8.26600000000326 8.28900000001886 8.23699999999371 8.25699999998324 8.30499999999302 8.08199999999488 8.11699999999837 7.63199999998324
geode 0.0240000000012515 0.021999999999025 0.0240000000012515 0.0229999999992287 0.021999999999025 0.0230000000010477 0.0210000000006403 0.0210000000006403 0.0199999999986176 0.0190000000002328
ref 8.35800000000745 7.83199999999488 8.2960000000312 8.32000000000698 8.26500000001397 8.28700000001118 8.33199999999488 8.10899999999674 8.14500000001863 7.65799999999581
infog 0 0 0 0 0 0 0 0 0 0
func 0 0 0 0 0 0 0 0 0 0
EFSIS 4.72299999999814 4.7960000000021 4.77199999999721 4.75999999998021 4.83599999998114 4.77900000000955 4.76699999999255 4.67600000000675 4.76800000001094 4.79299999997602
 0.123999999999796 0.15099999999984 0.139999999999418 0.122000000001208 0.139000000001033 0.134000000000015 0.131999999999607 0.138999999999214 0.121000000001004 0.152000000000044
 4.85099999996601 4.95100000000093 4.91599999996834 4.88500000000931 4.97999999998137 4.91599999996834 4.90299999999115 4.8190000000177 4.89299999998184 4.95000000001164
 0 0 0 0 0 0 0 0 0 0
 0 0 0 0 0 0 0 0 0 0
 8.6359999999986 9.00299999999697 9.39300000001094 8.94200000001001 9.61100000000442 8.93599999998696 9.0109999999986 8.71199999999953 8.7730000000156 8.92200000002049
 0.0569999999988795 0.0830000000005384 0.0889999999999418 0.0799999999999272 0.0349999999998545 0.0979999999999563 0.113999999999578 0.110000000000582 0.0910000000003492 0.0879999999997381
 6.63900000002468 7.16699999995762 7.58900000003632 7.08600000001024 7.65200000000186 7.07099999999627 7.1359999999986 6.93300000001909 6.95400000002701 7.06500000000233
 0 0 0 0 0 0 0 0 0 0
 0 0 0 0 0 0 0 0 0 0
 2.41499999997905 2.22399999998743 2.46199999999953 2.19200000001001 2.2039999999979 2.18900000001304 2.20699999999488 2.18799999999464 2.20599999997648 2.19099999999162
 0.066000000000713 0.0640000000003056 0.066000000000713 0.0679999999993015 0.00599999999940337 0.066000000000713 0.0640000000003056 0.066000000000713 0.0669999999990978 0.0689999999995052
 2.48200000001816 2.28900000004796 2.53099999995902 2.26299999997718 2.21199999999953 2.25599999999395 2.2729999999865 2.25499999994645 2.27600000001257 2.26299999997718
 0 0 0 0 0 0 0 0 0 0
 0 0 0 0 0 0 0 0 0 0
 25.3949999999895 25.1019999999844 26.1860000000161 25.4979999999923 26.2039999999979 25.4789999999921 25.6080000000075 24.9239999999991 25.127999999997 24.8099999999977
 0.27599999999984 0.323999999998705 0.32300000000032 0.298000000000684 0.204999999999927 0.326000000000931 0.335000000000946 0.341000000000349 0.310999999999694 0.333000000000538
 23.6300000000047 23.5210000000079 24.6290000000154 23.8760000000475 24.4280000000144 23.8549999999814 23.9670000000042 23.3880000000354 23.5439999999944 23.2139999999781
 0 0 0 0 0 0 0 0 0 0
 0 0 0 0 0 0 0 0 0 0
 1356.48800000001 1356.79800000001 1394.09599999999 1397.65700000001 1408.79199999999 1389.56200000001 1382.88699999999 1363.83600000001 1345.85699999999 1346.348
 15.1800000000003 16.0169999999998 16.505000000001 15.7219999999998 16.7469999999994 16.5370000000003 16.155999999999 17.6749999999993 16.3310000000001 16.0280000000002
 1277.97700000001 1279.71600000001 1318.10100000002 1318.69499999995 1330.38699999999 1312.163 1305.31 1291.43099999998 1268.82400000002 1265.91700000002
 0 0 0 0 0 0 0 0 0 0
 0 0 0 0 0 0 0 0 0 0
