V1 V2 V3 V4 V5 V6 V7 V8 V9 V10
sam 6.94900000000052 6.68000000000029 6.86000000000058 7.0059999999994 7.08499999999913 6.91900000000169 6.93000000000029 6.67100000000028 6.95100000000093 6.84599999999955
geode 0.0770000000000124 0.241 0 0.039999999999992 0 0 0.146999999999991 0.0829999999999984 0.00900000000001455 0.0790000000000077
ref 7.03099999999904 6.92599999999948 6.86499999999978 7.05099999999948 7.09100000000035 6.92499999999927 7.08200000000033 6.75900000000001 6.96500000000015 6.9320000000007
infog 0 0 0 0 0 0 0 0 0 0
func 0 0 0 0 0 0 0 0 0 0
EFSIS 4.35499999999956 4.27099999999882 4.72099999999955 4.40799999999945 4.82999999999993 4.86299999999937 4.8179999999993 4.66500000000087 4.27399999999943 4.27199999999903
 0.138999999999996 0.126000000000005 0.135000000000005 0.120000000000005 0.122000000000014 0.135000000000019 0.123999999999995 0.137 0.111999999999995 0.115999999999985
 4.49700000000121 4.40099999999984 4.86000000000058 4.53100000000086 4.95499999999993 5.00200000000041 4.94599999999991 4.80600000000049 4.38900000000103 4.39199999999983
 0 0 0 0 0 0 0 0 0 0
 0 0 0 0 0 0 0 0 0 0
 8.39100000000144 8.25700000000143 7.42799999999988 8.43600000000151 7.55999999999949 7.57500000000073 7.44800000000032 7.39099999999962 8.13999999999942 8.31700000000092
 0.0769999999999982 0.125999999999991 0.186999999999998 0.176999999999992 0.126999999999981 0.137 0.254999999999995 0.263999999999982 0.584000000000003 0.182000000000016
 6.74499999999898 6.70700000000033 5.98399999999856 7.0049999999992 6.00799999999981 6.07099999999991 6.05899999999929 5.96100000000115 6.57999999999993 6.81400000000031
 0 0 0 0 0 0 0 0 0 0
 0 0 0 0 0 0 0 0 0 0
 2.17199999999866 2.17999999999847 2.18400000000111 2.1919999999991 2.23300000000017 2.20099999999911 2.16500000000087 2.17000000000007 2.21800000000076 2.19599999999991
 0.0589999999999975 0.0630000000000024 0.0630000000000024 0.063999999999993 0.0620000000000118 0.0629999999999882 0.0620000000000118 0.0640000000000214 0.061000000000007 0.0600000000000023
 2.23199999999997 2.2450000000008 2.25 2.25799999999981 2.29700000000048 2.26599999999962 2.22900000000118 2.23499999999876 2.28099999999904 2.25799999999981
 0 0 0 0 0 0 0 0 0 0
 0 0 0 0 0 0 0 0 0 0
 23.0860000000011 22.5830000000005 22.398000000001 23.2849999999999 22.9269999999997 22.8010000000013 22.5789999999997 22.1620000000003 22.8090000000011 22.8719999999994
 0.353000000000009 0.555999999999997 0.385000000000005 0.401999999999987 0.311000000000007 0.336000000000013 0.588999999999999 0.587999999999994 0.771000000000015 0.438999999999993
 21.7260000000006 21.4760000000006 21.1639999999989 22.0910000000003 21.5700000000015 21.509 21.5370000000003 21.0680000000011 21.4470000000001 21.6399999999994
 0 0 0 0 0 0 0 0 0 0
 0 0 0 0 0 0 0 0 0 0
 75.4419999999991 74.527 73.762999999999 74.5849999999991 75.4759999999987 73.2209999999995 74.755000000001 72.902 74.3279999999995 74.1959999999999
 1.124 1.024 1.072 1.102 1.084 1.16300000000001 1.10599999999999 1.32400000000001 1.21199999999999 1.23200000000003
 73.9639999999999 72.9499999999989 72.2210000000014 73.0469999999987 73.8700000000008 71.7879999999986 73.2430000000004 71.5460000000003 72.8550000000014 72.7939999999999
 0 0 0 0 0 0 0 0 0 0
 0 0 0 0 0 0 0 0 0 0
