V1 V2 V3 V4 V5 V6 V7 V8 V9 V10
sam 5.86400000000003 5.30200000000013 5.47700000000009 5.30999999999995 5.92900000000009 5.62200000000007 5.05799999999999 5.11299999999983 5.31899999999996 5.30300000000011
geode 0.0139999999999958 0.0249999999999986 0.0799999999999983 0.0339999999999989 0.029999999999994 0.0800000000000054 0.0319999999999965 0.0449999999999875 0.0900000000000034 0.0330000000000013
ref 5.88200000000006 5.33000000000015 5.56200000000013 5.34900000000016 5.96399999999994 5.70600000000013 5.09299999999985 5.16199999999981 5.41400000000021 5.34099999999989
infog 0 0 0 0 0 0 0 0 0 0
func 0 0 0 0 0 0 0 0 0 0
EFSOS 4.84500000000003 5.02099999999996 4.96399999999994 4.78400000000011 4.98399999999992 4.74700000000007 4.8309999999999 4.85100000000011 4.84999999999991 4.88300000000004
EFSIS 0.116000000000007 0.135000000000005 0.121000000000002 0.128999999999998 0.140000000000001 0.129999999999995 0.120999999999995 0.13300000000001 0.137 0.126999999999995
 4.96499999999992 5.15999999999985 5.08799999999997 4.91799999999989 5.12699999999995 4.88099999999986 4.95699999999988 4.98800000000028 4.98999999999978 5.01299999999992
 0 0 0 0 0 0 0 0 0 0
 0 0 0 0 0 0 0 0 0 0
 7.82299999999998 6.86699999999996 7.88900000000012 8.09699999999998 7.49900000000002 7.81700000000001 7.15100000000007 6.64799999999991 7.94700000000012 7.63099999999986
 0.0929999999999964 0.0940000000000012 0.0869999999999962 0.0680000000000049 0.118000000000002 0.112000000000002 0.126000000000005 0.188999999999993 0.132999999999996 0.115000000000009
 7.923 6.96800000000007 7.98299999999995 8.17100000000005 7.62400000000025 7.93499999999995 7.2829999999999 6.8420000000001 8.08699999999999 7.75300000000016
 0 0 0 0 0 0 0 0 0 0
 0 0 0 0 0 0 0 0 0 0
 2.255 2.35500000000002 2.29399999999987 2.30599999999981 2.98300000000017 2.24900000000002 2.84500000000003 2.28400000000011 2.32199999999989 2.33699999999999
 0.0649999999999977 0.0649999999999977 0.0650000000000048 0.0599999999999952 0.0609999999999999 0.0609999999999999 0.070999999999998 0.0649999999999977 0.061000000000007 0.0619999999999976
 2.31999999999994 2.42200000000003 2.3610000000001 2.36799999999994 3.04599999999982 2.31400000000031 2.91800000000012 2.34999999999991 2.38400000000001 2.40099999999984
 0 0 0 0 0 0 0 0 0 0
 0 0 0 0 0 0 0 0 0 0
 21.995 20.7240000000002 21.866 21.6289999999999 22.5160000000001 21.566 21.0150000000001 20.0519999999999 21.6759999999999 21.354
 0.289999999999999 0.319000000000003 0.356000000000002 0.292999999999999 0.348999999999997 0.385000000000005 0.352000000000004 0.431999999999988 0.422000000000011 0.340000000000003
 22.3040000000001 21.0600000000002 22.239 21.9390000000001 22.8829999999998 21.9690000000001 21.3850000000002 20.5010000000002 22.1150000000002 21.7109999999998
 0 0 0 0 0 0 0 0 0 0
 0 0 0 0 0 0 0 0 0 0
 70.264 70.1199999999999 71.3470000000002 72.675 71.7470000000001 73.6880000000001 69.8489999999999 73.175 70.259 69.2950000000001
 6.457 3 3.631 6.219 3.498 3.366 3.461 3.131 3.36999999999999 3.39100000000001
 148.31 112.187 113.362 156.672 111.99 115.149 110.749 113.942 111.215 113.489
 3008.521 1669.497 1684.137 3325.748 1619.108 1655.063 1671.503 1608.469 1621.862 1689.667
 164.487 91.4410000000003 131.923 198.887 84.6039999999998 97.3310000000001 94.9519999999998 87.6570000000002 85.4780000000001 97.0169999999998
