V1 V2 V3 V4 V5 V6 V7 V8 V9 V10
sam 5.27300000000105 5.56900000000314 6.90600000000268 5.22800000000279 5.26799999999639 5.4539999999979 5.48799999999756 5.3859999999986 8.4320000000007 5.29400000000896
geode 0.0410000000010768 0.0420000000012806 0.0499999999992724 0.0370000000002619 0.0370000000002619 0.0380000000004657 0.0370000000002619 0.0370000000002619 0.0669999999990978 0.032999999999447
ref 5.31700000001001 5.61500000000524 6.96099999999569 5.26900000000023 5.30899999999383 5.49599999999919 5.52899999999499 5.42799999999988 8.50599999999395 5.33100000000559
infog 0 0 0 0 0 0 0 0 0 0
func 0 0 0 0 0 0 0 0 0 0
EFSOS 7.15099999999802 5.29899999999907 5.14800000000105 4.79799999999523 4.86100000000442 5.01499999999942 5.06399999999849 5.38800000000629 5.61199999999371 5.09900000000198
EFSIS 0.194999999999709 0.158999999999651 0.15900000000147 0.147000000000844 0.146999999999025 0.152000000000044 0.139999999999418 0.203999999999724 0.185999999999694 0.149999999999636
 7.35299999998824 5.46300000000338 5.31200000000536 4.94999999999709 5.01300000000629 5.1710000000021 5.20799999999872 5.5969999999943 5.80100000000675 5.25400000000081
 0 0 0 0 0 0 0 0 0 0
 0 0 0 0 0 0 0 0 0 0
 10.6970000000001 9.9539999999979 11.5749999999971 9.28900000000431 9.46600000000035 9.36099999998987 9.35700000000361 9.43600000000151 12.823000000004 10.1879999999946
 0.1299999999992 0.136999999998807 0.20299999999952 0.108000000000175 0.163000000000466 0.175999999999476 0.14600000000064 0.190000000000509 0.190000000000509 0.143000000000029
 8.95500000000175 8.27799999999115 9.70100000000093 7.4320000000007 7.51299999999173 7.75 7.78500000000349 6.60800000000745 11.0329999999958 8.04799999999523
 0 0 0 0 0 0 0 0 0 0
 0 0 0 0 0 0 0 0 0 0
 2.20900000000256 2.2329999999929 2.43899999999849 2.39599999999336 2.48099999999977 2.1359999999986 2.14299999999639 2.33099999999104 2.38700000000244 2.41900000000896
 0.0760000000009313 0.077000000001135 0.130999999999403 0.0759999999991123 0.0779999999995198 0.0720000000001164 0.0749999999989086 0.0889999999999418 0.0750000000007276 0.0740000000005239
 2.28700000001118 2.31200000000536 2.57300000000396 2.47400000000198 2.5630000000092 2.20999999999185 2.21899999999732 2.42200000000594 2.46300000000338 2.49400000000605
 0 0 0 0 0 0 0 0 0 0
 0 0 0 0 0 0 0 0 0 0
 26.5489999999991 24.9159999999974 27.9679999999935 22.9510000000009 23.304999999993 23.1639999999898 23.3089999999938 23.8600000000006 30.5299999999988 24.2700000000041
 0.452000000001135 0.430000000000291 0.558000000000902 0.379000000000815 0.433999999999287 0.44800000000032 0.406999999999243 0.529000000000451 0.528000000000247 0.408999999999651
 25.1420000000071 23.5460000000021 26.4649999999965 21.3760000000038 21.6359999999986 21.8359999999957 22.0089999999909 21.3840000000055 29.0889999999927 22.4079999999958
 0 0 0 0 0 0 0 0 0 0
 0 0 0 0 0 0 0 0 0 0
 1302.07399999999 1317.99399999999 1306.583 1124.73299999999 1136.97100000001 1130.60000000001 1139.31600000001 1264.933 1275.02800000001 1257.398
 22.7549999999992 22.4560000000001 22.1649999999991 18.1020000000008 18.6140000000014 18.6010000000006 18.6710000000003 21.6759999999995 20.771999999999 19.8330000000005
 1216.933 1228.50999999999 1218.96000000001 1043.727 1053.89099999999 1061.148 1063.13500000001 1176.595 1179.736 1166.137
 0 0 0 0 0 0 0 0 0 0
 0 0 0 0 0 0 0 0 0 0
