V1 V2 V3 V4 V5 V6 V7 V8 V9 V10
sam 4.51000000000022 4.69999999999891 4.35100000000057 4.36000000000058 4.92400000000089 4.85399999999936 4.8169999999991 4.80000000000109 5.03800000000047 4.5470000000023
geode 0.713999999999942 0.670000000000073 0.562000000001717 0.513999999999214 0.531999999999243 0.480000000001382 0.438000000000102 0.404000000000451 0.393000000000029 0.329999999999927
ref 5.22899999999936 5.3739999999998 4.91700000000128 4.87800000000061 5.46099999999933 5.34000000000015 5.26000000000204 5.20899999999892 5.43500000000131 4.88000000000102
infog 0 0 0 0 0 0 0 0 0 0
func 0 0 0 0 0 0 0 0 0 0
EFSOS 4.23799999999937 4.29400000000169 4.1979999999985 4.22199999999975 4.3809999999994 4.53700000000026 4.48999999999978 4.40799999999945 4.58200000000033 4.41400000000067
EFSIS 0.810999999999694 0.717000000000553 0.652000000000044 0.613000000001193 0.595999999999549 0.563999999998487 0.522999999999229 0.46900000000096 0.46900000000096 0.43199999999888
 5.05400000000009 5.01499999999942 4.85399999999936 4.83899999999994 4.97999999999956 5.10599999999977 5.01699999999983 4.88100000000122 5.05500000000029 4.84999999999854
 0 0 0 0 0 0 0 0 0 0
 0 0 0 0 0 0 0 0 0 0
 7.64300000000003 7.91899999999987 6.78400000000147 7.32999999999993 8.7510000000002 8.44399999999951 8.42300000000068 8.53499999999985 9.39600000000064 7.49099999999817
 1.23099999999977 1.13899999999921 0.884999999998399 0.877999999998792 0.962000000001353 0.868000000000393 0.81800000000112 0.793999999999869 0.755999999999403 0.557000000000698
 7.39100000000326 7.39099999999962 6.0779999999977 6.38600000000224 7.63699999999881 7.56899999999951 7.46799999999712 7.5109999999986 8.30600000000049 6.12700000000405
 0 0 0 0 0 0 0 0 0 0
 0 0 0 0 0 0 0 0 0 0
 1.99699999999939 2.1989999999987 1.92399999999907 1.93299999999908 2.20900000000074 1.97800000000097 2.04299999999967 1.98600000000079 2.04099999999926 1.99799999999959
 0.376000000000204 0.365999999999985 0.304000000000087 0.282000000001062 0.290999999999258 0.248000000001412 0.243000000000393 0.218999999999141 0.212999999999738 0.200000000000728
 2.3739999999998 2.56600000000253 2.229000000003 2.21600000000035 2.50200000000041 2.22799999999916 2.28700000000026 2.20699999999852 2.25600000000122 2.19999999999709
 0 0 0 0 0 0 0 0 0 0
 0 0 0 0 0 0 0 0 0 0
 19.3459999999995 20.1370000000006 18.232 18.7860000000001 21.3389999999999 20.9060000000009 20.9030000000002 20.8320000000003 22.2010000000009 19.4750000000022
 3.28299999999945 3.03800000000047 2.53000000000065 2.39700000000084 2.49599999999919 2.26900000000023 2.1260000000002 1.97900000000118 1.92100000000028 1.59399999999914
 21.1579999999994 21.5190000000002 19.1810000000005 19.3710000000028 21.770999999997 21.4449999999997 21.2669999999998 21.0040000000008 22.2870000000003 19.1580000000031
 0 0 0 0 0 0 0 0 0 0
 0 0 0 0 0 0 0 0 0 0
 940.273999999999 932.184999999999 941.293 938.971 1003.686 1001.638 1004.307 1015.095 947.967000000001 964.830999999998
 149.845000000001 135.108 124.791999999999 114.766 112.662 104.573 97.0669999999991 91.9789999999994 81.2950000000001 78.259
 1017.9 1072.3 1359.01 962.535 1017.867 1447.821 1012.134 1018.372 939.764999999999 948.197999999997
 0 0 0 0 0 0 0 0 0 0
 0 0 0 0 0 0 0 0 0 0
