V1 V2 V3 V4 V5 V6 V7 V8 V9 V10
sam 5.875 5.77400000000489 5.31100000001607 6.01900000000023 5.54099999999744 5.49900000001071 5.58100000000559 5.48999999999069 5.91500000000815 5.47400000001653
geode 0.0639999999984866 0.0620000000053551 0.0570000000006985 0.0650000000023283 0.0579999999972642 0.0579999999972642 0.0579999999972642 0.0559999999968568 0.0610000000015134 0.055000000000291
ref 5.94200000003912 5.84000000002561 5.37099999998463 6.08900000003632 5.60300000000279 5.56099999998696 5.64399999997113 5.55100000003586 5.97999999998137 5.5339999999851
infog 0 0 0 0 0 0 0 0 0 0
func 0 0 0 0 0 0 0 0 0 0
EFSIS 5.23099999999977 4.95999999999185 4.91699999998673 5.08799999998882 4.50500000000466 4.87299999999232 5.1820000000007 4.91100000002189 5.0339999999851 5.00999999998021
 0.207999999998719 0.197999999996682 0.177999999999884 0.167999999997846 0.176000000006752 0.175999999999476 0.190000000002328 0.186000000001513 0.171000000002095 0.214999999996508
 5.4429999999702 5.16300000000047 5.09899999998743 5.26000000000931 4.68499999999767 5.05300000001444 5.37599999998929 5.10300000000279 5.21100000001024 5.22899999999208
 0 0 0 0 0 0 0 0 0 0
 0 0 0 0 0 0 0 0 0 0
 9.01300000000629 8.76399999999558 8.64500000001863 8.97200000000885 9.39999999999418 9.50599999999395 9.8979999999865 8.71299999998882 8.80499999999302 8.52400000000489
 0.169000000001688 0.153999999994994 0.166000000004715 0.144000000000233 0.100999999995111 0.10399999999936 0.131999999997788 0.167000000001281 0.148999999997613 0.152999999998428
 7.54999999998836 7.49099999997998 7.34999999997672 7.63699999998789 7.92000000004191 8.15200000000186 8.58299999998417 7.39999999996508 7.48700000002282 7.17599999997765
 0 0 0 0 0 0 0 0 0 0
 0 0 0 0 0 0 0 0 0 0
 2.33999999999651 2.18100000001141 2.16499999997905 2.18599999998696 2.13800000000629 2.23300000000745 2.2960000000021 2.28700000001118 2.17300000000978 2.25800000000163
 0.100999999995111 0.0860000000029686 0.0829999999987194 0.0829999999987194 0.080999999998312 0.0849999999991269 0.088000000003376 0.0859999999956926 0.0800000000017462 0.0950000000011642
 2.44199999998091 2.26799999998184 2.2510000000475 2.27199999999721 2.22299999999814 2.3190000000177 2.3870000000461 2.375 2.25499999994645 2.35500000003958
 0 0 0 0 0 0 0 0 0 0
 0 0 0 0 0 0 0 0 0 0
 23.6540000000095 22.9090000000142 22.247000000003 23.5119999999879 22.8429999999935 23.301999999996 24.1609999999928 22.6369999999879 23.1350000000093 22.4630000000179
 0.557000000000698 0.515000000006694 0.497999999999593 0.474999999998545 0.430999999996857 0.435999999994237 0.481999999996333 0.50800000000163 0.474000000001979 0.532999999995809
 22.588000000047 22.0079999999725 21.2960000000312 22.5200000000186 21.7030000000377 22.2900000000373 23.2069999999949 21.679999999993 22.1549999999697 21.5059999999939
 0 0 0 0 0 0 0 0 0 0
 0 0 0 0 0 0 0 0 0 0
 1111.36000000002 1105.383 1110.416 1125.04699999999 1108.424 1117.103 1121.34100000001 1093.073 1089.28400000001 1107.66199999998
 24.8089999999938 23.4539999999979 23.2410000000018 22.9790000000066 22.8250000000044 22.1440000000002 23.7190000000046 23.6359999999986 23.2520000000004 23.9049999999988
 1063.45899999997 1056.147 1061.77899999998 1075.56 1056.44999999995 1067.76599999995 1072.25999999995 1046.99300000002 1040.05900000001 1059.22499999998
 0 0 0 0 0 0 0 0 0 0
 0 0 0 0 0 0 0 0 0 0
