V1 V2 V3 V4 V5 V6 V7 V8 V9 V10
sam 7.23399999999674 7.3009999999922 8.51499999999942 9.22999999999593 9.93499999999767 8.03600000000733 7.93199999998615 8.49400000000605 8.49899999999616 8.09399999999732
geode 0.00200000000018008 0.00200000000018008 0.00500000000010914 0.000999999999976353 0.0080000000000382 0.00199999999995271 0.00199999999995271 0.00299999999992906 0.00199999999995271 0.00300000000015643
ref 7.23199999995995 7.30099999997765 8.51700000005076 9.22899999999208 9.93800000002375 8.03600000002189 7.9320000000298 8.49200000002747 8.49699999997392 8.09299999999348
infog 0 0 0 0 0 0 0 0 0 0
func 0 0 0 0 0 0 0 0 0 0
EFSIS 4.90600000000268 4.91800000000512 5.05200000001059 5.1880000000092 5.6880000000092 4.83499999999185 4.79900000001362 4.70100000000093 4.8920000000071 4.87699999999313
 0.156999999999925 0.145999999999958 0.15300000000002 0.129000000000133 0.117999999999938 0.132000000000062 0.132000000000062 0.125999999999976 0.125999999999976 0.131999999999834
 5.06099999998696 5.06400000001304 5.20099999994272 5.31400000001304 5.80400000000373 4.9649999999674 4.9309999999823 4.82599999994272 5.01699999999255 5.01000000000931
 0 0 0 0 0 0 0 0 0 0
 0 0 0 0 0 0 0 0 0 0
 8.10300000000279 8.0399999999936 9.30199999999604 9.31999999999243 10.2690000000002 8.94100000000617 8.68299999998999 8.89400000000023 9.17900000000373 8.67799999999988
 0.0389999999999873 0.0419999999999163 0.0329999999999018 0.0529999999998836 0.0470000000000255 0.0270000000000437 0.0380000000000109 0.0489999999999782 0.413000000000011 0.02800000000002
 6.52700000000186 6.47499999997672 7.76900000002934 7.76399999996647 8.72299999999814 7.32199999998556 7.16100000002189 7.22400000004563 7.70600000000559 7.24499999999534
 0 0 0 0 0 0 0 0 0 0
 0 0 0 0 0 0 0 0 0 0
 2.38499999999476 2.35400000000664 2.40200000000186 2.72900000000664 2.6710000000021 2.30899999999383 2.32300000000396 2.34500000000116 2.60999999998603 2.31399999999849
 0.0769999999999982 0.0760000000000218 0.0769999999999982 0.0700000000001637 0.0599999999999454 0.0649999999998272 0.0620000000001255 0.0640000000000782 0.0609999999999218 0.0620000000001255
 2.46199999999953 2.42999999999302 2.47899999999208 2.79800000000978 2.73099999997066 2.37299999996321 2.38499999995111 2.40700000000652 2.6710000000312 2.37699999997858
 0 0 0 0 0 0 0 0 0 0
 0 0 0 0 0 0 0 0 0 0
 23.8800000000047 23.851999999999 26.6080000000075 27.8319999999949 29.9689999999973 25.3600000000006 24.9469999999856 25.6680000000051 26.4879999999976 25.2189999999973
 0.276000000000067 0.268000000000029 0.271999999999935 0.254000000000133 0.233999999999924 0.226999999999862 0.234000000000151 0.242999999999938 0.601999999999862 0.226000000000113
 22.5339999999851 22.5089999999618 25.3050000000512 26.4699999999721 28.6010000000242 23.9370000000345 23.6190000000061 24.1830000000191 25.1990000000224 23.9839999999967
 0 0 0 0 0 0 0 0 0 0
 0 0 0 0 0 0 0 0 0 0
 705.218999999997 718.581999999995 737.236000000004 727.627999999997 712.675999999992 696.619000000006 713.434000000008 717.633000000002 720.822 723.380999999994
 11.8 10.95 12.365 10.442 10.1100000000001 10.633 11.4059999999999 11.0540000000001 10.2470000000001 10.4590000000001
 695.906000000017 710.084000000032 728.110999999975 716.901000000013 701.036000000022 686.013999999966 703.793000000005 707.125999999989 710.853000000003 715.260999999999
 0 0 0 0 0 0 0 0 0 0
 0 0 0 0 0 0 0 0 0 0
