V1 V2 V3 V4 V5 V6 V7 V8 V9 V10
sam 5.49499999999989 5.35099999999966 5.23799999999937 5.45899999999892 5.56899999999951 5.27700000000004 5.31899999999951 5.20199999999932 5.75699999999961 5.90200000000004
geode 0.00599999999997181 0.0230000000000246 0.021000000000015 0.00600000000002865 0.0199999999999818 0.01400000000001 0.0289999999999964 0.0029999999999859 0.0349999999999682 0
ref 5.5049999999992 5.37800000000061 5.26300000000083 5.47099999999955 5.59400000000096 5.29600000000028 5.35100000000057 5.20900000000074 5.79700000000048 5.90699999999924
infog 0 0 0 0 0 0 0 0 0 0
func 0 0 0 0 0 0 0 0 0 0
EFSOS 4.97000000000025 4.78700000000026 4.91600000000108 5.00200000000041 5.07799999999952 4.73599999999897 4.8690000000006 4.66699999999946 5.40900000000147 4.95899999999892
EFSIS 0.131000000000029 0.133999999999958 0.12299999999999 0.12299999999999 0.132000000000005 0.126000000000033 0.116999999999962 0.120999999999981 0.120999999999981 0.132000000000005
 5.10500000000138 4.92599999999948 5.04399999999987 5.12900000000081 5.21399999999994 4.86599999999999 4.98999999999978 4.79199999999946 5.53499999999985 5.09499999999935
 0 0 0 0 0 0 0 0 0 0
 0 0 0 0 0 0 0 0 0 0
 7.89199999999983 7.86800000000039 6.99399999999878 9.25200000000041 7.83100000000013 7.37700000000041 7.49599999999919 7.3700000000008 7.73199999999997 8.05500000000029
 0.120000000000005 0.0500000000000114 0.115999999999985 0.0590000000000259 0.141999999999996 0.127999999999986 0.0690000000000168 0.0810000000000173 0.0690000000000168 0.107000000000028
 8.01999999999862 7.92300000000068 7.11499999999978 9.3179999999993 7.97899999999936 7.51199999999881 7.57099999999991 7.45800000000054 7.80699999999888 8.17000000000007
 0 0 0 0 0 0 0 0 0 0
 0 0 0 0 0 0 0 0 0 0
 2.28300000000036 2.28399999999965 2.3030000000017 2.30299999999988 2.34799999999996 2.25900000000001 2.25300000000061 2.28700000000026 2.64399999999841 2.24499999999898
 0.0600000000000023 0.0629999999999882 0.0629999999999882 0.0609999999999786 0.0609999999999786 0.0609999999999786 0.0609999999999786 0.0609999999999786 0.0620000000000118 0.0620000000000118
 2.34300000000076 2.35000000000036 2.36800000000039 2.36599999999999 2.41100000000006 2.31999999999971 2.31800000000112 2.34799999999996 2.70900000000074 2.3080000000009
 0 0 0 0 0 0 0 0 0 0
 0 0 0 0 0 0 0 0 0 0
 21.8630000000003 21.4499999999998 20.6059999999998 23.2019999999993 22.0069999999996 20.8130000000001 21.1029999999992 20.6759999999995 22.6939999999995 22.3579999999984
 0.319999999999993 0.271000000000015 0.324000000000012 0.249000000000024 0.354999999999961 0.33200000000005 0.277999999999963 0.265999999999963 0.288999999999987 0.30400000000003
 22.2019999999993 21.7380000000012 20.9470000000001 23.4699999999993 22.3810000000012 21.1620000000003 21.3970000000008 20.9580000000005 23.0030000000006 22.6799999999985
 0 0 0 0 0 0 0 0 0 0
 0 0 0 0 0 0 0 0 0 0
 94.7640000000001 94.6889999999994 97.1409999999996 99.6589999999997 93.9570000000003 95.1949999999997 97.9510000000009 96.6370000000006 100.972000000002 94.9520000000011
 3.24599999999998 6.483 3.82899999999995 3.69400000000002 3.452 3.392 3.44300000000004 3.47200000000004 3.31799999999998 3.46499999999997
 138.104000000001 182.811 141.146000000001 141.261 136.702000000001 135.438 140.225 137.235000000001 143.201999999999 136.797
 1720.90599999999 3399.53100000002 1720.109 1652.53399999999 1731.44500000001 1605.723 1697.95199999999 1608.76700000002 1684.67499999999 1648.20199999999
 101.755999999999 208.42 94.8369999999995 101.008000000002 103.008 86.8639999999996 99.2379999999994 86.1080000000002 108 92.4770000000008
