V1 V2 V3 V4 V5 V6 V7 V8 V9 V10
sam 5.07600000000093 5.41599999999744 5.56899999998859 5.65200000000186 5.63900000002468 5.60599999999977 5.07500000001164 5.14100000000326 5.11900000000605 5.52499999999418
geode 0.112999999997555 0.121000000006461 0.120000000002619 0.119999999995343 0.117999999994936 0.130999999993946 0.104000000006636 0.10399999999936 0.101999999998952 0.110000000000582
ref 5.1929999999993 5.54199999998673 5.6929999999993 5.77700000000186 5.762000000017 5.74199999999837 5.18100000001141 5.25099999998929 5.2269999999844 5.64000000001397
infog 0 0 0 0 0 0 0 0 0 0
func 0 0 0 0 0 0 0 0 0 0
EFSIS 4.19700000000012 4.75800000000163 5.01700000002165 5.00199999997858 4.98999999999069 4.80799999998999 4.71199999999953 4.65400000000955 4.65299999999115 4.84700000000885
 0.19999999999709 0.231999999996333 0.231999999996333 0.23700000000099 0.238000000004831 0.220000000001164 0.210999999995693 0.209000000002561 0.209000000002561 0.217000000004191
 4.39999999999418 4.99400000000605 5.25400000001537 5.24400000000605 5.23299999997835 5.03200000000652 4.92799999998533 4.86699999999837 4.86500000001979 5.0679999999993
 0 0 0 0 0 0 0 0 0 0
 0 0 0 0 0 0 0 0 0 0
 8.41099999999278 8.96799999999348 8.69599999999627 9.23500000001513 9.32600000000093 8.16800000000512 8.75899999999092 8.46799999999348 8.81100000001607 8.8640000000014
 0.197000000000116 0.197000000000116 0.273000000001048 0.2870000000039 0.278999999994994 0.254000000000815 0.201000000000931 0.19199999999546 0.177999999999884 0.182999999997264
 7.12399999998161 7.67900000000373 7.55400000000373 8.07099999999627 8.11000000001513 6.9550000000163 7.48699999999371 7.19599999999627 7.53500000000349 7.62799999999697
 0 0 0 0 0 0 0 0 0 0
 0 0 0 0 0 0 0 0 0 0
 2.11000000000058 2.1820000000007 2.20599999997648 2.26000000000931 2.26900000000023 2.10800000000745 2.15400000000955 2.125 2.1140000000014 2.1820000000007
 0.108000000000175 0.10899999999674 0.109000000004016 0.105000000003201 0.110000000000582 0.103000000002794 0.10399999999936 0.0990000000019791 0.100999999995111 0.101999999998952
 2.22100000001956 2.29300000000512 2.31899999998859 2.36800000001676 2.38099999999395 2.21199999999953 2.262000000017 2.22500000000582 2.21700000000419 2.28599999999278
 0 0 0 0 0 0 0 0 0 0
 0 0 0 0 0 0 0 0 0 0
 20.9439999999886 22.4679999999935 22.7010000000009 23.4029999999912 23.3920000000217 21.8319999999949 21.8250000000116 21.5580000000191 21.8120000000054 22.6140000000014
 0.645000000004075 0.685000000004948 0.760999999998603 0.778000000005704 0.769000000000233 0.731999999996333 0.643000000003667 0.631000000001222 0.614000000001397 0.637000000002445
 20.1149999999907 21.6779999999853 22.0610000000161 22.7410000000091 22.6790000000037 21.1110000000044 21.0059999999939 20.7380000000121 20.984999999986 21.8450000000012
 0 0 0 0 0 0 0 0 0 0
 0 0 0 0 0 0 0 0 0 0
 1073.74800000001 1074.394 1080.16399999999 1059.807 1059.09399999998 1038.41699999999 1071.54000000001 1052.58599999998 1078.52799999999 1083.55100000001
 33.2690000000002 34.8189999999959 34.6920000000027 34.4929999999949 33.7489999999962 31.7720000000045 31.5500000000029 31.1619999999966 31.4700000000012 31.3479999999981
 1035.14600000001 1035.962 1042.81899999999 1021.26300000001 1018.83799999999 998.449999999983 1031.962 1013.28699999998 1038.48500000002 1042.98000000001
 0 0 0 0 0 0 0 0 0 0
 0 0 0 0 0 0 0 0 0 0
