V1 V2 V3 V4 V5 V6 V7 V8 V9 V10
sam 5.95100000000093 5.51499999999942 6.38499999999476 7.76599999998871 6.13799999999173 6.1929999999993 5.21799999999348 8.26200000000244 7.5 8.23399999999674
geode 0.0169999999998254 0.0190000000002328 0.0290000000004511 0.047999999998865 0.0420000000012806 0.0429999999996653 0.0360000000000582 0.055000000000291 0.0489999999990687 0.0529999999998836
ref 5.97299999999814 5.53900000000431 6.41999999999825 7.82099999999627 6.18500000001222 6.30699999998615 5.25800000000163 8.33000000000175 7.55500000000757 8.29599999998754
infog 0 0 0 0 0 0 0 0 0 0
func 0 0 0 0 0 0 0 0 0 0
EFSIS 0.801000000006752 5.22000000000116 0.942000000010012 3.10500000001048 0.414000000004307 4.73099999999977 4.83400000000256 6.30499999999302 6.23200000000361 7.15399999999499
 115.357 0.170000000000073 55.648000000001 22.4710000000014 101.511999999999 0.149000000001251 0.143000000000029 0.175999999999476 0.171000000000276 0.174999999999272
 189.290999999997 5.39400000000023 66.1670000000013 42.8499999999913 119.381999999998 4.88400000000547 4.98199999998906 6.48599999998987 6.40799999999581 7.33600000001024
 0 0 0 0 0 0 0 0 0 0
 0 0 0 0 0 0 0 0 0 0
 0 9.5060000000085 0 0 0 9.98700000000827 10.054999999993 9.40499999999884 9.86199999999371 10.7839999999997
 0 0.0429999999996653 0 10.0989999999983 0 0.0749999999989086 0.0709999999999127 0.0820000000003347 0.0750000000007276 0.0760000000009313
 9.27999999999884 7.95299999999406 7.71199999999953 8.09800000001269 8.37900000000081 8.53200000000652 8.58900000000722 7.99199999999837 8.4210000000021 9.39199999999255
 0 0 0 0 0 0 0 0 0 0
 0 0 0 0 0 0 0 0 0 0
 0 2.44099999999162 0 0 0 2.15699999999197 3.39300000001094 2.63400000000547 2.7560000000085 3.09000000001106
 0 0.0860000000011496 0 0 36.5789999999997 0.0750000000007276 0.0889999999999418 0.0760000000009313 0.0949999999993452 0.0859999999993306
 2.6310000000085 2.52900000000955 3.02300000000105 7.77199999999721 42.1340000000055 2.2329999999929 3.48500000000058 2.71300000000338 2.85400000000664 3.17799999999988
 0 0 0 0 0 0 0 0 0 0
 0 0 0 0 0 0 0 0 0 0
 6.75200000000768 23.9260000000068 7.32700000000477 10.8709999999992 6.55199999999604 24.2850000000035 25.3999999999942 27.8139999999985 28.1579999999958 30.7669999999925
 115.374 0.32300000000032 55.6770000000015 37.5349999999999 138.133 0.351000000000568 0.35399999999936 0.398000000001048 0.402999999998428 0.40099999999984
 208.592999999993 22.6650000000081 84.4779999999882 67.8719999999885 177.468000000008 23.1839999999938 24.2289999999921 26.7390000000014 27.0630000000092 29.7200000000012
 0 0 0 0 0 0 0 0 0 0
 0 0 0 0 0 0 0 0 0 0
 868.614999999991 512.770999999993 527.693999999989 895.731 1108.58199999999 1256.57399999999 1248.952 1252.592 1269.58900000001 1238.967
 798.403000000001 1798.939 1907.286 699.464 272.979000000001 19.4799999999996 19.8970000000008 19.1579999999994 18.2020000000011 35.25
 1941.322 3119.496 3216.68800000001 1861.012 1459.70999999999 1200.853 1195.208 1195.719 1212.226 1211.356
 0 0 0 0 0 0 0 0 0 0
 0 0 0 0 0 0 0 0 0 0
