V1 V2 V3 V4 V5 V6 V7 V8 V9 V10
sam 5.02000000000407 5.5399999999936 4.99300000000221 4.92199999999139 5.39299999999639 5.35800000000745 5.46899999999732 8.6880000000092 5.19000000000233 9.53900000000431
geode 0.159999999996217 0.173999999999069 0.15400000000227 0.150000000001455 0.16299999999319 0.158999999999651 0.160000000003492 0.247000000003027 0.147000000004482 0.265999999995984
ref 5.18300000001909 5.71799999999348 5.14999999999418 5.07699999999022 5.55999999999767 5.52000000001863 5.63500000000931 10.1380000000063 5.34000000002561 12.5270000000019
infog 0 0 0 0 0 0 0 0 0 0
func 0 0 0 0 0 0 0 0 0 0
EFSIS 4.65799999999581 4.80800000000454 4.72599999999511 4.0740000000078 4.81200000000536 4.87299999999232 4.27900000000955 8.5789999999979 4.84599999999045 7.64400000000023
 0.27100000000064 0.269999999996799 0.265999999995984 0.243999999998778 0.261000000005879 0.253000000004249 0.237999999997555 0.402999999998428 0.256000000001222 0.347000000001572
 4.93299999998999 5.08200000002398 4.99600000001374 4.32000000000698 5.07700000001932 5.13000000000466 4.51900000000023 10.0329999999958 5.10599999999977 9.125
 0 0 0 0 0 0 0 0 0 0
 0 0 0 0 0 0 0 0 0 0
 7.96300000000338 8.18499999999767 8.43600000000151 9.25899999999092 8.88899999999558 8.44100000000617 8.85999999998603 17.6579999999958 8.5170000000071 16.5399999999936
 0.268000000003667 0.266999999999825 0.277999999998428 0.286999999996624 0.280999999995402 0.269999999996799 0.275999999998021 0.52100000000064 0.245999999999185 0.456999999994878
 6.7839999999851 7.02899999998044 7.30400000000373 8.09200000000419 7.65299999999115 7.26300000000629 7.68100000001141 18.4120000000112 7.38499999998021 17.801999999996
 0 0 0 0 0 0 0 0 0 0
 0 0 0 0 0 0 0 0 0 0
 2.13399999999092 2.13500000000931 2.0740000000078 2.10300000000279 2.21300000000338 2.09100000000035 2.10100000000966 3.67399999999907 2.88499999999476 3.58800000000338
 0.123999999996158 0.136000000005879 0.122000000003027 0.122999999999593 0.122999999999593 0.120000000002619 0.120000000002619 0.192000000002736 0.141999999999825 0.156999999999243
 2.26000000000931 2.27199999999721 2.19800000000396 2.22800000000279 2.33900000000722 2.21400000000722 2.22199999997974 4.4429999999993 3.02900000000955 3.88800000000629
 0 0 0 0 0 0 0 0 0 0
 0 0 0 0 0 0 0 0 0 0
 21.3879999999917 21.7970000000059 21.3359999999957 21.4799999999959 22.4670000000042 21.9049999999988 21.8410000000003 40.5330000000104 22.6030000000028 39.3340000000026
 0.877999999996973 0.883999999998196 0.854999999995925 0.839999999996508 0.861999999993714 0.836999999999534 0.828000000001339 1.41800000000512 0.825000000004366 1.28600000000006
 20.8289999999979 21.2680000000109 20.7920000000158 20.875 21.8239999999932 21.3050000000221 21.2240000000165 45.2000000000116 22.0599999999977 45.7889999999898
 0 0 0 0 0 0 0 0 0 0
 0 0 0 0 0 0 0 0 0 0
 1016.216 1023.519 1019.929 1049.139 1139.372 1175.064 1155.311 1132.76599999999 1167.77499999999 1174.254
 41.7739999999976 41.2190000000046 40.8300000000017 41.4200000000055 43.6450000000041 44.9170000000013 43.1560000000027 41.8839999999982 42.3309999999983 42.6599999999962
 987.531000000017 994.635999999999 990.417999999976 1021.64499999999 1111.67700000003 1145.37 1136.66899999999 1121.13999999998 1149.15800000002 1150.53
 0 0 0 0 0 0 0 0 0 0
 0 0 0 0 0 0 0 0 0 0
