V1 V2 V3 V4 V5 V6 V7 V8 V9 V10
sam 5.10000000000002 5.35699999999997 5.09799999999996 5.35599999999999 5.35599999999999 5.12899999999991 5.32899999999995 5.048 5.05899999999997 5.346
geode 0.0179999999999936 0.0100000000000051 0.0640000000000001 0.0129999999999981 0.0159999999999982 0.054000000000002 0.019999999999996 0.0229999999999961 0.0249999999999915 0.0120000000000005
ref 5.12400000000002 5.37200000000007 5.16700000000014 5.37300000000005 5.375 5.18700000000035 5.35399999999981 5.07500000000027 5.08800000000019 5.36200000000008
infog 0 0 0 0 0 0 0 0 0 0
func 0 0 0 0 0 0 0 0 0 0
EFSOS 4.90499999999997 4.88600000000008 4.93700000000013 4.846 4.95800000000008 4.94700000000012 4.86999999999989 4.84100000000012 4.93899999999985 4.87799999999993
EFSIS 0.161000000000001 0.122 0.158999999999999 0.125 0.124000000000002 0.161000000000001 0.119 0.152000000000001 0.154000000000011 0.116
 5.06999999999994 5.01299999999992 5.09999999999991 4.97600000000011 5.08600000000001 5.11299999999983 4.99300000000039 4.99699999999984 5.09700000000021 4.9989999999998
 0 0 0 0 0 0 0 0 0 0
 0 0 0 0 0 0 0 0 0 0
 7.32500000000005 7.62799999999993 6.80899999999997 7.78699999999981 8.38599999999997 6.81400000000008 7.63700000000017 7.16899999999987 6.72199999999998 7.6260000000002
 0.0900000000000034 0.128 0.0659999999999954 0.100999999999999 0.0549999999999997 0.132000000000005 0.0739999999999981 0.097999999999999 0.161999999999992 0.149000000000001
 7.41999999999985 7.76199999999994 6.88100000000009 7.89400000000001 8.44900000000007 6.95100000000002 7.71699999999964 7.27199999999993 6.88899999999967 7.78099999999995
 0 0 0 0 0 0 0 0 0 0
 0 0 0 0 0 0 0 0 0 0
 2.25099999999998 2.30999999999995 2.24900000000002 2.28400000000011 2.30799999999999 2.3159999999998 2.2639999999999 2.28100000000018 2.23700000000008 2.27699999999982
 0.0779999999999959 0.0719999999999956 0.0750000000000028 0.0630000000000024 0.0620000000000047 0.0759999999999934 0.0640000000000072 0.0789999999999935 0.0799999999999983 0.0630000000000024
 2.32899999999995 2.38300000000004 2.32600000000002 2.34799999999996 2.37099999999987 2.39399999999978 2.32900000000018 2.36299999999983 2.31899999999996 2.34100000000035
 0 0 0 0 0 0 0 0 0 0
 0 0 0 0 0 0 0 0 0 0
 20.717 21.3749999999999 20.2439999999999 21.4839999999999 22.2070000000001 20.3530000000001 21.3139999999999 20.462 20.1139999999998 21.3340000000001
 0.349999999999994 0.332000000000001 0.366999999999997 0.303999999999995 0.257000000000005 0.430000000000007 0.280000000000001 0.352999999999994 0.423999999999992 0.341999999999999
 21.0839999999998 21.7260000000001 20.6270000000002 21.806 22.481 20.799 21.6109999999999 20.8319999999999 20.5540000000001 21.6930000000002
 0 0 0 0 0 0 0 0 0 0
 0 0 0 0 0 0 0 0 0 0
 69.37 67.721 71.1190000000001 70.7639999999999 71.3029999999999 69.4589999999998 66.8880000000001 66.104 68.845 65.7809999999999
 3.021 6.846 3.392 6.896 3.61599999999999 3.598 3.337 3.67 3.49900000000001 3.31100000000001
 111.527 151.177 111.977 153.393 112.766 109.058 109.75 106.396 108.928 108.327
 1671.868 3252.915 1625.089 3278.888 1703.717 1574.902 1701.488 1613.693 1577.99 1678.852
 97.273 181.463 97.9459999999999 186.266 98.653 83.4739999999999 95.425 99.6360000000002 86.1389999999999 93.9179999999999
