V1 V2 V3 V4 V5 V6 V7 V8 V9 V10
sam 5.05199999999991 5.04199999999992 5.37099999999987 6.13200000000006 5.36400000000003 5.8439999999996 5.10000000000036 5.03800000000001 5.14600000000019 5.19599999999991
geode 0.0210000000000008 0.0120000000000005 0.0250000000000057 0.0310000000000059 0.0379999999999967 0.0300000000000011 0.0439999999999969 0.0250000000000057 0.0750000000000028 0.0289999999999964
ref 5.07700000000023 5.05799999999999 5.40099999999984 6.16799999999967 5.40700000000015 5.87800000000016 5.14599999999973 5.06800000000021 5.22499999999991 5.22800000000007
infog 0 0 0 0 0 0 0 0 0 0
func 0 0 0 0 0 0 0 0 0 0
EFSOS 4.904 4.91799999999989 4.87599999999998 5.27599999999984 4.95299999999997 4.82100000000037 4.94200000000001 4.83100000000013 4.92999999999984 4.74300000000039
EFSIS 0.159999999999997 0.157999999999987 0.119 0.141999999999996 0.120999999999995 0.116 0.138999999999996 0.149999999999991 0.144000000000005 0.119
 5.06799999999976 5.07999999999993 4.99900000000025 5.42300000000023 5.07799999999997 4.9409999999998 5.08699999999999 4.98500000000013 5.07700000000023 4.86700000000019
 0 0 0 0 0 0 0 0 0 0
 0 0 0 0 0 0 0 0 0 0
 6.69599999999991 7.30799999999999 7.63000000000011 8.34400000000005 7.73100000000022 7.61699999999973 6.91199999999981 6.86400000000003 7.55300000000034 7.32699999999977
 0.103000000000009 0.0830000000000126 0.155999999999992 0.0910000000000082 0.0450000000000017 0.0520000000000067 0.0409999999999968 0.0550000000000068 0.0679999999999978 0.0970000000000084
 6.80500000000029 7.39699999999993 7.79199999999992 8.4409999999998 7.78200000000015 7.67500000000018 6.95700000000033 6.92399999999998 7.6279999999997 7.42999999999984
 0 0 0 0 0 0 0 0 0 0
 0 0 0 0 0 0 0 0 0 0
 2.24800000000005 2.28600000000006 2.2639999999999 2.49400000000014 2.29299999999967 2.26600000000008 2.28099999999995 2.27700000000004 2.27499999999964 2.28400000000011
 0.0749999999999886 0.0759999999999934 0.0630000000000024 0.0690000000000026 0.0619999999999976 0.0630000000000024 0.0790000000000077 0.0729999999999933 0.0699999999999932 0.0619999999999976
 2.32699999999977 2.36299999999983 2.32799999999997 2.56500000000005 2.35699999999997 2.33099999999968 2.36299999999983 2.35199999999986 2.346 2.34799999999996
 0 0 0 0 0 0 0 0 0 0
 0 0 0 0 0 0 0 0 0 0
 20.058 20.6849999999999 21.3419999999999 23.5100000000002 21.547 21.7479999999996 20.3710000000001 20.1450000000004 21.0530000000003 20.6840000000002
 0.361999999999995 0.328999999999994 0.364999999999995 0.336000000000013 0.266999999999996 0.262 0.304999999999993 0.304000000000002 0.359999999999999 0.308000000000007
 20.4360000000001 21.0299999999997 21.7249999999999 23.866 21.8320000000003 22.027 20.6929999999998 20.4650000000001 21.4290000000001 21.009
 0 0 0 0 0 0 0 0 0 0
 0 0 0 0 0 0 0 0 0 0
 66.4190000000001 70.4639999999999 66.3880000000001 75.8059999999996 69.835 69.0860000000002 67.6190000000001 67.5900000000001 67.21 66.547
 3.09500000000001 3.164 3.425 3.8 3.83799999999999 3.39100000000001 3.81400000000001 3.47199999999999 3.81100000000001 3.702
 107.905 111.546 105.768 139.399 114.391 109.444 108.11 108.939 109.311 107.611
 1679.069 1646.518 1584.477 2569.444 1717.13 1563.25700000001 1582.965 1645.462 1689.906 1662.77
 100.026 99.0829999999996 83.8500000000004 134.506 101.354 88.9680000000003 85.4649999999997 95.9120000000003 100.913 94.826
