V1 V2 V3 V4 V5 V6 V7 V8 V9 V10
sam 5.44599999999991 6.36599999999817 5.36999999999898 5.31499999999869 5.73700000000099 5.63999999999942 5.90199999999822 6.06999999999971 6.08099999999831 5.54499999999825
geode 0 0.0900000000000034 0 0 0 0 0 0 0 0
ref 5.45100000000093 6.46200000000317 5.375 5.31899999999951 5.7410000000018 5.64500000000044 5.90599999999904 6.07500000000073 6.08599999999933 5.55099999999948
infog 0 0 0 0 0 0 0 0 0 0
func 0 0 0 0 0 0 0 0 0 0
EFSIS 5.43100000000049 4.88400000000183 4.47599999999875 4.86999999999898 5.36699999999837 5.01599999999962 5.12700000000041 5.62299999999959 5.14200000000346 5.12599999999657
 0.173000000000002 0.180000000000007 0.163999999999987 0.129000000000019 0.15300000000002 0.137 0.16500000000002 0.182999999999993 0.157000000000039 0.156999999999982
 5.60800000000017 5.0679999999993 4.64400000000023 5.00300000000061 5.52499999999782 5.15799999999945 5.2970000000023 5.81000000000131 5.30199999999968 5.28700000000026
 0 0 0 0 0 0 0 0 0 0
 0 0 0 0 0 0 0 0 0 0
 9.18699999999808 10.1359999999986 9.26900000000023 9.20300000000134 9.90300000000207 9.50700000000143 9.56600000000253 10.219000000001 8.87699999999677 8.66500000000087
 0.187000000000012 0.063999999999993 0.00599999999997181 0.02800000000002 0.00899999999995771 0.007000000000005 0.0690000000000168 0.336999999999989 0.0120000000000005 0.0600000000000023
 7.75499999999738 8.60299999999916 7.80400000000009 7.67900000000009 8.2980000000025 8.0010000000002 8.08599999999933 8.91100000000006 7.32300000000032 7.18799999999828
 0 0 0 0 0 0 0 0 0 0
 0 0 0 0 0 0 0 0 0 0
 2.47300000000178 2.42499999999927 2.46500000000015 2.32099999999991 2.3070000000007 2.38099999999758 2.3739999999998 2.52000000000044 2.3070000000007 2.31399999999849
 0.0829999999999984 0.0629999999999882 0.0800000000000409 0.0639999999999645 0.0810000000000173 0.0629999999999882 0.0819999999999936 0.0819999999999936 0.0779999999999745 0.0799999999999841
 2.55900000000111 2.49099999999817 2.54699999999866 2.38699999999881 2.38999999999942 2.44599999999991 2.45699999999852 2.60399999999936 2.38699999999881 2.39700000000084
 0 0 0 0 0 0 0 0 0 0
 0 0 0 0 0 0 0 0 0 0
 23.7909999999974 25.0649999999987 22.7919999999976 22.8780000000006 24.5400000000009 23.8089999999975 24.2609999999986 25.6759999999995 23.6080000000002 22.8380000000034
 0.457999999999998 0.402000000000015 0.25 0.223000000000013 0.242999999999995 0.20799999999997 0.31800000000004 0.602999999999952 0.249000000000024 0.298999999999978
 22.643 23.8840000000018 21.5819999999985 21.5599999999977 23.1820000000007 22.5159999999996 23.0430000000015 24.6460000000006 22.3019999999997 21.6129999999976
 0 0 0 0 0 0 0 0 0 0
 0 0 0 0 0 0 0 0 0 0
 1132.726 1127.569 1138.086 1149.422 1159.924 1134.807 1130.128 1149.228 1123.837 1123.018
 14.745 11.953 11.528 11.848 11.949 11.488 13.375 13.846 12.595 12.733
 1070.724 1061.843 1070.531 1082.592 1093.601 1069.202 1067.205 1086.531 1060.556 1060.28
 0 0 0 0 0 0 0 0 0 0
 0 0 0 0 0 0 0 0 0 0
