V1 V2 V3 V4 V5 V6 V7 V8 V9 V10
sam 6.01400000000012 5.18899999999985 5.16599999999971 5.28200000000015 5.38799999999992 6.09900000000016 5.34299999999985 5.82500000000027 5.70800000000008 5.29300000000012
geode 0.0370000000000061 0.0250000000000057 0.0370000000000061 0.0429999999999922 0.0759999999999934 0.0790000000000077 0.0690000000000026 0.039999999999992 0.108000000000004 0.0360000000000014
ref 6.05400000000009 5.21900000000005 5.20699999999988 5.32900000000018 5.46799999999985 6.1840000000002 5.41700000000037 5.86999999999989 5.82099999999991 5.33299999999963
infog 0 0 0 0 0 0 0 0 0 0
func 0 0 0 0 0 0 0 0 0 0
EFSOS 5.79399999999987 5.03300000000013 5.68600000000015 5.39300000000003 4.99699999999984 5.09799999999996 4.86200000000008 4.77299999999968 4.9340000000002 4.86999999999989
EFSIS 0.150999999999996 0.129999999999995 0.134 0.113 0.169000000000011 0.111000000000004 0.126000000000005 0.123000000000005 0.128999999999991 0.123999999999995
 5.95100000000002 5.16699999999992 5.82500000000027 5.51099999999997 5.17200000000003 5.21399999999994 4.99199999999973 4.90000000000009 5.06800000000021 4.9980000000005
 0 0 0 0 0 0 0 0 0 0
 0 0 0 0 0 0 0 0 0 0
 8.00099999999998 7.45100000000002 7.50999999999976 8.51699999999983 7.79400000000032 7.29100000000017 7.7829999999999 7.65900000000011 7.86599999999999 7.6239999999998
 0.097999999999999 0.138000000000005 0.0479999999999876 0.0460000000000065 0.179999999999993 0.0869999999999891 0.0939999999999941 0.109999999999999 0.0660000000000025 0.0499999999999972
 8.10500000000002 7.59400000000005 7.56500000000005 8.56899999999996 7.98000000000002 7.38299999999981 7.88300000000027 7.77399999999989 7.9380000000001 7.67899999999918
 0 0 0 0 0 0 0 0 0 0
 0 0 0 0 0 0 0 0 0 0
 2.32200000000012 2.279 2.28800000000001 2.35100000000011 2.70499999999993 2.32699999999977 2.25900000000001 2.32200000000012 2.29399999999987 2.30700000000024
 0.0630000000000024 0.0589999999999975 0.061000000000007 0.0660000000000025 0.061000000000007 0.0600000000000023 0.061000000000007 0.0649999999999977 0.0630000000000024 0.0619999999999976
 2.38699999999972 2.34099999999989 2.35099999999966 2.41899999999987 2.76900000000023 2.38900000000012 2.32099999999991 2.38999999999987 2.35899999999992 2.37100000000009
 0 0 0 0 0 0 0 0 0 0
 0 0 0 0 0 0 0 0 0 0
 23.2950000000001 21.123 21.8869999999997 23.4079999999999 22.0459999999998 22.002 21.462 21.779 22.0190000000002 21.2869999999998
 0.349000000000004 0.353000000000009 0.281999999999996 0.268000000000001 0.486000000000004 0.338000000000008 0.351000000000013 0.337999999999994 0.367999999999995 0.272999999999996
 23.6620000000003 21.4939999999997 22.1869999999999 23.6940000000004 22.5509999999999 22.3580000000002 21.8320000000003 22.134 22.4050000000002 21.5779999999995
 0 0 0 0 0 0 0 0 0 0
 0 0 0 0 0 0 0 0 0 0
 68.5909999999999 74.752 76.6900000000001 72.7040000000002 69.9320000000002 70.2280000000001 71.203 73.4850000000001 69.5409999999997 71.5620000000004
 3.181 3.46599999999999 3.71900000000001 3.535 3.32199999999999 3.13499999999999 3.54899999999999 3.39 3.54100000000001 3.456
 109.872 114.665 118.153 114.339 112.818 114.522 113.368 112.185 110.092000000001 113.190000000001
 1669.234 1607.519 1654.008 1666.545 1728.828 1731.3 1707.275 1582.73 1603.431 1695.196
 95.9970000000003 85.3329999999996 99.2190000000001 98.1559999999999 96.3440000000001 94.4050000000002 102.828 85.5900000000001 86.3149999999996 111.05
