V1 V2 V3 V4 V5 V6 V7 V8 V9 V10
sam 7.88500000000204 7.958000000006 5.84700000000157 5.48300000000017 5.78199999999924 5.5480000000025 10.7539999999935 5.26799999999639 5.81499999999505 5.47899999999936
geode 0.0910000000003492 0.0860000000002401 0.058999999999287 0.0520000000005894 0.0529999999998836 0.0489999999999782 0.112999999999374 0.0689999999995052 0.0730000000003201 0.0750000000007276
ref 8.41199999999662 8.04899999999907 5.91199999999662 5.54000000000087 5.84000000000378 5.59999999999854 10.8760000000038 5.34300000000076 5.89199999999983 5.55799999999726
infog 0 0 0 0 0 0 0 0 0 0
func 0 0 0 0 0 0 0 0 0 0
EFSIS 7 7.30099999999948 5.38700000000244 4.9210000000021 5.1929999999993 4.96199999999953 2.58400000000256 4.24300000000221 1.09800000000541 4.87700000000041
 0.264999999999418 0.204999999999927 0.19800000000032 0.170999999999367 0.171999999999571 0.170999999999367 102.478999999999 0.168999999999869 10.1329999999998 0.185999999999694
 7.50100000000384 7.51200000000244 5.58699999999953 5.09599999999773 5.36899999999878 5.13699999999517 125.066999999995 4.41399999999703 17.9919999999984 5.06700000000274
 0 0 0 0 0 0 0 0 0 0
 0 0 0 0 0 0 0 0 0 0
 13.4789999999994 11.4329999999973 10.2860000000001 9.73999999999796 10.4040000000023 10.3580000000002 0 9.81200000000536 8.53699999999662 9.27999999999884
 0.320000000000618 0.137000000000626 0.118000000000393 0.0970000000006621 0.101999999999862 0.0930000000007567 0 0.165999999999258 0.192000000000917 0.139999999999418
 12.150999999998 9.7390000000014 8.62200000000303 8.07600000000093 8.15899999999965 8.72700000000623 9.03800000000047 8.30000000000291 8.12999999999738 7.44499999999971
 0 0 0 0 0 0 0 0 0 0
 0 0 0 0 0 0 0 0 0 0
 3.18600000000151 3.58899999999994 2.7239999999947 2.39500000000407 2.90699999999924 2.29200000000128 0 2.49199999999837 2.19400000000314 2.19800000000396
 0.0999999999994543 0.100999999999658 0.0879999999997381 0.0799999999999272 0.100000000000364 0.0779999999995198 28.9840000000004 0.0940000000009604 0.100999999998749 0.0910000000003492
 3.28900000000431 3.69200000000274 2.81500000000233 2.47699999999895 3.0089999999982 2.37099999999919 35.9220000000059 2.58899999999994 2.29500000000553 2.28899999999703
 0 0 0 0 0 0 0 0 0 0
 0 0 0 0 0 0 0 0 0 0
 33.3249999999971 31.9770000000062 25.9429999999993 23.872000000003 25.5400000000009 24.385000000002 13.3379999999961 23.0059999999939 18.778999999995 23.012999999999
 0.798999999999978 0.550000000000182 0.481999999999971 0.414000000000669 0.440999999999804 0.403999999999542 131.575999999999 0.513999999999214 10.514000000001 0.507999999999811
 33.1520000000019 30.7130000000034 24.6579999999958 22.5370000000039 23.6469999999972 23.0750000000044 182.387999999999 21.8530000000028 35.4619999999995 21.5580000000045
 0 0 0 0 0 0 0 0 0 0
 0 0 0 0 0 0 0 0 0 0
 1609.13800000001 1952.7 1191.321 1179.758 1235.599 870.171999999999 759.531999999999 1170.70800000001 890.212 964.452000000005
 28.7309999999998 31.3919999999998 21.6589999999997 21.183 21.9250000000002 955.702 1029.515 25.125 538.746999999999 574.206
 1553.373 1870.859 1128.527 1114.286 1168.372 2247.854 2352.56200000001 1114.494 1697.45800000001 1739.575
 0 0 0 0 0 0 0 0 0 0
 0 0 0 0 0 0 0 0 0 0
