V1 V2 V3 V4 V5 V6 V7 V8 V9 V10
sam 8.55099999999948 8.48099999999977 8.13200000000506 8.03100000000268 8.35800000000017 8.32900000000518 8.31399999999849 8.26000000000204 8.27399999999761 8.42399999999907
geode 0.00200000000006639 0.000999999999976353 0.00299999999992906 0.00200000000006639 0.000999999999976353 0.00199999999995271 0.00200000000006639 0.000999999999976353 0 0.00199999999995271
ref 8.55300000001444 8.48300000000745 8.13099999999395 8.03299999999581 8.35800000000745 8.3300000000163 8.31500000000233 8.25900000002002 8.27199999999721 8.42399999999907
infog 0 0 0 0 0 0 0 0 0 0
func 0 0 0 0 0 0 0 0 0 0
EFSIS 5.0280000000057 5.00400000000081 4.88899999999558 4.9149999999936 4.94200000000274 4.91599999999744 4.8550000000032 4.77900000000227 4.84100000000035 4.96399999999994
 0.140999999999963 0.119000000000028 0.13900000000001 0.117999999999938 0.120000000000005 0.114000000000033 0.128999999999905 0.123000000000047 0.129000000000019 0.125
 5.16800000000512 5.12300000002142 5.02799999999115 5.03300000005402 5.06199999997625 5.02999999996973 4.98399999999674 4.90299999999115 4.96999999997206 5.09000000002561
 0 0 0 0 0 0 0 0 0 0
 0 0 0 0 0 0 0 0 0 0
 10.1209999999992 9.71799999999348 9.39500000000407 9.77300000000105 9.97299999999814 9.39800000000105 9.32999999999447 9.37999999999738 9.45899999999529 9.99700000000303
 0.0410000000000537 0.0480000000000018 0.0520000000000209 0.0489999999999782 0.0460000000000491 0.0500000000000682 0.0490000000000919 0.0599999999999454 0.413000000000011 0.0490000000000919
 8.21700000000419 7.71000000002095 7.4660000000149 7.74599999998463 8.125 7.54300000000512 7.57199999998556 7.5449999999837 7.56300000002375 8.27199999999721
 0 0 0 0 0 0 0 0 0 0
 0 0 0 0 0 0 0 0 0 0
 2.36599999999453 2.66100000000006 2.32400000000052 2.34200000000419 2.36300000000483 2.35800000000017 2.30900000000111 2.33699999999953 2.35200000000623 2.33999999999651
 0.0649999999999409 0.0620000000000118 0.0639999999999645 0.0610000000000355 0.0609999999999218 0.0620000000000118 0.0659999999999172 0.0660000000000309 0.0619999999998981 0.0619999999998981
 2.4309999999823 2.72399999998743 2.38699999998789 2.40399999998044 2.42500000004657 2.42200000002049 2.375 2.40399999998044 2.41399999998976 2.40299999999115
 0 0 0 0 0 0 0 0 0 0
 0 0 0 0 0 0 0 0 0 0
 27.385000000002 27.1789999999964 25.9690000000046 26.4040000000023 26.9279999999999 26.3290000000052 26.1540000000023 26.0980000000054 26.2569999999978 27.0720000000001
 0.249000000000024 0.230000000000018 0.257999999999925 0.230999999999995 0.227999999999952 0.229000000000042 0.248000000000047 0.25 0.605000000000018 0.239000000000033
 25.6880000000237 25.3570000000182 24.24099999998 24.5599999999977 25.2609999999986 24.6510000000126 24.5949999999721 24.4519999999902 24.5519999999669 25.5360000000219
 0 0 0 0 0 0 0 0 0 0
 0 0 0 0 0 0 0 0 0 0
 688.962999999996 673.591 668.156999999999 677.970999999998 706.688000000002 695.926999999996 694.468999999997 695.502999999997 695.955000000002 689.356
 9.846 10.047 9.97500000000002 10.104 9.73400000000004 9.97299999999996 9.98099999999999 9.971 10.11 9.94899999999996
 668.287000000011 652.556999999972 646.731000000029 656.824000000022 684.520000000019 675.380999999994 673.228999999992 674.207999999984 674.735000000044 670.958999999973
 0 0 0 0 0 0 0 0 0 0
 0 0 0 0 0 0 0 0 0 0
