V1 V2 V3 V4 V5 V6 V7 V8 V9 V10
sam 5.387000000017 5.11499999999069 5.05999999999767 5.11000000001513 5.57600000000093 5.25299999999697 5.47900000002119 5.05299999998533 5.67600000000675 5.89699999999721
geode 0.104999999995925 0.100000000005821 0.0969999999942956 0.0959999999977299 0.104999999995925 0.0989999999947031 0.100999999995111 0.091999999996915 0.101999999998952 0.10399999999936
ref 5.49700000000303 5.21900000001187 5.16099999999278 5.20900000000256 5.68600000001607 5.35699999998906 5.58299999998417 5.14900000000489 5.78099999998813 6.00699999998324
infog 0 0 0 0 0 0 0 0 0 0
func 0 0 0 0 0 0 0 0 0 0
EFSIS 4.76699999999255 4.76399999999558 4.64100000000326 4.80499999999302 4.83100000000559 4.83100000000559 4.17599999997765 4.70900000000256 5.00800000000163 5.12599999998929
 0.220000000001164 0.208999999995285 0.209999999999127 0.216999999996915 0.213999999999942 0.213999999999942 0.190999999998894 0.211000000002969 0.222999999998137 0.23399999999674
 4.98999999999069 4.9769999999844 4.85599999999977 5.02799999999115 5.04800000000978 5.04899999999907 4.37100000001374 4.92399999999907 5.23500000001513 5.3640000000014
 0 0 0 0 0 0 0 0 0 0
 0 0 0 0 0 0 0 0 0 0
 9.05100000000675 8.64999999999418 8.71499999999651 8.67399999999907 8.97599999999511 8.63399999999092 9.44200000001001 9.04099999999744 8.93400000000838 8.84400000001187
 0.18300000000454 0.192000000002736 0.177999999999884 0.186000000001513 0.206000000005588 0.164000000004307 0.179000000003725 0.192000000002736 0.201999999997497 0.218000000000757
 7.79500000001281 7.31200000000536 7.44700000001467 7.33400000000256 7.65599999998813 7.33600000001024 8.1590000000142 7.7949999999837 7.65600000001723 7.57200000001467
 0 0 0 0 0 0 0 0 0 0
 0 0 0 0 0 0 0 0 0 0
 2.17900000000373 2.18400000000838 2.15499999999884 2.12200000000303 2.74100000000908 2.22800000000279 2.17499999998836 2.13500000000931 2.18399999997928 2.15200000000186
 0.104999999995925 0.0990000000019791 0.0990000000019791 0.0990000000019791 0.112999999997555 0.105999999999767 0.0970000000015716 0.0979999999981374 0.0980000000054133 0.0950000000011642
 2.28699999998207 2.28500000000349 2.25500000000466 2.22299999999814 2.85599999999977 2.33699999999953 2.27499999999418 2.23400000002584 2.28299999999581 2.24899999998161
 0 0 0 0 0 0 0 0 0 0
 0 0 0 0 0 0 0 0 0 0
 22.5409999999974 21.872000000003 21.6999999999825 21.8960000000079 23.3240000000224 22.1639999999898 22.4330000000191 22.1030000000028 22.9850000000151 23.1999999999825
 0.636999999995169 0.625 0.608000000000175 0.621999999995751 0.661999999996624 0.607999999992899 0.588999999999942 0.617000000005646 0.651999999994587 0.671999999998661
 21.75 20.9770000000135 20.8740000000107 21.0039999999863 22.4710000000196 21.3209999999963 21.5719999999856 21.2909999999974 22.1669999999867 22.3949999999895
 0 0 0 0 0 0 0 0 0 0
 0 0 0 0 0 0 0 0 0 0
 1088.78700000001 1070.87599999999 1057.014 1056.77799999999 1095.95299999998 1075.39500000002 1063.21299999999 1073.48699999999 1070.48599999998 1071.14000000001
 30.8930000000037 31.1590000000069 30.4969999999958 30.2830000000031 30.9389999999985 29.8030000000072 29.6659999999974 30.3269999999975 28.8960000000006 31.1949999999997
 1047.641 1029.25999999998 1015.73799999998 1014.60700000002 1052.44899999999 1033.552 1021.82800000001 1033.96300000002 1027.19099999999 1030.649
 0 0 0 0 0 0 0 0 0 0
 0 0 0 0 0 0 0 0 0 0
