V1 V2 V3 V4 V5 V6 V7 V8 V9 V10
sam 8.05799999999726 7.84999999999854 7.56500000000233 7.99899999999616 8.09000000000378 8.00799999999435 8.00199999999313 7.76600000000326 7.93100000001141 7.71300000000338
geode 0.0449999999991633 0.0429999999996653 0.0390000000006694 0.0409999999992579 0.0399999999999636 0.0380000000004657 0.0380000000004657 0.0389999999997599 0.0399999999990541 0.0409999999992579
ref 8.11000000000058 7.89899999999034 7.61000000000058 8.0460000000021 8.1359999999986 8.05199999999604 8.04499999999825 7.81100000000151 7.97800000000279 7.75999999999476
infog 0 0 0 0 0 0 0 0 0 0
func 0 0 0 0 0 0 0 0 0 0
EFSIS 4.98099999999977 4.76299999999901 4.88799999999901 4.86800000000221 4.93999999999505 4.75300000000425 4.86800000000221 4.05900000000838 4.76799999999639 4.94499999999243
 0.144000000000233 0.128999999999905 0.171000000000276 0.169000000000779 0.173999999999978 0.162999999999556 0.168999999999869 15.8699999999999 0.166999999999462 0.171000000000276
 5.12900000000081 4.89400000000023 5.06399999999849 5.04099999999744 5.1189999999915 4.91999999999825 5.04300000000512 28.4199999999983 4.9380000000092 5.1200000000099
 0 0 0 0 0 0 0 0 0 0
 0 0 0 0 0 0 0 0 0 0
 8.61800000000221 8.22000000000116 8.90400000000227 8.85100000000239 8.86700000000565 8.66500000000087 9.24800000000687 0 9.37699999999313 8.45900000000256
 0.0659999999998035 0.0650000000005093 0.0760000000000218 0.0639999999993961 0.0600000000004002 0.0579999999999927 0.0509999999994761 5.45499999999993 0.0580000000009022 0.0500000000010914
 6.81900000000314 6.5170000000071 7.15499999999884 7.12799999999697 7.05299999999988 6.92900000000373 7.45200000000477 6.81100000000151 7.4369999999908 6.68600000000151
 0 0 0 0 0 0 0 0 0 0
 0 0 0 0 0 0 0 0 0 0
 2.16900000000169 2.22799999999552 2.22699999999895 2.21499999999651 2.30599999999686 2.21800000000076 2.25999999999476 1.72599999999511 2.17700000001059 2.19700000000012
 0.0720000000001164 0.069999999999709 0.0839999999998327 0.0870000000004438 0.089999999999236 0.0850000000000364 0.0870000000004438 0.125 0.0820000000003347 0.0829999999987194
 2.24300000000221 2.29899999999907 2.31299999999464 2.30299999999988 2.39900000000489 2.30599999999686 2.34999999999127 2.29899999999907 2.26000000000931 2.28099999998813
 0 0 0 0 0 0 0 0 0 0
 0 0 0 0 0 0 0 0 0 0
 25.0699999999997 24.351999999999 24.8950000000041 25.237000000001 25.4700000000012 24.9159999999974 25.601999999999 14.7900000000081 25.4820000000036 24.5970000000088
 0.336999999999534 0.315999999999804 0.378000000000611 0.369999999999891 0.369999999999891 0.351999999999862 0.354000000000269 21.4949999999999 0.354999999999563 0.351999999998952
 23.5559999999969 22.9089999999997 23.4619999999995 23.8329999999987 23.9819999999891 23.4870000000083 24.122000000003 46.5859999999957 23.8510000000097 23.1370000000024
 0 0 0 0 0 0 0 0 0 0
 0 0 0 0 0 0 0 0 0 0
 1168.127 1179.566 1172.31 1214.178 1211.225 1158.316 1070.531 1105.00999999999 1100.541 1064.265
 17.2129999999997 18.6779999999999 28.9399999999996 23.3000000000002 18.6750000000002 96.5650000000005 288.431 231.089999999999 237.367 293.219000000001
 1095.17 1108.63499999999 1117.249 1150.781 1138.70700000001 1215.106 1418.319 1356.94600000001 1372.69499999999 1423.72300000001
 0 0 0 0 0 0 0 0 0 0
 0 0 0 0 0 0 0 0 0 0
