V1 V2 V3 V4 V5 V6 V7 V8 V9 V10
sam 4.95600000000195 4.95700000000215 4.91999999999825 4.57099999999991 5.14800000000105 5.02000000000044 5.10100000000239 4.61200000000099 4.87099999999919 5.17299999999886
geode 0.337000000001353 0.31499999999869 0.293999999999869 0.257000000001426 0.271999999999025 0.25 0.239999999999782 0.206000000000131 0.207000000000335 0.208000000000538
ref 5.29799999999523 5.27599999999802 5.21800000000076 4.83200000000215 5.42399999999907 5.27300000000105 5.34500000000116 4.82200000000012 5.08200000000215 5.38500000000204
infog 0 0 0 0 0 0 0 0 0 0
func 0 0 0 0 0 0 0 0 0 0
EFSOS 4.60099999999875 4.53700000000026 4.56599999999889 4.39400000000023 4.71700000000055 4.57900000000154 4.71500000000015 4.39500000000044 4.66600000000108 4.75
EFSIS 0.417999999999665 0.387000000000626 0.369999999998981 0.35399999999936 0.367000000000189 0.335000000000946 0.342000000000553 0.305000000000291 0.318999999999505 0.304000000000087
 5.02200000000448 4.92799999999988 4.94000000000233 4.75100000000384 5.08800000000338 4.91799999999785 5.06100000000151 4.70300000000134 4.98899999999412 5.05900000000111
 0 0 0 0 0 0 0 0 0 0
 0 0 0 0 0 0 0 0 0 0
 8.94499999999971 8.77999999999884 8.43500000000131 7.6720000000023 8.59500000000116 9.29899999999907 9.02299999999741 7.37900000000081 7.82299999999668 9.05500000000029
 0.664999999999054 0.625 0.539000000000669 0.465000000000146 0.501000000000204 0.520999999998821 0.47899999999936 0.3799999999992 0.377000000000407 0.436999999999898
 7.54599999999482 7.61699999999837 7.44599999999627 6.53499999999622 7.57600000000093 8.03199999999924 7.71399999999994 6.05599999999686 6.45500000000175 7.77999999999884
 0 0 0 0 0 0 0 0 0 0
 0 0 0 0 0 0 0 0 0 0
 2.04000000000087 2.06199999999808 2.03800000000047 2.06199999999808 2.08499999999913 2.08200000000215 2.06200000000172 2.04199999999764 2.0480000000025 2.07500000000073
 0.192000000000917 0.185999999999694 0.173999999999069 0.171000000000276 0.164000000000669 0.158999999999651 0.149999999999636 0.14600000000064 0.144000000000233 0.139999999999418
 2.23300000000017 2.25100000000384 2.21300000000338 2.23600000000442 2.25099999999657 2.24500000000262 2.21399999999994 2.19099999999889 2.19400000000314 2.21499999999651
 0 0 0 0 0 0 0 0 0 0
 0 0 0 0 0 0 0 0 0 0
 21.6890000000021 21.4500000000007 21.0839999999989 19.6959999999999 21.6690000000017 22.1710000000021 22.0850000000028 19.768 20.4339999999975 22.2580000000016
 1.69800000000032 1.58399999999892 1.44499999999971 1.30400000000009 1.36299999999937 1.32600000000093 1.26800000000003 1.10699999999997 1.09200000000055 1.13900000000103
 21.3329999999987 21.2569999999978 21.0109999999986 19.4080000000031 21.523000000001 21.7199999999939 21.5760000000009 19.1829999999973 19.7909999999974 21.6970000000001
 0 0 0 0 0 0 0 0 0 0
 0 0 0 0 0 0 0 0 0 0
 1033.657 1018.372 970.721999999998 1009.833 1002.095 1046.786 1019.225 953.239000000001 1016.898 1064.224
 78.134 72.5840000000007 66.0149999999994 64.8250000000007 61.5420000000013 60.5769999999993 56.4740000000002 52.273000000001 52.3889999999992 51.6539999999986
 1016.645 1014.576 959.991000000002 993.677000000003 978.983999999997 1018.69 988.955000000002 923.578000000001 984.135999999999 1031.32
 0 0 0 0 0 0 0 0 0 0
 0 0 0 0 0 0 0 0 0 0
