V1 V2 V3 V4 V5 V6 V7 V8 V9 V10
sam 7.67500000000291 8.19999999999709 8.22999999999593 8.35699999999633 8.13900000000285 7.5 7.77500000000146 7.78699999999662 8.43099999999686 7.81900000000314
geode 0.0889999999999418 0.092000000000553 0.0889999999999418 0.0869999999995343 0.0830000000005384 0.0740000000005239 0.0739999999987049 0.0730000000003201 0.0759999999991123 0.0689999999995052
ref 7.77099999997881 8.29800000000978 8.32400000002235 8.45000000001164 8.22800000000279 7.5789999999979 7.85500000001048 7.86499999999069 8.51499999998487 7.89400000002934
infog 0 0 0 0 0 0 0 0 0 0
func 0 0 0 0 0 0 0 0 0 0
EFSIS 4.84500000000116 4.89800000000105 4.90400000000227 5 4.88199999999779 4.73599999999715 4.82299999999668 4.65899999999965 4.74799999999232 4.72899999999208
 0.199999999998909 0.21900000000096 0.218999999999141 0.199999999998909 0.186999999999898 0.166999999999462 0.174000000000888 0.15099999999984 0.163000000000466 0.148999999999432
 5.04800000000978 5.12199999997392 5.12699999997858 5.2039999999979 5.07300000000396 4.90700000000652 5.00099999998929 4.81399999998393 4.91400000001886 4.88199999998324
 0 0 0 0 0 0 0 0 0 0
 0 0 0 0 0 0 0 0 0 0
 8.17699999999604 8.78299999999581 9.34100000000035 9.02400000000489 8.59399999999732 8.56500000000233 8.29899999999907 8.52400000000489 8.39800000000105 8.35400000000664
 0.105999999999767 0.159999999999854 0.109000000000378 0.100000000000364 0.0939999999991414 0.0889999999999418 0.0910000000003492 0.105999999999767 0.0859999999993306 0.077000000001135
 6.69699999998556 7.16900000002352 7.73300000000745 7.31400000001304 7.10799999997835 7.06099999998696 6.66699999998673 6.85500000001048 6.97500000000582 6.84000000002561
 0 0 0 0 0 0 0 0 0 0
 0 0 0 0 0 0 0 0 0 0
 2.47200000000157 2.24799999999959 2.18400000000111 2.22799999999552 2.1929999999993 2.18499999999767 2.16700000000128 2.20100000000093 2.19200000001001 2.51399999999558
 0.102000000000771 0.0869999999995343 0.0840000000007421 0.0850000000009459 0.0910000000003492 0.0799999999999272 0.0789999999997235 0.0759999999991123 0.081000000000131 0.0789999999997235
 2.57700000001932 2.33699999999953 2.26999999998952 2.31299999999464 2.2839999999851 2.26600000000326 2.24700000000303 2.27999999999884 2.27499999999418 2.59599999996135
 0 0 0 0 0 0 0 0 0 0
 0 0 0 0 0 0 0 0 0 0
 24.4770000000062 25.9189999999944 25.8700000000026 25.9429999999993 25.0930000000008 24.239999999998 24.3489999999947 24.4099999999889 25.028999999995 24.6469999999972
 0.513999999999214 0.588000000001557 0.513999999999214 0.486999999999171 0.46900000000096 0.425000000001091 0.430999999998676 0.417999999999665 0.417999999999665 0.386000000000422
 23.4169999999867 24.7479999999923 24.679999999993 24.6330000000016 23.9940000000061 23.0849999999919 23.070000000007 23.0659999999916 23.9519999999902 23.4560000000056
 0 0 0 0 0 0 0 0 0 0
 0 0 0 0 0 0 0 0 0 0
 1206.781 1207.28 1221.265 1194.522 1167.025 1158.429 1200.088 1180.481 1178.488 1178.916
 29.2669999999998 25.9380000000001 36.8279999999995 36.6810000000005 21.7279999999992 21.1549999999988 58.8310000000001 21.4099999999999 20.4959999999992 20.7149999999983
 1156.913 1146.31900000002 1180.06 1160.489 1111.44899999999 1102.44 1171.092 1128.41900000002 1128.06899999999 1125.342
 0 0 0 0 0 0 0 0 0 0
 0 0 0 0 0 0 0 0 0 0
