V1 V2 V3 V4 V5 V6 V7 V8 V9 V10
sam 7.14199999999983 7.80499999999984 8.28500000000031 8.23900000000003 8.51999999999998 8.2829999999999 8.23199999999997 7.90599999999995 8.27799999999979 8.13700000000063
geode 0.0150000000000006 0.00399999999999778 0 0.0350000000000037 0 0.0719999999999956 0 0 0 0.0339999999999989
ref 7.16199999999981 7.81500000000005 8.29099999999971 8.279 8.52800000000025 8.36099999999988 8.23799999999983 7.91100000000006 8.28399999999965 8.17799999999988
infog 0 0 0 0 0 0 0 0 0 0
func 0 0 0 0 0 0 0 0 0 0
EFSIS 4.26699999999983 4.846 4.81999999999971 4.27100000000019 5.12900000000036 4.33100000000013 4.81899999999996 4.76400000000012 4.79899999999998 4.26200000000063
 0.109999999999999 0.135000000000005 0.120999999999995 0.125 0.124000000000002 0.136000000000003 0.129999999999995 0.113000000000007 0.134999999999998 0.129999999999995
 4.38000000000011 4.98399999999992 4.94399999999996 4.39900000000034 5.25700000000006 4.471 4.95400000000018 4.87999999999965 4.9380000000001 4.39599999999973
 0 0 0 0 0 0 0 0 0 0
 0 0 0 0 0 0 0 0 0 0
 9.04500000000007 9.20400000000018 9.13500000000022 10.2710000000002 9.34099999999989 10.0700000000002 9.24099999999999 8.88500000000022 9.17399999999998 10.0360000000001
 0.0839999999999961 0.134999999999998 0.0890000000000057 0.0319999999999965 0.0839999999999961 0.0769999999999982 0.138000000000005 0.134 0.481000000000002 0.0990000000000038
 7.31399999999985 7.42700000000013 7.42100000000028 8.53699999999981 7.596 8.25 7.40200000000004 7.22800000000007 7.30600000000004 8.08500000000004
 0 0 0 0 0 0 0 0 0 0
 0 0 0 0 0 0 0 0 0 0
 2.41300000000001 2.279 2.36499999999978 2.38000000000011 2.29700000000003 2.29899999999998 2.30000000000018 2.39499999999998 2.30200000000013 2.29199999999946
 0.0640000000000001 0.0630000000000024 0.0619999999999976 0.0619999999999976 0.0609999999999999 0.0620000000000047 0.0609999999999999 0.0609999999999999 0.0600000000000023 0.0619999999999976
 2.48000000000002 2.3430000000003 2.42900000000009 2.44300000000021 2.35899999999992 2.36299999999983 2.36299999999983 2.45800000000008 2.36499999999978 2.35699999999997
 0 0 0 0 0 0 0 0 0 0
 0 0 0 0 0 0 0 0 0 0
 24.1219999999998 25.462 25.9480000000003 26.4839999999999 26.6080000000002 26.3150000000001 25.8789999999999 25.2290000000003 25.8229999999999 26.0009999999993
 0.272999999999996 0.338999999999999 0.274000000000001 0.255000000000003 0.270000000000003 0.347999999999999 0.330999999999996 0.308000000000007 0.677 0.325999999999993
 22.5909999999999 23.9000000000001 24.431 24.9829999999997 25.0640000000003 24.7779999999998 24.2469999999998 23.7580000000003 24.1669999999999 24.29
 0 0 0 0 0 0 0 0 0 0
 0 0 0 0 0 0 0 0 0 0
 80.1489999999999 81.614 80.9690000000001 82.2090000000003 81.913 81.0250000000001 78.4950000000003 78.7919999999999 78.8320000000003 79.049
 0.993000000000002 0.971000000000004 0.985999999999997 0.997 1.046 1.045 1.004 1.068 1.057 0.977000000000004
 78.5930000000003 79.9900000000002 79.4289999999996 80.5530000000003 80.261 79.4459999999999 76.9140000000002 77.2739999999999 77.2809999999999 77.4019999999996
 0 0 0 0 0 0 0 0 0 0
 0 0 0 0 0 0 0 0 0 0
