V1 V2 V3 V4 V5 V6 V7 V8 V9 V10
sam 8.29300000000512 7.46199999999953 8.12699999999313 8.07300000000396 8.10599999999977 7.97599999999511 7.56699999999546 7.42999999999302 7.49199999999837 7.5109999999986
geode 0.0450000000000728 0.0429999999996653 0.0480000000006839 0.0499999999992724 0.0529999999998836 0.0540000000000873 0.0510000000012951 0.0490000000008877 0.0480000000006839 0.0470000000004802
ref 8.34400000001187 7.5109999999986 8.18100000001141 8.12899999998626 8.16499999997905 8.03700000001118 7.62299999999232 7.48600000000442 7.54500000001281 7.56399999998393
infog 0 0 0 0 0 0 0 0 0 0
func 0 0 0 0 0 0 0 0 0 0
EFSIS 4.8859999999986 4.86000000000058 4.86200000000827 3.78399999999965 4.80499999999302 4.86299999999756 4.76600000000326 4.66999999999825 4.72299999999814 4.8810000000085
 0.161000000000058 0.148999999999432 0.170000000000073 7.31700000000092 0.182000000000698 0.18199999999888 0.136000000000422 0.146999999999025 0.16399999999885 0.171000000000276
 5.05099999997765 5.01300000000629 5.03599999999278 13.2639999999956 4.99100000000908 5.04899999999907 4.90600000001723 4.81999999997788 4.89199999999255 5.05600000001141
 0 0 0 0 0 0 0 0 0 0
 0 0 0 0 0 0 0 0 0 0
 8.59300000000803 8.84100000000035 8.85000000000582 7.88700000000244 8.9950000000099 8.70200000000477 8.73099999999977 8.04100000001199 8.27500000000873 8.49199999999837
 0.0540000000000873 0.0519999999996799 0.0659999999988941 0.371999999999389 0.0669999999990978 0.0650000000005093 0.0649999999986903 0.0840000000007421 0.0640000000003056 0.0650000000005093
 6.75200000000768 7.05499999999302 7.11300000001211 7.18700000000536 7.10000000000582 6.96099999998114 6.99899999998161 6.40100000001257 6.52900000000955 6.68700000000536
 0 0 0 0 0 0 0 0 0 0
 0 0 0 0 0 0 0 0 0 0
 2.53499999998894 2.21400000000722 2.21800000000803 2.22799999998824 2.16099999999278 2.38899999999558 2.16700000000128 2.17999999999302 2.16399999998976 2.16999999999825
 0.0879999999997381 0.0720000000001164 0.0850000000009459 0.0869999999995343 0.0840000000007421 0.0900000000001455 0.0760000000009313 0.0709999999999127 0.0740000000005239 0.0849999999991269
 2.62400000001071 2.28900000001886 2.3059999999823 2.31599999999162 2.24799999999232 2.48099999999977 2.24499999999534 2.25200000000768 2.2390000000014 2.25899999999092
 0 0 0 0 0 0 0 0 0 0
 0 0 0 0 0 0 0 0 0 0
 25.5770000000048 24.6209999999992 25.3739999999962 23.2360000000044 25.2890000000043 25.1579999999958 24.4789999999921 23.5500000000029 23.9180000000051 24.3369999999995
 0.356999999999971 0.322999999998501 0.378000000000611 7.83599999999933 0.39600000000064 0.40099999999984 0.338000000001557 0.359000000000378 0.359000000000378 0.377000000000407
 24.0499999999884 23.1199999999953 23.9619999999995 32.1719999999914 23.7369999999937 23.7680000000109 23.0329999999958 22.198000000004 22.4790000000212 22.8569999999891
 0 0 0 0 0 0 0 0 0 0
 0 0 0 0 0 0 0 0 0 0
 1115.80899999999 1015.284 1047.87300000001 1040.72199999999 1072.556 1154.149 1150.26700000001 1140.519 1167.841 1166.54100000001
 211.887999999999 470.903 427.342000000001 385.385 361.072 89.3500000000004 19.4719999999998 17.4609999999993 18.8869999999988 18.6220000000012
 1346.64300000001 1632.61600000001 1587.81700000001 1536.62 1534.11299999998 1193.26299999998 1082.90599999999 1070.54999999999 1097.49399999998 1095.15100000001
 0 0 0 0 0 0 0 0 0 0
 0 0 0 0 0 0 0 0 0 0
