V1 V2 V3 V4 V5 V6 V7 V8 V9 V10
sam 7.87200000000303 8.0170000000071 8.24899999999616 7.64899999999034 8.36199999999371 8.13700000000244 7.55800000000454 7.58599999999569 8.04899999999907 8.3070000000007
geode 0.0679999999993015 0.0669999999990978 0.0670000000009168 0.0599999999994907 0.0640000000003056 0.0609999999996944 0.055000000000291 0.0540000000000873 0.0559999999986758 0.0560000000004948
ref 7.94599999999627 8.0910000000149 8.32199999998556 7.7160000000149 8.43300000001909 8.20400000002701 7.61999999999534 7.64699999999721 8.11300000001211 8.36900000000605
infog 0 0 0 0 0 0 0 0 0 0
func 0 0 0 0 0 0 0 0 0 0
EFSIS 4.70599999999104 4.71300000000338 4.89400000000023 4.78100000000268 5.03100000000268 4.77700000000186 4.7609999999986 4.68799999999464 5.06900000000314 4.91300000000047
 0.154000000000451 0.157000000001062 0.15599999999904 0.159999999999854 0.164999999999054 0.161000000000058 0.139000000001033 0.15599999999904 0.165000000000873 0.163000000000466
 4.8640000000014 4.87299999996321 5.05400000000373 4.94599999999627 5.20100000000093 4.94199999998091 4.90299999999115 4.84799999999814 5.23700000002282 5.0800000000163
 0 0 0 0 0 0 0 0 0 0
 0 0 0 0 0 0 0 0 0 0
 8.79200000000128 8.29500000001281 8.35400000000664 8.03600000000733 8.91899999999441 8.92299999999523 8.83400000000256 8.21600000000035 8.28600000000733 8.85900000001129
 0.081000000000131 0.0759999999991123 0.0750000000007276 0.0709999999999127 0.0779999999995198 0.0749999999989086 0.0739999999987049 0.0930000000007567 0.0679999999993015 0.0630000000001019
 7.37400000001071 6.875 7.13300000003073 6.56300000002375 7.27899999998044 7.42999999999302 7.08899999997811 6.48099999997066 6.8289999999688 7.36999999999534
 0 0 0 0 0 0 0 0 0 0
 0 0 0 0 0 0 0 0 0 0
 2.44700000000012 2.21899999999732 2.19899999999325 2.18499999999767 2.23300000000745 2.40899999999965 2.23399999999674 2.1990000000078 2.35399999999208 2.17799999999988
 0.0779999999995198 0.0779999999995198 0.0769999999993161 0.0769999999993161 0.077000000001135 0.077000000001135 0.0779999999995198 0.0789999999997235 0.0750000000007276 0.0759999999991123
 2.52799999999115 2.29899999999907 2.27599999995437 2.26299999997718 2.31200000003446 2.48700000002282 2.31500000000233 2.28000000002794 2.4309999999823 2.25500000000466
 0 0 0 0 0 0 0 0 0 0
 0 0 0 0 0 0 0 0 0 0
 25.0339999999997 24.6100000000006 24.9429999999993 23.9149999999936 25.8059999999969 25.7309999999998 24.6959999999963 23.9609999999957 25.0679999999993 25.5590000000084
 0.391999999999825 0.389999999999418 0.386000000000422 0.380999999999403 0.394000000000233 0.386999999998807 0.356999999999971 0.390999999999622 0.375 0.369000000000597
 23.9409999999916 23.5160000000033 24.0449999999837 22.7660000000033 24.4960000000428 24.5630000000237 23.2490000000107 22.5389999999898 23.9309999999823 24.3879999999772
 0 0 0 0 0 0 0 0 0 0
 0 0 0 0 0 0 0 0 0 0
 1185.977 1213.89600000001 1175.91499999999 1184.712 1237.246 1217.05099999999 1191.53600000001 1199.81299999999 1188.58100000001 1231.039
 20.3989999999994 20.3780000000006 19.6759999999995 19.1790000000001 19.7369999999992 19.2849999999999 18.4660000000003 19.125 17.9829999999984 18.4099999999999
 1133.23600000003 1151.53399999999 1122.47100000002 1124.70900000003 1171.06 1154.05899999995 1119.054 1136.55099999998 1129.87400000001 1166.49200000003
 0 0 0 0 0 0 0 0 0 0
 0 0 0 0 0 0 0 0 0 0
