V1 V2 V3 V4 V5 V6 V7 V8 V9 V10
sam 5.75 5.83999999999651 5.92199999999139 5.44100000002072 5.41400000001886 5.21700000000419 5.65400000000955 5.33199999999488 5.68899999998393 5.65299999999115
geode 0.100999999995111 0.105999999999767 0.101999999998952 0.092000000004191 0.0910000000003492 0.0870000000068103 0.0939999999973224 0.0889999999999418 0.091999999996915 0.0900000000037835
ref 5.85599999999977 5.95100000000093 6.02800000002026 5.53800000000047 5.50900000002002 5.30999999999767 5.75200000000768 5.42699999999604 5.78700000001118 5.74700000000303
infog 0 0 0 0 0 0 0 0 0 0
func 0 0 0 0 0 0 0 0 0 0
EFSIS 5.06000000002678 4.97800000000279 5.08900000000722 4.80899999997928 4.69699999998556 4.7960000000021 4.75499999997555 4.18599999998696 4.91000000000349 5.0910000000149
 0.231000000007043 0.22099999999773 0.224000000001979 0.188999999998487 0.207999999998719 0.201999999997497 0.216000000000349 0.188999999998487 0.209999999999127 0.230999999999767
 5.2960000000021 5.2039999999979 5.31699999998091 5.00200000000768 4.9089999999851 5.00099999998929 4.97599999999511 4.37799999999697 5.12299999999232 5.32600000000093
 0 0 0 0 0 0 0 0 0 0
 0 0 0 0 0 0 0 0 0 0
 8.50699999998324 9.23199999998906 8.94500000000698 8.71800000002258 8.91199999998207 9.44500000000698 9.625 9.67699999999604 8.73399999999674 9.0229999999865
 0.237999999997555 0.245000000002619 0.226000000002387 0.156999999999243 0.1620000000039 0.161999999996624 0.203000000001339 0.185000000004948 0.148000000001048 0.150000000001455
 7.32099999999627 7.9440000000177 7.72299999999814 7.42599999997765 7.57399999999325 8.14699999999721 8.27100000000792 8.37399999998161 7.41500000000815 7.73499999998603
 0 0 0 0 0 0 0 0 0 0
 0 0 0 0 0 0 0 0 0 0
 2.1590000000142 2.3190000000177 2.25700000001234 2.13499999998021 2.18300000001909 2.17699999999604 2.24400000000605 2.1820000000007 2.1590000000142 2.18900000001304
 0.0959999999977299 0.112999999997555 0.0979999999981374 0.091999999996915 0.0930000000007567 0.0930000000007567 0.0989999999947031 0.0950000000011642 0.0930000000007567 0.108000000000175
 2.25800000000163 2.43499999999767 2.35700000001816 2.22800000000279 2.27900000000955 2.2730000000156 2.34399999998277 2.27800000002026 2.25399999998626 2.30000000001746
 0 0 0 0 0 0 0 0 0 0
 0 0 0 0 0 0 0 0 0 0
 22.6739999999991 23.6069999999891 23.4379999999946 22.3030000000144 22.3790000000154 22.8179999999993 23.4619999999995 22.6049999999814 22.664999999979 23.1469999999972
 0.688999999998487 0.706999999994878 0.671999999998661 0.552000000003318 0.574000000000524 0.564000000005763 0.633999999998196 0.580000000001746 0.563000000001921 0.601000000002387
 21.9520000000193 22.7950000000128 22.6730000000098 21.4180000000051 21.4640000000072 21.9349999999977 22.5510000000068 21.7089999999735 21.7730000000156 22.320000000007
 0 0 0 0 0 0 0 0 0 0
 0 0 0 0 0 0 0 0 0 0
 1082.15400000001 1075.43900000001 1077.226 1069.03899999999 1073.28599999999 1085.796 1079.818 1067.99100000001 1064.30900000001 1054.65900000001
 30.2300000000032 30.4520000000048 29.4340000000011 27.8329999999987 27.4320000000007 27.6299999999974 27.8289999999979 27.0630000000019 27.637999999999 27.8929999999964
 1041.541 1034.15299999999 1034.82800000001 1025.242 1027.61000000002 1042.42499999999 1035.87 1024.861 1021.93799999999 1011.23199999999
 0 0 0 0 0 0 0 0 0 0
 0 0 0 0 0 0 0 0 0 0
