V1 V2 V3 V4 V5 V6 V7 V8 V9 V10
sam 8.66900000000078 7.11299999999937 7.10500000000047 7.1260000000002 8.50500000000011 8.26500000000033 8.29299999999967 8.3159999999998 8.24600000000009 8.18900000000031
geode 0.0499999999999972 0 0.0349999999999966 0 0.0539999999999949 0 0.0770000000000053 0 0.0490000000000066 0.0759999999999934
ref 8.72500000000036 7.11799999999948 7.14400000000023 7.13299999999981 8.5649999999996 8.27099999999973 8.3760000000002 8.32300000000032 8.30100000000039 8.27099999999973
infog 0 0 0 0 0 0 0 0 0 0
func 0 0 0 0 0 0 0 0 0 0
EFSIS 4.2519999999995 4.84000000000015 4.25900000000001 4.9409999999998 4.40099999999984 4.82399999999961 4.90900000000056 4.80799999999999 4.26599999999962 4.28200000000015
 0.127000000000002 0.122 0.128 0.128 0.133000000000003 0.116 0.117999999999995 0.119 0.123000000000005 0.131
 4.38400000000001 4.96600000000035 4.38999999999942 5.07099999999991 4.53800000000047 4.94400000000041 5.03099999999995 4.92999999999938 4.39300000000003 4.41700000000037
 0 0 0 0 0 0 0 0 0 0
 0 0 0 0 0 0 0 0 0 0
 9.10500000000047 8.23000000000047 8.92999999999938 7.94499999999971 10.2970000000005 9.1279999999997 9.63699999999972 8.89200000000073 10.0119999999997 9.91799999999967
 0.046999999999997 0.0989999999999966 0.0710000000000051 0.0890000000000057 0.113999999999997 0.125999999999998 0.0429999999999993 0.100999999999999 0.501999999999995 0.0450000000000017
 7.27599999999984 6.41299999999956 7.07700000000023 6.42500000000018 8.51599999999962 7.42000000000007 8.12100000000009 7.35300000000007 8.36599999999999 8.23599999999988
 0 0 0 0 0 0 0 0 0 0
 0 0 0 0 0 0 0 0 0 0
 2.27999999999975 2.29399999999987 2.33300000000054 2.25500000000011 2.35000000000036 2.34000000000015 2.39199999999983 2.36999999999989 2.33500000000004 2.28600000000006
 0.0600000000000023 0.0609999999999999 0.0629999999999953 0.0619999999999976 0.0640000000000001 0.0600000000000023 0.0600000000000023 0.0670000000000073 0.0609999999999928 0.0619999999999976
 2.34400000000005 2.35699999999997 2.39800000000014 2.31899999999951 2.41600000000017 2.40200000000004 2.45399999999972 2.4380000000001 2.39899999999943 2.35000000000036
 0 0 0 0 0 0 0 0 0 0
 0 0 0 0 0 0 0 0 0 0
 25.567 23.7399999999998 23.875 23.5159999999996 26.8920000000007 25.8320000000003 26.576 25.7120000000004 26.1709999999994 26.0050000000001
 0.284999999999997 0.283000000000001 0.296999999999997 0.280000000000001 0.364999999999995 0.302999999999997 0.298999999999999 0.287000000000006 0.734999999999999 0.314999999999998
 23.9920000000002 22.1189999999997 22.2569999999996 22.1979999999994 25.375 24.3159999999998 25.3289999999997 24.3710000000001 24.7719999999999 24.607
 0 0 0 0 0 0 0 0 0 0
 0 0 0 0 0 0 0 0 0 0
 78.4170000000004 76.9279999999999 78.6570000000002 81.6040000000003 83.3379999999997 83.8509999999997 82.7709999999997 81.3689999999997 82.0430000000006 81.991
 0.978000000000002 0.969999999999999 0.966999999999999 1.001 1.133 0.954000000000001 0.966000000000001 1.00399999999999 0.995000000000005 1.02699999999999
 76.8000000000002 75.7259999999997 77.4610000000002 80.0770000000002 81.7169999999996 82.5039999999999 81.2600000000002 79.799 80.665 80.6019999999999
 0 0 0 0 0 0 0 0 0 0
 0 0 0 0 0 0 0 0 0 0
