V1 V2 V3 V4 V5 V6 V7 V8 V9 V10
sam 5.47699999999895 5.52599999999802 5.47000000000116 5.86099999999715 5.94200000000274 5.84599999999773 5.28899999999703 5.43099999999686 5.32500000000437 5.13400000000547
geode 0 0 0 0 0 0 0 0 0 0
ref 5.47999999999956 5.52999999999884 5.47299999999814 5.86499999999796 5.94600000000355 5.84999999999854 5.291999999994 5.43499999999767 5.3289999999979 5.13900000000285
infog 0 0 0 0 0 0 0 0 0 0
func 0 0 0 0 0 0 0 0 0 0
EFSIS 5.13199999999779 4.73600000000442 5.0789999999979 4.85900000000402 5.1449999999968 5.12999999999738 4.7960000000021 4.95700000000215 5.05000000000291 4.86499999999796
 0.156999999999982 0.10899999999998 0.160000000000025 0.145000000000039 0.149000000000001 0.130000000000052 0.130999999999972 0.158999999999992 0.15300000000002 0.16500000000002
 5.29300000000148 4.84900000000198 5.24399999999878 5.00800000000163 5.29899999999907 5.26499999999942 4.9320000000007 5.11800000000221 5.20799999999872 5.03299999999581
 0 0 0 0 0 0 0 0 0 0
 0 0 0 0 0 0 0 0 0 0
 9.23200000000361 9.0989999999947 8.82800000000134 9.35800000000017 9.94600000000355 9.30299999999988 9.32400000000052 9.12900000000081 9.55899999999383 8.51799999999639
 0.00799999999998136 0.00900000000001455 0.00599999999997181 0.0029999999999859 0.00399999999996226 0.00699999999994816 0.00300000000004275 0.0229999999999677 0.00599999999997181 0.007000000000005
 7.74599999999919 7.58399999999529 7.26300000000629 7.75999999999476 8.40899999999965 7.72899999999936 7.79100000000471 7.57299999999668 7.97699999999895 6.98099999999977
 0 0 0 0 0 0 0 0 0 0
 0 0 0 0 0 0 0 0 0 0
 2.33400000000256 2.32800000000134 2.30399999999645 2.24299999999494 2.46399999999994 2.41500000000087 2.33099999999831 2.31399999999849 2.35000000000582 2.23099999999977
 0.0780000000000314 0.0640000000000214 0.0810000000000173 0.0639999999999645 0.0690000000000168 0.0660000000000309 0.0670000000000073 0.0769999999999982 0.0800000000000409 0.0779999999999745
 2.41400000000067 2.39199999999983 2.3859999999986 2.31000000000495 2.53500000000349 2.48300000000017 2.39800000000105 2.39300000000367 2.4320000000007 2.31100000000151
 0 0 0 0 0 0 0 0 0 0
 0 0 0 0 0 0 0 0 0 0
 23.3369999999995 22.8919999999998 22.8660000000018 23.4819999999963 24.7890000000043 23.9209999999948 22.9189999999944 23.0499999999956 23.4519999999975 21.8860000000059
 0.242999999999995 0.182999999999993 0.249000000000024 0.213000000000022 0.22199999999998 0.204000000000008 0.201999999999998 0.258999999999958 0.240999999999985 0.25200000000001
 22.0960000000014 21.5609999999942 21.5529999999999 22.1059999999998 23.4830000000002 22.5559999999969 21.5959999999977 21.739999999998 22.1160000000018 20.6050000000032
 0 0 0 0 0 0 0 0 0 0
 0 0 0 0 0 0 0 0 0 0
 1107.05 1123.716 1136.212 1119.291 1170.371 1124.571 1110.491 1106.331 1093.262 1101.424
 10.671 10.947 10.693 11.86 10.029 10.939 10.665 11.562 11.798 11.035
 1042.413 1058.968 1069.744 1055.47199999999 1102.905 1060.279 1045.162 1043.436 1029.541 1035.908
 0 0 0 0 0 0 0 0 0 0
 0 0 0 0 0 0 0 0 0 0
