V1 V2 V3 V4 V5 V6 V7 V8 V9 V10
sam 5.11099999999988 5.35799999999972 5.44900000000007 5.1279999999997 5.34799999999996 5.17799999999988 5.17299999999977 5.09700000000021 5.16100000000006 6.52499999999964
geode 0.0669999999999931 0.0380000000000109 0.0260000000000105 0.0730000000000075 0.0200000000000102 0.0289999999999964 0.0509999999999877 0.0430000000000064 0.0939999999999941 0.0689999999999884
ref 5.18199999999979 5.40000000000055 5.47999999999956 5.20499999999993 5.3720000000003 5.21100000000024 5.22800000000007 5.14400000000023 5.25799999999981 6.59900000000016
infog 0 0 0 0 0 0 0 0 0 0
func 0 0 0 0 0 0 0 0 0 0
EFSOS 4.95299999999997 4.83500000000004 4.95400000000018 4.90200000000004 4.96599999999989 4.70800000000008 4.72400000000016 4.6579999999999 4.73999999999978 5.9640000000004
EFSIS 0.161000000000001 0.113 0.115000000000009 0.149000000000001 0.120999999999981 0.138000000000005 0.124000000000024 0.120000000000005 0.11699999999999 0.137
 5.1200000000008 4.95199999999932 5.07400000000052 5.05500000000029 5.09100000000035 4.85099999999966 4.85099999999966 4.78199999999924 4.86099999999988 6.10599999999977
 0 0 0 0 0 0 0 0 0 0
 0 0 0 0 0 0 0 0 0 0
 6.7180000000003 7.76600000000008 8.41199999999981 6.70800000000008 8.01400000000012 7.84799999999996 7.45800000000008 7.25300000000016 7.38500000000022 7.75900000000001
 0.100999999999999 0.0829999999999984 0.0589999999999975 0.114000000000004 0.0960000000000036 0.0800000000000125 0.100999999999999 0.0730000000000075 0.0720000000000027 0.0759999999999934
 6.82299999999941 7.85500000000047 8.47800000000007 6.82799999999952 8.11599999999999 7.9340000000002 7.5659999999998 7.33200000000033 7.46300000000065 7.84100000000035
 0 0 0 0 0 0 0 0 0 0
 0 0 0 0 0 0 0 0 0 0
 2.24799999999959 2.27799999999979 2.31100000000015 2.24000000000024 2.29100000000017 2.28399999999965 2.25599999999986 2.26699999999983 2.75099999999975 2.26299999999992
 0.0690000000000026 0.0600000000000023 0.0619999999999834 0.078000000000003 0.061000000000007 0.0600000000000023 0.0619999999999834 0.0600000000000023 0.0629999999999882 0.0640000000000214
 2.31900000000041 2.34100000000035 2.3739999999998 2.31900000000041 2.35499999999956 2.34600000000046 2.32000000000062 2.32899999999972 2.8159999999998 2.32799999999952
 0 0 0 0 0 0 0 0 0 0
 0 0 0 0 0 0 0 0 0 0
 20.183 21.4429999999998 22.3230000000003 20.1239999999998 21.8179999999998 21.1509999999998 20.752 20.413 21.1709999999998 23.7169999999996
 0.400999999999996 0.296000000000021 0.263000000000005 0.415999999999997 0.299000000000007 0.307000000000016 0.340000000000003 0.297000000000025 0.34699999999998 0.347999999999985
 20.6000000000004 21.7560000000003 22.6049999999996 20.5559999999996 22.1359999999995 21.4750000000004 21.1080000000002 20.7269999999999 21.5360000000001 24.0829999999996
 0 0 0 0 0 0 0 0 0 0
 0 0 0 0 0 0 0 0 0 0
 71.4569999999999 71.8630000000003 67.9779999999996 71.02 67.4810000000002 68.0660000000003 67.8029999999999 67.9380000000001 69.9279999999999 70.3910000000001
 6.47499999999999 6.61999999999998 3.321 3.82400000000001 3.66999999999999 3.52699999999999 3.44899999999998 3.875 3.506 3.88200000000001
 153.236 155.166999999999 109.825000000001 110.088000000001 110.101 109.648 107.397 111.084 110.569 112.385
 3232.349 3308.539 1652.99000000001 1561.25599999999 1691.066 1682.15000000001 1621.37699999999 1676.577 1675.894 1590.02
 204.727 190.698 101.787 86.797 98.261 103.497 88.1509999999998 97.3200000000002 94.0819999999999 86.1680000000006
