V1 V2 V3 V4 V5 V6 V7 V8 V9 V10
sam 5.06600000000253 5.04499999999825 5.04100000000108 5.10900000000038 5.31999999999971 5.36399999999412 5.14699999999721 5.21800000000076 4.7809999999954 5.24500000000262
geode 0.194000000001324 0.183999999999287 0.175000000001091 0.170000000000073 0.167999999999665 0.162000000000262 0.147999999999229 0.144000000000233 0.127000000000407 0.134000000000015
ref 5.26399999999558 5.23300000000017 5.21999999999389 5.28300000000309 5.49300000000221 5.52899999999499 5.29900000000634 5.36699999999837 4.91300000000047 5.38300000000163
infog 0 0 0 0 0 0 0 0 0 0
func 0 0 0 0 0 0 0 0 0 0
EFSOS 4.60999999999694 4.65899999999965 4.6359999999986 4.74499999999898 4.95599999999831 4.87600000000384 4.67700000000332 4.74200000000565 4.6160000000018 4.67899999999645
EFSIS 0.281999999999243 0.273999999999432 0.274999999999636 0.273999999999432 0.269000000000233 0.265999999999622 0.243000000000393 0.243999999998778 0.236000000000786 0.230999999999767
 4.8949999999968 4.93700000000536 4.91500000000087 5.02300000000105 5.22899999999936 5.14700000000448 4.92299999999523 4.9890000000014 4.85499999999593 4.91300000000047
 0 0 0 0 0 0 0 0 0 0
 0 0 0 0 0 0 0 0 0 0
 8.92799999999988 9.09800000000178 8.89099999999962 9.02400000000125 9.79499999999825 9.95500000000175 8.98099999999977 9.8859999999986 7.76800000000367 9.63800000000629
 0.370999999999185 0.387000000000626 0.34900000000016 0.346999999999753 0.313000000000102 0.319999999999709 0.282999999999447 0.347999999999956 0.230999999999767 0.265000000001237
 7.43300000000454 7.48799999999756 7.45500000000175 7.51799999999639 8.36999999999534 8.4519999999975 7.53900000000431 8.41100000000006 6.23700000000099 8.15200000000186
 0 0 0 0 0 0 0 0 0 0
 0 0 0 0 0 0 0 0 0 0
 2.06300000000192 2.15199999999822 2.10100000000239 2.10299999999916 2.13600000000588 2.20899999999529 2.12999999999738 2.16199999999662 2.19199999999546 2.17199999999866
 0.135000000000218 0.135000000000218 0.127000000000407 0.127000000000407 0.122999999999593 0.121999999999389 0.117000000000189 0.115000000001601 0.114999999999782 0.115999999999985
 2.19999999999709 2.28899999999703 2.2300000000032 2.23200000000361 2.26000000000204 2.33400000000256 2.24899999999616 2.27799999999843 2.30900000000111 2.28899999999703
 0 0 0 0 0 0 0 0 0 0
 0 0 0 0 0 0 0 0 0 0
 21.8260000000009 22.1529999999984 21.8590000000004 22.2150000000001 23.377999999997 23.5779999999941 22.1540000000023 23.2160000000003 20.400999999998 22.8970000000045
 1.02800000000025 1.02399999999943 0.96900000000096 0.968999999999141 0.911000000000058 0.904999999998836 0.82799999999952 0.886000000000422 0.73700000000099 0.775000000001455
 20.9989999999962 21.1910000000062 21.0550000000003 21.3410000000003 22.5630000000019 22.6719999999987 21.2669999999998 22.288999999997 19.3859999999986 21.9310000000041
 0 0 0 0 0 0 0 0 0 0
 0 0 0 0 0 0 0 0 0 0
 1060.504 1065.919 1062.364 1072.001 1088.928 1041.523 1081.42 1054.89000000001 1063.306 1089.577
 49.9660000000003 47.9619999999995 46.1649999999991 44.0799999999999 43.0810000000001 40.5360000000001 40.2389999999996 39.0519999999997 37.7039999999997 37.3779999999988
 1023.772 1023.221 1020.312 1028.891 1043.065 992.974999999999 1034.26 1011.251 1015.178 1040.948
 0 0 0 0 0 0 0 0 0 0
 0 0 0 0 0 0 0 0 0 0
