V1 V2 V3 V4 V5 V6 V7 V8 V9 V10
sam 5.29899999999907 5.09199999999691 6.77399999999761 5.62900000000081 5.76800000000367 5.2019999999975 5.20300000000134 5.13300000000163 5.48800000000483 5.85100000000239
geode 0.191999999999098 0.0759999999991123 0.0969999999997526 0.0779999999995198 0.0769999999993161 0.0680000000011205 0.0659999999988941 0.0619999999998981 0.0659999999988941 0.0680000000011205
ref 5.541999999994 5.17299999999523 6.87900000000081 5.71199999999953 5.84900000000198 5.27399999999034 5.27400000000489 5.19800000000396 5.55899999999383 5.92399999999907
infog 0 0 0 0 0 0 0 0 0 0
func 0 0 0 0 0 0 0 0 0 0
EFSIS 0.449000000000524 4.90800000000309 7.01900000000023 5.09399999999732 4.70599999999831 4.77700000000186 4.69599999999627 5.1449999999968 5.39099999999598 5.12999999999738
 49.7980000000007 0.191000000000713 0.234000000000378 0.182000000000698 0.175000000001091 0.17699999999968 0.180000000000291 0.354999999999563 0.186999999999898 0.190999999998894
 86.6589999999997 5.10099999999511 7.25800000000163 5.27999999999884 4.88400000000547 4.95800000001327 4.8810000000085 5.50500000000466 5.58100000000559 5.32699999999022
 0 0 0 0 0 0 0 0 0 0
 0 0 0 0 0 0 0 0 0 0
 0 8.56999999999971 11.6040000000066 8.30400000000373 8.92599999999948 8.67499999999563 9.56500000000233 8.86499999999796 9.25 11.073000000004
 18.6599999999999 0.135000000000218 0.168999999999869 0.1299999999992 0.127999999998792 0.119999999998981 0.127999999998792 0.135000000000218 0.121000000001004 0.132000000001426
 7.90500000000611 7.19000000000233 9.75800000000163 6.96899999999732 7.60199999999895 7.31999999999243 7.77599999999802 7.34100000000035 7.62699999999313 9.54499999999825
 0 0 0 0 0 0 0 0 0 0
 0 0 0 0 0 0 0 0 0 0
 0 2.18699999999808 3.61999999999534 2.54399999999441 2.16900000000169 2.12600000000384 2.72799999999552 2.47700000000623 2.1620000000039 2.21399999999994
 0 0.0899999999983265 0.139000000001033 0.092000000000553 0.0860000000011496 0.0860000000011496 0.0930000000007567 0.186999999999898 0.0879999999997381 0.0849999999991269
 11.9279999999999 2.2780000000057 3.76299999999173 2.63699999998789 2.25599999999395 2.21300000000338 2.82200000000012 2.66700000000128 2.25299999999697 2.30100000000675
 0 0 0 0 0 0 0 0 0 0
 0 0 0 0 0 0 0 0 0 0
 5.74799999999959 21.9329999999973 31.1070000000036 22.9859999999971 22.7010000000009 21.9499999999971 23.3499999999985 22.8009999999995 23.4670000000042 25.4259999999995
 68.6499999999996 0.510999999998603 0.670000000000073 0.502000000000407 0.484000000000378 0.468000000000757 0.484999999998763 0.752999999998792 0.476999999998952 0.490999999999985
 113.240999999995 20.9379999999946 29.8550000000105 22.0380000000005 21.7419999999984 20.9529999999941 21.9279999999999 21.9060000000027 22.2109999999957 24.2679999999964
 0 0 0 0 0 0 0 0 0 0
 0 0 0 0 0 0 0 0 0 0
 940.906999999999 1329.589 1292.939 1065.184 1088.744 1081.004 1075.729 1076.191 1082.805 1104.38200000001
 435.894 30.4070000000011 28.5900000000001 24.0599999999995 23.9709999999995 26.2549999999992 35.1760000000013 26.0650000000005 25.5969999999998 25.9380000000001
 1512.93900000001 1281.094 1242.084 1015.958 1035.68400000001 1027.564 1030.20000000001 1025.538 1033.826 1057.361
 0 0 0 0 0 0 0 0 0 0
 0 0 0 0 0 0 0 0 0 0
