V1 V2 V3 V4 V5 V6 V7 V8 V9 V10
sam 8.30399999999645 8.63100000000122 8.40600000000268 8.26599999999598 8.41599999999744 8.31200000000536 7.5460000000021 8.25800000000163 8.27700000000186 8.35100000000239
geode 0.0040000000000191 0 0 0.0040000000000191 0.00199999999995271 0.00300000000004275 0.00199999999995271 0.00499999999999545 0.00199999999995271 0
ref 8.30600000004051 8.63200000004144 8.40699999994831 8.26899999997113 8.41699999995762 8.31500000000233 7.54899999999907 8.26300000003539 8.28000000002794 8.35000000003492
infog 0 0 0 0 0 0 0 0 0 0
func 0 0 0 0 0 0 0 0 0 0
EFSIS 5.06300000000192 4.99499999999534 4.94199999999546 4.85100000000239 4.92700000000332 4.86799999999494 4.96499999999651 4.78699999999662 4.87199999999575 4.89999999999418
 0.125 0.12399999999991 0.128000000000043 0.125 0.128000000000043 0.129999999999995 0.132000000000062 0.115000000000009 0.121999999999957 0.100999999999999
 5.18799999996554 5.11900000000605 5.06800000002841 4.97600000002421 5.05600000004051 4.99699999997392 5.09599999996135 4.90299999999115 4.99400000000605 5.00199999997858
 0 0 0 0 0 0 0 0 0 0
 0 0 0 0 0 0 0 0 0 0
 9.93299999999726 9.46700000000419 9.51000000000204 9.19900000000052 9.87599999999657 9.24600000000646 8.33600000000297 9.48500000000058 9.10100000000239 9.21100000000297
 0.0439999999999827 0.0370000000000346 0.0399999999999636 0.0439999999999827 0.0399999999999636 0.0439999999999827 0.0319999999999254 0.0389999999999873 0.442000000000007 0.0349999999999682
 8.32099999999627 7.73699999996461 7.60700000001816 7.49599999998463 8.25299999996787 7.61999999999534 6.66899999999441 7.79800000000978 7.56099999998696 7.57000000000698
 0 0 0 0 0 0 0 0 0 0
 0 0 0 0 0 0 0 0 0 0
 2.33499999999913 2.32299999999668 2.43000000000029 2.52599999999802 2.34799999999814 2.33899999999994 2.27899999999499 2.34599999999773 2.3289999999979 2.33200000000215
 0.0650000000000546 0.0600000000000591 0.0670000000000073 0.0629999999999882 0.0629999999999882 0.0660000000000309 0.0630000000001019 0.0610000000000355 0.0660000000000309 0.0630000000001019
 2.40100000001257 2.38200000004144 2.49699999997392 2.59000000002561 2.41399999998976 2.40500000002794 2.3410000000149 2.40799999999581 2.39500000001863 2.39500000001863
 0 0 0 0 0 0 0 0 0 0
 0 0 0 0 0 0 0 0 0 0
 26.9809999999998 26.7259999999951 26.648000000001 26.1549999999988 26.890999999996 26.1140000000014 24.3819999999978 26.1699999999983 25.8889999999956 26.1670000000013
 0.240000000000009 0.22199999999998 0.235000000000014 0.238000000000056 0.23599999999999 0.245000000000005 0.230999999999995 0.221000000000004 0.631999999999948 0.201000000000022
 25.5630000000237 25.1810000000405 24.9400000000023 24.6459999999497 25.4649999999674 24.6869999999763 22.9109999999637 24.6680000000051 24.5400000000373 24.6930000000284
 0 0 0 0 0 0 0 0 0 0
 0 0 0 0 0 0 0 0 0 0
 690.273000000001 696.723000000005 692.031000000003 681.404999999999 701.25 677.168000000005 657.980000000003 687.470999999998 686.516000000003 687.716999999997
 9.93400000000008 9.86099999999999 9.94499999999994 9.89800000000002 9.83799999999997 9.84400000000005 9.87300000000005 9.93299999999999 9.95600000000002 9.98599999999999
 674.774999999965 679.518999999971 674.103999999992 665.752000000037 684.710000000021 661.98000000004 641.72100000002 671.150000000023 671.366999999969 672.380000000005
 0 0 0 0 0 0 0 0 0 0
 0 0 0 0 0 0 0 0 0 0
