V1 V2 V3 V4 V5 V6 V7 V8 V9 V10
sam 5.30999999999995 5.51199999999972 5.44200000000001 5.41699999999992 5.48099999999977 5.3739999999998 5.35699999999997 5.24900000000025 6.09999999999991 5.73700000000008
geode 0.0280000000000058 0.0430000000000064 0.0300000000000011 0.0310000000000059 0.0109999999999957 0.0310000000000059 0.0240000000000009 0.0330000000000155 0.0300000000000011 0.00799999999998136
ref 5.34200000000055 5.5600000000004 5.47500000000036 5.45299999999952 5.49600000000009 5.40800000000036 5.38600000000042 5.28600000000006 6.13400000000001 5.75
infog 0 0 0 0 0 0 0 0 0 0
func 0 0 0 0 0 0 0 0 0 0
EFSOS 5.22000000000025 4.94999999999982 4.98299999999972 4.95400000000018 5.03999999999996 4.82999999999993 4.76999999999998 4.77199999999993 5.19500000000016 5.3159999999998
EFSIS 0.128 0.126000000000005 0.132999999999996 0.121000000000009 0.125 0.14100000000002 0.131999999999977 0.126999999999981 0.131 0.120000000000005
 5.35300000000007 5.08100000000013 5.11899999999969 5.07999999999993 5.16899999999987 4.97599999999966 4.90599999999995 4.90200000000004 5.33100000000013 5.44200000000001
 0 0 0 0 0 0 0 0 0 0
 0 0 0 0 0 0 0 0 0 0
 8.76699999999983 7.80000000000018 7.81600000000026 7.79799999999977 8.0630000000001 7.5630000000001 7.5 7.89399999999978 7.83100000000013 8.21900000000005
 0.0550000000000068 0.113 0.0679999999999978 0.0769999999999982 0.0989999999999895 0.107999999999976 0.0580000000000211 0.046999999999997 0.113999999999976 0.085000000000008
 8.82799999999952 7.91899999999987 7.89100000000053 7.88000000000011 8.17000000000007 7.67700000000059 7.56400000000031 7.94700000000012 7.95100000000002 8.30999999999949
 0 0 0 0 0 0 0 0 0 0
 0 0 0 0 0 0 0 0 0 0
 2.34999999999991 2.25900000000001 2.30899999999974 2.36900000000014 2.36400000000003 2.28600000000006 2.2529999999997 2.30500000000029 2.37699999999995 2.33899999999994
 0.0659999999999883 0.0629999999999882 0.0600000000000023 0.0629999999999882 0.0630000000000166 0.0640000000000214 0.0629999999999882 0.0649999999999977 0.0649999999999977 0.0670000000000073
 2.41800000000057 2.32299999999941 2.37100000000009 2.4340000000002 2.42699999999968 2.35099999999966 2.3179999999993 2.37299999999959 2.44300000000021 2.40700000000015
 0 0 0 0 0 0 0 0 0 0
 0 0 0 0 0 0 0 0 0 0
 22.902 21.7429999999999 21.7889999999998 22.3220000000001 22.1589999999997 21.2239999999997 21.0599999999999 21.3969999999999 22.7289999999998 22.7849999999999
 0.280000000000001 0.347000000000008 0.292999999999992 0.296999999999997 0.298000000000002 0.346000000000004 0.278999999999996 0.274000000000001 0.345999999999975 0.280999999999977
 23.201 22.1080000000002 22.0980000000009 22.6379999999999 22.4750000000004 21.5860000000002 21.3580000000002 21.6869999999999 23.0920000000006 23.085
 0 0 0 0 0 0 0 0 0 0
 0 0 0 0 0 0 0 0 0 0
 72.982 73.1320000000001 72.433 72.4189999999999 74.116 70.3400000000001 70.4969999999998 70.8090000000002 73.1990000000001 75.5630000000001
 3.473 3.566 6.875 3.512 6.68499999999997 3.31200000000001 3.25399999999999 3.17500000000001 3.19000000000003 3.28900000000002
 115.602 117.113 158.482 113.282 156.371 113.704 112.6 110.804 113.432 117.114
 1666.329 1690.974 3313.056 1696.653 3180.661 1687.636 1688.678 1642.031 1574.37699999999 1682.603
 99.5169999999998 92.6570000000006 197.27 99.4070000000002 170.427 96.6030000000001 95.8090000000002 99.4250000000002 84.4879999999994 97.7020000000002
