V1 V2 V3 V4 V5 V6 V7 V8 V9 V10
sam 7.63300000000163 8.12700000000041 8.0679999999993 7.83599999999933 7.59200000000055 7.83199999999852 7.77799999999843 7.875 7.895999999997 8.09700000000157
geode 0.0360000000000582 0.000999999999976353 0.0119999999999436 0.0390000000002146 0.056999999999789 0.0709999999999127 0.0760000000000218 0.0819999999994252 0.0820000000003347 0.079000000000633
ref 7.68599999998696 8.13499999999476 8.08699999999953 7.88099999999395 7.65499999999884 7.90899999999965 7.86000000000058 7.96300000000338 7.98399999999674 8.1820000000007
infog 0 0 0 0 0 0 0 0 0 0
func 0 0 0 0 0 0 0 0 0 0
EFSIS 4.79499999999825 4.81899999999951 0.493999999998778 1.00600000000122 3.78800000000047 4.78399999999965 4.9230000000025 4.66999999999825 4.72100000000137 4.77899999999499
 0.150999999999954 0.134000000000015 37.7860000000001 10.1080000000002 2.53099999999995 0.175000000000182 0.175000000000182 0.195999999999913 0.179999999999382 0.178999999999178
 4.96500000001106 4.95700000000943 67.8610000000044 20.1600000000035 7.75400000000081 4.96300000000338 5.10199999999895 4.86999999999534 4.90399999999499 4.96199999999953
 0 0 0 0 0 0 0 0 0 0
 0 0 0 0 0 0 0 0 0 0
 9.2510000000002 9.21800000000076 0 5.66699999999764 8.22199999999793 8.29500000000189 8.37999999999738 8.55099999999948 8.66600000000108 8.89099999999598
 0.0450000000000728 0.0309999999999491 21.021 3.20899999999983 0.100999999999658 0.0950000000002547 0.109999999999673 0.146999999999935 0.132000000000517 0.111000000000786
 7.10699999998906 7.22399999998743 7.23799999999756 7.25100000000384 6.55899999999383 6.55100000000675 6.62599999998929 6.86900000000605 6.9890000000014 7.14700000001176
 0 0 0 0 0 0 0 0 0 0
 0 0 0 0 0 0 0 0 0 0
 2.1929999999993 2.17599999999948 0 2.19499999999971 2.16300000000047 2.15399999999863 2.20300000000134 2.20899999999892 2.15399999999863 2.16700000000128
 0.0699999999999363 0.0610000000000355 0 0.0799999999999272 0.081000000000131 0.0799999999999272 0.0799999999999272 0.101000000000568 0.0889999999999418 0.0909999999994398
 2.26900000000023 2.24000000000524 2.60000000000582 2.27700000000186 2.24599999999919 2.23500000000058 2.28700000001118 2.3119999999908 2.2450000000099 2.25899999999092
 0 0 0 0 0 0 0 0 0 0
 0 0 0 0 0 0 0 0 0 0
 25.0869999999995 25.5720000000001 8.56199999999808 18.0119999999988 23 24.3009999999995 24.5319999999992 24.5369999999966 24.6599999999999 25.2649999999994
 0.307000000000016 0.227999999999952 58.819 13.4430000000002 2.78099999999995 0.432999999999993 0.453999999999724 0.541999999999462 0.497000000000298 0.475000000000364
 23.2489999999962 23.7899999999936 87.1330000000016 38.8839999999909 25.4619999999995 22.9070000000065 23.1359999999986 23.2639999999956 23.3589999999967 23.8970000000118
 0 0 0 0 0 0 0 0 0 0
 0 0 0 0 0 0 0 0 0 0
 1199.344 750.380999999998 597.648000000001 785.384000000002 926.626 1023.038 1051.751 1101.457 1194.37 1204.792
 10.95 1218.925 1400.97 873.184 578.173 379.939 354.946000000001 215.038 24.8369999999995 47.4169999999995
 1118.016 2396.16800000001 2645.01300000001 2080.675 1737.41099999999 1519.935 1501.61599999999 1330.54000000001 1129.179 1175.40199999999
 0 0 0 0 0 0 0 0 0 0
 0 0 0 0 0 0 0 0 0 0
