V1 V2 V3 V4 V5 V6 V7 V8 V9 V10
sam 8.2400000000016 7.88899999999921 8.36499999999796 7.80500000000029 8.50200000000041 7.80099999999948 7.85900000000038 7.52200000000084 7.86700000000201 7.63999999999942
geode 0.0040000000000191 0.00500000000010914 0.0080000000000382 0.0309999999999491 0.055000000000291 0.068000000000211 0.0649999999995998 0.0719999999992069 0.108000000000175 0.161000000000058
ref 8.24899999998161 7.89999999999418 8.37900000001537 7.84200000000419 8.56299999999464 7.87400000001071 7.93000000002212 7.59900000001653 7.98099999999977 7.8070000000007
infog 0 0 0 0 0 0 0 0 0 0
func 0 0 0 0 0 0 0 0 0 0
EFSIS 5.00300000000061 4.18000000000029 2.69499999999971 1.27399999999761 4.99799999999959 4.63800000000265 4.70599999999831 1.30600000000049 3.56499999999869 4.21099999999933
 0.130999999999972 1.09899999999993 5.30600000000004 33.8380000000002 0.194999999999709 0.655999999999949 0.153000000000247 30.0350000000008 13.1869999999999 5.98899999999958
 5.15400000000955 6.08299999998417 10.5409999999974 53.6410000000033 5.19800000000396 5.64499999998952 4.86199999999371 39.6579999999958 25.7289999999921 12.5320000000065
 0 0 0 0 0 0 0 0 0 0
 0 0 0 0 0 0 0 0 0 0
 9.13999999999942 8.1359999999986 8.36900000000242 0 8.48600000000079 8.82099999999991 8.35600000000341 0 2.64600000000064 6.25
 0.00900000000001455 0.00900000000001455 0.0119999999999436 9.85799999999972 0.069999999999709 0.0820000000003347 0.0749999999998181 0 4.58799999999974 0.171000000000276
 7.62099999998463 6.52900000000955 7.14100000000326 6.44200000001001 6.71899999998277 7.32099999999627 6.89199999999255 7.22299999999814 6.86199999999371 6.56100000001607
 0 0 0 0 0 0 0 0 0 0
 0 0 0 0 0 0 0 0 0 0
 2.22499999999854 2.21300000000338 2.23400000000038 0 2.3080000000009 2.16999999999825 2.19799999999668 0.752000000000407 2.15799999999945 2.18700000000172
 0.116999999999962 0.0640000000000782 0.0670000000000073 0 0.0970000000006621 0.0760000000000218 0.0770000000002256 0.298999999999978 0.0970000000006621 0.106999999999971
 2.34500000000116 2.27900000000955 2.30299999998533 2.32300000000396 2.40600000001723 2.24900000001071 2.27499999999418 2.57399999999325 2.25700000001234 2.2949999999837
 0 0 0 0 0 0 0 0 0 0
 0 0 0 0 0 0 0 0 0 0
 25.9099999999999 23.7099999999991 23.005000000001 9.0789999999979 25.648000000001 24.6640000000007 24.387999999999 10.8680000000022 17.5010000000002 21.5570000000007
 0.302999999999997 1.17900000000009 5.39499999999998 43.7269999999999 0.42699999999968 0.895000000000437 0.380999999999403 30.4179999999997 17.9989999999998 6.45600000000013
 24.7139999999781 24.0859999999811 29.7090000000026 71.5330000000249 24.2509999999893 24.3369999999995 23.2400000000198 58.3550000000105 44.1139999999723 30.4930000000168
 0 0 0 0 0 0 0 0 0 0
 0 0 0 0 0 0 0 0 0 0
 1157.642 1068.25 592.333999999999 823.184000000001 911.698 1147.136 983.839 651.629999999997 468.794000000002 1114.592
 39.112 320.185 1729.903 962.437 890.351000000001 92.2300000000005 636.023 1281.397 2144.746 333.237999999999
 1141.573 1468.90900000001 2958.46600000001 2177.29999999999 2099.916 1205.05299999999 1818.50599999999 2576.655 3634.36000000002 1464.935
 0 0 0 0 0 0 0 0 0 0
 0 0 0 0 0 0 0 0 0 0
