V1 V2 V3 V4 V5 V6 V7 V8 V9 V10
sam 8.108 8.73299999999998 8.477 8.90500000000003 8.21799999999996 8.30100000000004 8.07100000000003 7.90899999999999 8.05099999999993 7.99299999999994
geode 0.0539999999999999 0.0129999999999999 0 0 0.0880000000000001 0.00100000000000122 0.0109999999999992 0 0 0
ref 8.167 8.75200000000001 8.483 8.911 8.31199999999995 8.30799999999999 8.0870000000001 7.91599999999994 8.05800000000011 8
infog 0 0 0 0 0 0 0 0 0 0
func 0 0 0 0 0 0 0 0 0 0
EFSIS 4.92 4.88900000000001 4.81100000000001 5.50400000000002 4.34900000000005 4.95799999999997 4.27700000000004 4.17499999999995 4.846 4.88999999999999
 0.125 0.123 0.13 0.124 0.125999999999999 0.141999999999999 0.122 0.125999999999999 0.135 0.131
 5.05099999999999 5.01599999999999 4.94600000000003 5.63300000000004 4.47900000000004 5.10400000000004 4.40299999999991 4.30400000000009 4.98399999999992 5.024
 0 0 0 0 0 0 0 0 0 0
 0 0 0 0 0 0 0 0 0 0
 9.181 8.995 9.54600000000002 9.39599999999996 9.54199999999997 9.00300000000004 9.44799999999998 8.90800000000002 8.83000000000004 9.05200000000002
 0.826 0.0979999999999999 0.161 0.0999999999999996 0.0920000000000005 0.0999999999999996 0.072000000000001 0.0739999999999998 0.559000000000001 0.102
 7.79000000000001 7.42000000000002 7.97899999999998 7.863 7.93799999999999 7.43499999999995 7.83100000000002 7.40499999999997 7.19600000000003 7.41100000000006
 0 0 0 0 0 0 0 0 0 0
 0 0 0 0 0 0 0 0 0 0
 2.625 2.303 2.27499999999998 2.30200000000002 2.41699999999997 2.3599999999999 2.322 2.30700000000002 2.29100000000005 2.29599999999994
 0.0629999999999999 0.0649999999999999 0.0609999999999999 0.0620000000000003 0.0609999999999999 0.0660000000000007 0.0670000000000002 0.0609999999999999 0.0640000000000001 0.0640000000000001
 2.69 2.369 2.33600000000001 2.36699999999996 2.47899999999998 2.42899999999997 2.38900000000001 2.37 2.35699999999997 2.36199999999997
 0 0 0 0 0 0 0 0 0 0
 0 0 0 0 0 0 0 0 0 0
 26.044 26.238 26.683 27.428 25.843 25.948 25.417 24.597 25.299 25.519
 1.068 0.3 0.354 0.287 0.367 0.31 0.273999999999999 0.262 0.759 0.299000000000001
 24.909 24.878 25.321 26.096 24.526 24.603 24.014 23.295 23.878 24.087
 0 0 0 0 0 0 0 0 0 0
 0 0 0 0 0 0 0 0 0 0
 82.515 81.041 80.085 82.828 81.17 79.2910000000001 79.167 79.7389999999999 79.122 79.681
 1.041 1.009 1.014 1.077 1.107 0.99 0.989000000000001 0.991999999999999 0.991999999999999 0.991999999999999
 81.177 79.634 78.58 81.399 79.5910000000001 77.6930000000001 77.72 78.287 77.612 78.1750000000001
 0 0 0 0 0 0 0 0 0 0
 0 0 0 0 0 0 0 0 0 0
