V1 V2 V3 V4 V5 V6 V7 V8 V9 V10
sam 5.379 5.81399999999985 5.65999999999985 5.66100000000006 6.45600000000013 10.3629999999994 7.5049999999992 5.996000000001 6.46099999999933 5.61299999999937
geode 0.22 0.0080000000000009 0.00200000000000244 0 0.00100000000000477 0 0.00200000000000955 0 0 0.00100000000000477
ref 5.609 5.82600000000002 5.66800000000012 5.66699999999992 6.46299999999974 10.518 7.51500000000124 6 6.46700000000055 5.6190000000006
infog 0 0 0 0 0 0 0 0 0 0
func 0 0 0 0 0 0 0 0 0 0
EFSIS 5.749 5.73700000000008 5.83800000000019 5.08499999999958 5.43599999999969 9.93100000000049 6.47500000000036 5.08499999999913 5.52000000000044 4.98199999999997
 0.13 0.125999999999999 0.137 0.139000000000003 0.137 0.134 0.135999999999996 0.140000000000001 0.129999999999995 0.128
 5.979 5.86799999999994 5.98000000000002 5.22699999999986 5.57499999999982 10.076 6.61699999999837 5.22899999999936 5.65400000000045 5.11399999999958
 0 0 0 0 0 0 0 0 0 0
 0 0 0 0 0 0 0 0 0 0
 9.703 10.479 9.06100000000015 10.4230000000002 10.3410000000003 14.5569999999998 12.0380000000005 9.33400000000074 10.1149999999998 9.70800000000054
 0.731 0.0080000000000009 0.0069999999999979 0.107999999999997 0.00399999999999778 0.0399999999999991 0.00400000000000489 0.027000000000001 0.0100000000000051 0.007000000000005
 8.52200000000001 8.99800000000005 7.4680000000003 8.85699999999997 8.55400000000009 12.6970000000001 10.4240000000009 7.76800000000003 8.46699999999873 7.88999999999942
 0 0 0 0 0 0 0 0 0 0
 0 0 0 0 0 0 0 0 0 0
 2.319 2.50800000000004 2.37800000000016 2.34299999999985 2.83100000000013 4.54100000000017 2.49699999999939 2.50699999999961 2.39099999999962 2.35100000000057
 0.0619999999999998 0.0719999999999992 0.0640000000000001 0.0620000000000047 0.0649999999999977 0.0710000000000051 0.063999999999993 0.0660000000000025 0.0619999999999976 0.0649999999999977
 2.382 2.58199999999988 2.44499999999971 2.4079999999999 2.93299999999999 4.61899999999969 2.5619999999999 2.57500000000073 2.45400000000154 2.41899999999987
 0 0 0 0 0 0 0 0 0 0
 0 0 0 0 0 0 0 0 0 0
 24.278 25.6559999999999 24.1109999999999 25.1639999999998 26.8289999999997 41.5519999999997 29.9569999999985 24.2620000000006 25.8029999999999 24.4179999999997
 1.143 0.215000000000002 0.211000000000002 0.309000000000005 0.207000000000001 0.247 0.208000000000013 0.234999999999999 0.203999999999994 0.201999999999998
 23.622 24.394 22.7370000000001 23.8119999999999 25.2929999999997 40.0789999999997 28.5630000000001 22.9179999999997 24.3610000000008 22.8079999999991
 0 0 0 0 0 0 0 0 0 0
 0 0 0 0 0 0 0 0 0 0
 1176.921 1192.493 1205.295 1252.316 1799.155 2087.727 1226.16 1218.174 1287.687 1716.951
 10.856 10.135 11.475 11.502 12.052 12.437 10.757 10.656 10.622 12.282
 1109.807 1122.387 1137.152 1180.767 1719.3 2001.373 1162.589 1147.654 1218.937 1926.906
 0 0 0 0 0 0 0 0 0 0
 0 0 0 0 0 0 0 0 0 0
