V1 V2 V3 V4 V5 V6 V7 V8 V9 V10
sam 8.4900000000016 8.42900000000009 8.23800000000119 8.39600000000064 8.3839999999982 8.35000000000218 8.03600000000006 7.95999999999913 7.97300000000178 7.97499999999854
geode 0 0.00199999999995271 0.0029999999999859 0.000999999999976353 0.000999999999976353 0.0040000000000191 0.00300000000004275 0.000999999999976353 0 0.00300000000004275
ref 8.49000000004889 8.43300000001909 8.24100000003818 8.39500000001863 8.38199999998324 8.35300000000279 8.04000000003725 7.95899999997346 7.97299999999814 7.97599999996601
infog 0 0 0 0 0 0 0 0 0 0
func 0 0 0 0 0 0 0 0 0 0
EFSIS 4.21500000000015 4.96199999999953 4.84100000000035 4.89999999999782 4.92400000000271 4.85900000000038 4.8650000000016 4.73500000000058 4.74399999999878 4.81999999999971
 0.135999999999967 0.123000000000047 0.128000000000043 0.118000000000052 0.120000000000005 0.132999999999925 0.127999999999929 0.136000000000081 0.129000000000019 0.125
 4.35099999996601 5.08600000001024 4.96700000000419 5.01699999999255 5.04399999999441 4.99099999997998 4.98999999999069 4.86999999999534 4.87300000002142 4.94599999999627
 0 0 0 0 0 0 0 0 0 0
 0 0 0 0 0 0 0 0 0 0
 9.97999999999956 9.33399999999892 9.17199999999866 9.94900000000052 10.1049999999996 9.59299999999712 9.28799999999683 9.56499999999869 9.1260000000002 9.16700000000128
 0.0400000000000205 0.0459999999999923 0.0399999999999636 0.0509999999999877 0.0509999999999877 0.0500000000000682 0.0410000000000537 0.0579999999999927 0.475999999999999 0.0369999999999209
 8.18400000000838 7.7149999999674 7.46099999995204 8.12299999996321 8.24600000004284 7.56600000004983 7.2839999999851 7.63899999996647 7.22899999999208 7.19800000003306
 0 0 0 0 0 0 0 0 0 0
 0 0 0 0 0 0 0 0 0 0
 2.60900000000038 2.33499999999913 2.28700000000026 2.43000000000029 2.33499999999913 2.41400000000067 2.31900000000314 2.27600000000166 2.33599999999933 2.31499999999869
 0.0629999999999882 0.0629999999999882 0.0609999999999786 0.0660000000000309 0.0629999999999882 0.0589999999999691 0.0620000000000118 0.0660000000000309 0.0629999999999882 0.0610000000000355
 2.6710000000312 2.3980000000447 2.34900000004563 2.49400000000605 2.39999999996508 2.47199999995064 2.38099999999395 2.34000000002561 2.40000000002328 2.37599999998929
 0 0 0 0 0 0 0 0 0 0
 0 0 0 0 0 0 0 0 0 0
 26.6630000000005 26.4099999999999 25.8400000000001 27.0159999999996 27.0720000000001 26.5360000000001 25.7799999999988 25.7860000000001 25.4110000000001 25.4989999999998
 0.239999999999952 0.234999999999957 0.235000000000014 0.237000000000023 0.234999999999957 0.246999999999957 0.235000000000014 0.262000000000057 0.671000000000049 0.225999999999999
 25.0660000000498 24.9820000000182 24.3209999999963 25.3699999999953 25.3960000000079 24.7029999999795 23.9670000000042 24.0590000000084 23.7080000000424 23.7189999999828
 0 0 0 0 0 0 0 0 0 0
 0 0 0 0 0 0 0 0 0 0
 686.695 676.540999999997 681.576000000001 686.277999999998 699.133999999998 670.220000000001 661.475000000002 664.18 661.646000000001 666.192999999999
 9.75400000000002 9.69200000000001 10.016 9.92699999999996 9.75500000000005 9.88499999999999 10.015 9.92999999999995 9.88999999999999 9.97299999999996
 669.616999999969 660.314000000013 665.72000000003 665.650000000023 677.599999999977 649.233000000007 640.79700000002 643.142999999982 639.907000000007 645.040999999968
 0 0 0 0 0 0 0 0 0 0
 0 0 0 0 0 0 0 0 0 0
