@relation it15
@attribute AFFX-HUMGAPDH_M33197_M_at numeric
@attribute AC000061_cds3_at numeric
@attribute AC002045_xpt1_at numeric
@attribute AF002224_at numeric
@attribute D13897_rna2_at numeric
@attribute D13900_at numeric
@attribute D14686_at numeric
@attribute D28124_at numeric
@attribute D29956_at numeric
@attribute D43638_at numeric
@attribute D83542_at numeric
@attribute D86977_at numeric
@attribute D87673_at numeric
@attribute HG2525-HT2621_at numeric
@attribute HG2602-HT2698_at numeric
@attribute HG4460-HT4729_at numeric
@attribute J04823_rna1_at numeric
@attribute L02840_at numeric
@attribute L13923_at numeric
@attribute L17131_rna1_at numeric
@attribute L33243_at numeric
@attribute L48546_at numeric
@attribute M11437_cds2_at numeric
@attribute M18728_at numeric
@attribute M23379_at numeric
@attribute M32011_at numeric
@attribute M33987_at numeric
@attribute M34181_at numeric
@attribute M55593_at numeric
@attribute M60854_at numeric
@attribute M73547_at numeric
@attribute M76559_at numeric
@attribute M79462_at numeric
@attribute M84526_at numeric
@attribute M96739_at numeric
@attribute M98539_at numeric
@attribute S69115_at numeric
@attribute S69232_at numeric
@attribute S71824_at numeric
@attribute S76475_at numeric
@attribute S78296_at numeric
@attribute U07563_cds1_at numeric
@attribute U08998_at numeric
@attribute U10550_at numeric
@attribute U12595_at numeric
@attribute U14391_at numeric
@attribute U17886_at numeric
@attribute U21936_at numeric
@attribute U23946_at numeric
@attribute U28963_at numeric
@attribute U37673_at numeric
@attribute U41737_at numeric
@attribute U50136_rna1_at numeric
@attribute U52153_at numeric
@attribute U55258_at numeric
@attribute U60519_at numeric
@attribute U70867_at numeric
@attribute U77604_at numeric
@attribute X15882_at numeric
@attribute X54938_at numeric
@attribute X59656_at numeric
@attribute X63657_at numeric
@attribute X69150_at numeric
@attribute X69636_at numeric
@attribute X80026_at numeric
@attribute X87241_at numeric
@attribute X91809_at numeric
@attribute X94703_at numeric
@attribute X99050_rna1_at numeric
@attribute Y07604_at numeric
@attribute Z26317_at numeric
@attribute L04731_at numeric
@attribute U22816_at numeric
@attribute D86974_at numeric
@attribute D28473_s_at numeric
@attribute D43682_s_at numeric
@attribute X52896_s_at numeric
@attribute M17863_s_at numeric
@attribute HG3925-HT4195_at numeric
@attribute U09937_rna1_s_at numeric
@attribute HG4334-HT4604_s_at numeric
@attribute X54867_s_at numeric
@attribute Z68280_cds2_s_at numeric
@attribute L03840_s_at numeric
@attribute L25286_s_at numeric
@attribute X02875_s_at numeric
@attribute M14328_s_at numeric
@attribute M19878_s_at numeric
@attribute Y10141_s_at numeric
@attribute U31973_s_at numeric
@attribute S78693_f_at numeric
@attribute D17793_at numeric
@attribute L13943_at numeric
@attribute D64015_at numeric
@attribute Z17240_at numeric
@attribute CLASS {'0','1'}
@data
8194,-8,334,71,157,1521,198,4384,284,309,979,718,500,110,79,-191,6377,383,802,3978,691,1155,-70,-36,828,-11,-87,163,656,17858,972,-3,48,-132,738,2623,75,-3,310,1325,1028,148,375,152,1790,364,743,43,576,240,243,22,746,-51,228,28,174,457,2262,637,-127,405,15330,47,-5,152,186,-12,143,1079,-92,11,-10,7363,951,1148,217,527,66,342,75,-17,308,403,85,89,9739,-9,853,-92,37,9,12,120,109,'0'
10398,29,314,559,179,1576,336,1773,128,537,654,96,506,490,140,-61,1900,114,539,379,1032,1835,43,-122,626,33,98,223,3818,9909,1799,138,148,-255,1584,1793,-219,-55,450,429,3494,-5,-189,130,589,399,209,142,713,543,344,13,276,166,1022,7,893,575,3047,65,-201,132,7526,326,526,-31,326,-166,199,1487,-312,751,35,29351,183,2566,611,209,19,581,-15,3,1200,-92,41,5,1910,87,680,-87,75,-29,-31,264,110,'0'
15997,-79,546,899,626,4500,893,3849,403,1176,937,581,785,1611,123,-193,6932,1894,483,1420,-1872,4294,47,-305,1420,378,209,851,1274,17666,2104,314,257,-731,584,4240,-219,-19,460,85,6093,-143,-931,73,266,905,276,158,473,1789,305,-384,2139,130,295,279,791,1735,263,-187,-743,123,12129,432,149,54,867,-174,92,-241,-190,2495,-3,19010,460,2968,527,365,149,88,114,0,1659,-327,-69,400,2078,931,813,-73,3,28,63,146,311,'0'
6733,-35,281,283,462,2259,347,3007,186,562,615,840,654,332,84,171,2021,416,1563,1339,1129,1975,-99,-120,296,-109,51,416,1814,10073,641,199,125,-214,689,5701,-166,-28,603,4587,1566,-429,-125,311,513,669,286,143,884,697,516,-38,1080,0,28,10,482,940,9404,15,-263,150,8172,574,431,68,424,-76,222,421,-66,1579,-35,39099,436,2570,899,1456,61,1157,17,33,1121,-68,-2,168,2259,252,1546,-7,51,12,79,-53,61,'0'
8994,38,350,1151,833,2400,959,3579,263,1710,2767,241,2110,230,378,93,3496,476,345,537,2038,3611,-27,-411,591,115,202,438,920,4653,844,202,405,-937,1003,2439,-235,10,1710,4697,1929,-224,-1244,427,526,301,328,197,2017,1227,1024,-38,1710,49,49,-137,2022,1600,2696,805,-893,367,3529,580,876,-5,559,-301,317,937,-109,1518,-43,78252,454,4543,838,624,131,613,158,21,2192,-5,38,548,2017,5,20926,-142,65,98,-71,268,235,'0'
14108,-105,362,914,656,4492,457,4135,373,1949,3967,693,2138,1245,520,-105,3284,362,436,362,2254,1870,152,-446,819,147,194,1565,814,8092,1923,231,388,-215,1250,4498,-110,-105,914,1418,2138,378,-683,819,178,1355,31,-120,693,746,709,-152,2827,215,215,178,1534,1896,425,877,-625,120,5848,483,777,-73,546,-15,-15,646,-1255,-1203,-10,18538,388,3473,667,415,162,2017,136,-131,2664,-357,183,294,2837,52,11471,-5,63,131,63,373,1261,'0'
9920,120,144,386,349,1075,627,820,75,96,1002,799,1135,576,7,-306,1879,225,146,868,845,442,-65,-137,390,5,-45,387,722,17668,488,45,24,-202,4316,2874,-9,-52,488,1275,1481,-374,-18,105,-114,363,79,70,522,471,-103,-85,1204,235,834,11,286,721,363,732,-86,339,13596,285,269,154,178,5,110,1308,-232,123,-29,6950,89,848,1302,501,65,623,-82,-25,597,116,-7,119,2357,4,980,-198,202,48,52,237,56,'0'
12821,-22,118,336,181,1815,706,3704,133,517,312,302,330,163,19,-145,2226,49,451,328,801,903,101,-34,517,39,47,204,3158,12740,1748,130,90,-83,1723,2260,1,-91,568,307,3668,206,-90,287,669,308,428,26,598,582,405,-31,1630,26,2570,-19,830,500,1360,238,-122,226,7359,141,26,-31,187,-5,78,906,-63,649,17,11836,533,1868,642,279,149,553,61,-49,1124,47,-14,198,3899,-3,690,-33,59,62,22,3,67,'0'
2681,-93,215,274,536,1025,113,1585,70,242,618,430,82,113,78,58,1189,97,970,360,1381,935,133,35,164,39,133,93,915,13054,328,93,207,-395,2289,1945,-293,70,904,9007,379,93,-3,101,567,-211,223,109,46,360,23,70,125,31,129,35,540,563,2266,328,-105,50,23509,172,211,19,90,-3,168,481,-62,285,90,24371,-50,1131,-367,962,46,270,43,27,90,-35,23,133,2219,97,58,-70,27,254,70,-50,93,'0'
16550,-34,117,291,390,1104,92,473,191,168,499,332,316,374,13,-64,2794,376,73,3254,30,1181,-53,-191,510,187,41,122,325,8736,501,231,131,-147,730,416,-219,-78,864,104,1127,-228,-57,164,866,390,187,175,598,647,748,-76,610,27,383,53,459,432,367,18,-265,131,14324,348,221,150,499,32,83,1125,-385,776,80,9852,180,1939,233,201,41,483,69,55,947,-208,94,120,1809,-4,635,-20,94,-32,275,182,305,'0'
19660,192,771,6908,2892,3169,544,3135,125,704,1945,1333,100,645,41,1626,3269,293,452,2129,2179,3420,234,-343,788,-58,-16,855,1903,5105,1643,519,335,-612,3697,2179,-435,-75,670,2154,2858,-880,50,276,746,578,285,67,-176,729,184,-50,846,368,1190,159,352,1400,1827,796,-779,553,2380,829,402,746,829,-8,67,-536,-301,-905,209,22435,301,2523,209,326,-33,603,-108,-41,1198,-1802,125,268,4066,-8,930,-117,-117,-318,368,486,486,'0'
16260,176,197,592,354,2732,643,2497,218,568,1310,760,739,405,146,-165,4475,232,314,1441,1353,3554,-50,-208,784,165,48,776,456,12252,1673,229,106,-133,709,2103,-189,141,1491,2233,1694,-45,-197,672,448,493,90,154,1315,605,621,29,1168,106,114,21,939,928,1665,613,-157,168,9458,381,112,0,216,-66,269,1804,-104,480,61,22228,451,1449,218,483,264,146,154,-24,2137,141,-109,149,2767,-42,12444,10,82,312,53,32,-21,'0'
11815,-59,440,4800,5113,1679,253,1679,127,312,1883,348,546,285,54,1651,1025,340,65,1164,898,3366,-27,-119,427,73,73,612,1499,10398,405,250,307,-323,4805,2144,-375,-111,538,2321,2318,-263,-141,157,348,389,0,127,353,152,329,-81,2051,70,443,149,889,917,1425,212,-326,266,7314,495,220,92,402,-108,89,772,-171,-65,35,6476,353,1708,206,321,29,443,-87,21,1039,97,-21,446,1110,-13,5347,68,122,149,81,165,190,'0'
18355,91,391,681,459,2713,638,4164,207,324,769,667,1654,-135,111,43,3632,860,565,459,899,2268,212,-174,328,72,67,1513,619,6582,3671,972,183,-575,333,1185,-633,-183,2350,2292,3023,58,-353,116,1064,512,275,241,386,725,715,145,1209,183,478,33,1054,1702,-222,149,-120,454,6810,203,309,48,266,-343,309,275,-590,1958,116,20716,372,3284,730,488,125,1073,-19,-14,2113,-266,-9,125,2249,256,3419,-62,256,207,29,512,237,'0'
9586,-2,117,522,205,1814,107,1643,-32,351,368,201,479,134,154,-199,3651,304,323,1868,734,1193,47,-218,640,-59,-115,81,389,12787,767,267,111,-265,4165,1671,-143,-53,833,3124,1759,-62,-132,115,578,347,353,139,218,709,636,42,895,117,762,23,329,537,1176,317,-169,57,14178,257,402,-21,229,-19,199,2684,-126,224,-19,20807,263,1343,929,387,156,122,-104,-8,799,-98,64,254,1088,175,1131,-79,57,66,57,139,102,'0'
13847,-20,286,416,174,2270,619,6113,82,387,472,452,777,-218,32,-64,2613,-27,1086,550,1061,765,18,-147,528,143,64,191,2427,10352,1564,64,98,-369,3311,1124,-340,-106,465,140,4378,-130,-262,104,218,380,282,57,133,492,309,25,1401,-88,462,-25,787,924,2659,243,-165,121,6931,211,260,6,348,22,172,1259,-45,169,-38,12756,369,2549,700,155,15,536,123,-55,1262,-279,5,225,3203,3,601,-72,1,104,13,25,250,'0'
7728,-52,251,361,249,2150,215,1899,112,1290,852,708,554,256,46,24,3156,575,312,1331,1743,3057,69,41,989,63,43,490,359,12093,863,3457,151,-408,5095,700,-378,-14,910,2375,1277,-103,20,157,612,462,355,121,966,666,1140,18,1436,112,65,14,590,1241,1676,668,-241,228,7483,393,430,-3,314,-101,185,1178,-237,479,119,25625,400,2360,406,280,-16,314,-24,-24,2931,-114,-39,162,2596,84,1028,-18,108,-56,-24,136,333,'0'
11829,-106,666,300,163,1545,615,3571,334,1060,1405,574,1168,440,37,-117,4695,223,524,1733,811,1308,55,-88,839,144,78,881,1609,14452,1333,111,71,-146,4549,1850,74,39,773,1934,1159,-57,239,1102,587,721,478,82,762,717,187,-20,2707,286,853,189,549,1084,4443,620,-279,239,13147,501,229,570,326,11,158,920,-289,856,64,5917,435,1903,855,418,120,534,394,-101,2072,203,318,230,10279,101,907,-6,63,142,89,236,542,'0'
8943,-89,294,94,323,2171,713,3074,117,199,511,367,625,595,146,65,2690,374,416,305,1234,616,50,-47,471,-1,152,94,6402,12574,2664,95,146,-244,1579,3628,-173,-53,473,443,3635,-116,-232,140,617,499,405,68,340,455,441,44,2037,46,679,168,814,1002,2253,510,-241,80,8134,323,283,-68,347,-71,141,1586,-198,888,513,15871,259,2049,470,231,4,713,59,59,1428,-277,276,173,2005,-23,964,-65,17,-5,19,71,114,'0'
9412,-229,534,1100,1402,2995,915,5103,307,702,1466,593,1556,453,419,391,2183,935,557,369,2679,1928,165,-576,389,391,285,484,1357,6901,1682,1542,-64,-251,3289,5058,-867,-47,870,3292,2696,-400,-593,363,814,792,254,285,1520,1201,755,-78,3174,-8,243,198,1391,1374,2536,475,-977,277,5688,708,1377,95,372,-260,165,1013,-783,1962,176,30417,475,4633,758,515,638,568,335,-282,2900,-610,439,495,2642,179,1836,-120,-50,128,72,204,282,'0'
17158,-79,199,494,333,646,611,1216,123,171,1013,329,707,72,127,202,1701,347,237,594,1037,1591,92,-151,295,17,58,147,920,13209,164,254,10,-494,3927,680,-333,61,2013,2137,773,-298,-443,316,82,274,199,120,587,443,123,192,1237,37,316,6,512,618,1161,323,-972,178,11185,134,247,178,0,17,120,1020,-185,804,99,18622,109,1632,223,1398,161,429,-82,44,780,-48,92,213,673,-44,13,-85,27,34,-41,134,195,'0'
7448,-141,1029,461,87,2828,1658,4447,417,1716,958,817,1015,675,-5,-268,2153,380,855,108,546,1326,-2,70,1365,13,-222,1109,6161,14033,3180,-33,275,-86,6607,2160,-14,1,1363,358,9246,216,-316,746,841,953,263,65,879,1216,742,-73,1960,56,3938,34,1452,1539,3689,817,-159,235,9300,662,301,98,404,-31,156,149,34,1134,99,6689,633,2723,398,570,57,726,98,44,1466,-63,164,251,4897,-158,360,-142,115,-9,36,412,551,'0'
9821,-72,749,402,358,2625,244,2636,267,1754,2869,558,579,602,89,-75,5693,110,539,2421,1768,1361,-10,-50,901,11,57,946,1511,14068,1340,30,357,-113,7704,3789,102,-40,563,4364,4002,128,116,250,699,617,407,66,1113,817,322,-39,2800,970,897,-3,680,1009,5351,520,-15,396,14987,534,124,258,347,-7,76,1062,-10,743,79,22291,583,1924,1514,4960,37,524,-31,-38,1316,98,323,232,7783,-78,1747,-21,41,9,51,761,390,'0'
15077,56,289,582,427,2412,260,675,54,1333,332,408,540,88,-47,-37,3624,197,106,1457,1455,1483,53,81,394,69,74,237,245,12606,783,108,121,-227,5242,3542,-102,-4,610,1499,2866,107,-7,222,694,263,335,54,636,455,564,57,1019,93,288,200,1097,579,656,290,-151,113,13425,316,220,113,174,-69,62,1221,-40,401,10,24278,238,1545,84,157,-14,340,96,32,278,-83,66,142,3388,83,1743,29,-51,-12,56,126,-2,'0'
16378,1,352,372,816,1828,499,2518,229,116,731,820,405,576,81,6,3411,1288,413,4466,673,1800,61,-115,1420,80,61,805,1496,11121,882,2380,127,-231,660,1821,-167,102,823,1989,4081,-65,169,619,763,492,417,5,1830,1036,623,-122,1547,-11,724,-65,514,706,2336,466,-173,144,5825,406,238,199,227,-79,94,373,-163,265,104,19454,750,5163,54,469,72,831,156,-79,1780,-47,169,101,4355,111,8572,-13,-49,20,40,229,244,'0'
10091,39,249,507,291,1975,389,1986,-27,383,604,351,382,-103,63,-179,1738,213,425,579,568,863,108,-39,108,79,41,190,2145,13805,814,121,159,-231,1204,1926,-121,-50,568,92,1582,52,-260,68,840,306,229,115,427,450,387,-90,1419,61,1251,47,516,441,1843,50,-90,-10,8116,97,137,56,222,-132,72,1140,202,488,-86,9086,269,1441,1265,217,306,271,83,-92,1135,-10,-38,119,2725,45,208,-168,-32,130,-57,30,144,'0'
11419,-71,392,378,475,2011,353,2306,152,126,720,362,880,298,82,5,1970,456,328,481,1458,944,-28,-60,1024,-35,-17,490,2160,17178,1074,96,171,-126,13637,3826,25,38,725,3815,2917,12,-137,73,418,335,230,67,942,698,319,25,4838,72,491,102,164,697,1724,348,-65,133,13902,576,113,166,234,20,57,544,-147,1145,21,18668,280,2391,809,1051,97,707,-10,10,2007,-109,34,281,2306,8,1145,-36,28,44,-8,150,291,'0'
12637,32,600,177,137,933,32,1095,86,830,926,511,500,306,34,-112,2641,100,428,1205,1036,1071,-49,28,632,70,7,404,1071,17788,779,-5,84,-142,4049,1677,105,34,572,1599,3097,34,17,148,447,307,439,62,244,529,464,-10,2221,1082,521,-31,229,694,1456,385,-32,106,17229,498,42,166,188,79,59,694,147,433,27,10716,299,791,986,517,91,408,0,-21,1167,-12,42,43,3999,-21,1871,-27,17,14,36,160,200,'0'
11579,-63,608,159,239,1841,692,2399,252,455,1139,495,656,225,84,-89,5298,356,315,4291,1284,1578,48,-11,958,150,50,1287,757,12149,1148,188,106,-168,484,933,-59,33,718,446,2746,256,100,275,568,290,331,39,477,556,580,-80,868,9,277,104,377,1040,304,367,-133,194,12065,659,179,296,257,68,192,1189,-158,342,56,11111,573,2037,638,369,102,744,91,-3,1344,155,33,148,3919,-65,1294,23,52,130,33,418,348,'0'
12041,-80,1283,7382,6994,6332,1916,6847,407,1326,1554,894,833,593,-75,635,6216,448,352,2876,1969,-2706,-542,195,1931,-41,92,1842,973,8363,1446,549,296,-183,7972,2995,-671,10,448,1144,1766,76,-954,2500,328,963,258,57,1069,545,698,-306,4516,180,997,98,1294,1700,1654,172,-64,1151,4037,888,340,154,1687,-64,200,-1219,-6,1678,142,9096,824,824,555,366,205,526,56,-61,1680,-295,50,922,4597,-191,32569,-73,109,165,77,374,541,'0'
11933,-33,320,5768,2443,1716,274,1469,135,884,1277,587,198,419,118,267,624,310,165,815,1089,2988,-310,-49,838,151,267,666,1040,9076,723,161,-26,-260,6359,1733,-409,95,505,5956,4655,-452,-353,89,353,406,303,250,406,498,591,-3,1178,425,442,158,941,752,2090,221,-310,122,7921,749,759,237,591,-36,198,-85,-125,700,141,20121,9,1677,630,993,132,538,-29,-198,1102,-416,19,280,1522,105,1366,300,155,42,-108,313,617,'0'
15249,-24,187,241,-90,335,210,924,94,45,88,468,212,-54,-38,-6,4059,19,477,2076,193,594,82,11,274,5,29,92,368,14124,648,58,67,-114,222,315,170,65,237,188,354,119,206,1200,752,362,495,7,202,613,98,15,374,-33,114,18,233,462,3305,297,-118,108,14561,203,110,990,279,56,180,1485,334,-101,43,21666,934,2798,-50,171,-40,138,310,39,1031,-17,-28,46,8797,97,347,-4,21,43,-16,43,89,'1'
1629,-112,77,-80,234,1488,623,2029,65,1470,1684,625,553,196,194,-92,4110,18,509,1329,373,647,8,8,405,353,-164,154,797,16378,1106,-117,226,-119,7915,1322,172,53,397,908,1542,-85,55,174,623,574,98,21,367,419,-414,-87,1394,398,559,139,529,1161,492,1423,-476,154,18704,232,97,214,434,-97,214,159,-139,-685,16,5395,623,1054,45,248,33,1136,-315,40,197,196,127,130,7832,139,164,-93,88,-6,-6,222,-1,'1'
10329,218,248,-18,125,222,9,1087,46,-33,1295,177,-248,-177,332,-259,3674,59,289,2013,573,893,-190,-97,342,-7,95,74,1256,15585,269,-28,20,-811,609,1267,-545,-145,362,153,962,-54,323,-37,822,312,97,-9,547,371,61,173,611,-44,-56,9,450,646,545,-104,-443,106,18245,-145,656,-28,360,145,302,2211,-332,814,-13,13461,48,1523,577,362,177,368,-46,-56,1039,-123,3,476,1476,74,428,-5,31,-63,7,-74,-48,'1'
12848,-292,-203,11768,5331,3469,50,1455,152,-44,190,88,260,190,114,-438,3603,317,260,1887,851,7765,-165,101,381,362,0,292,1080,3615,101,0,196,-196,1067,1105,-393,82,381,2579,127,-565,209,292,470,571,521,127,25,819,-222,177,139,82,292,158,38,1054,438,1499,-533,324,4092,235,432,679,1092,-508,-88,3291,1455,2363,57,15047,597,2999,184,419,6,95,324,133,266,336,120,826,3170,-177,-76,-19,-25,-184,-95,374,393,'1'
20279,-8,91,229,88,1277,66,685,43,624,113,200,474,31,66,91,3678,72,144,4027,246,1059,-13,17,477,-40,84,313,732,14103,311,78,47,-178,655,640,-102,37,675,282,3040,47,88,56,726,191,200,55,575,417,91,-105,498,-26,126,62,134,329,568,411,-18,94,14822,237,101,114,-84,57,30,1710,249,347,44,15816,477,1264,184,123,85,311,137,-26,987,-57,-37,15,4963,378,368,-1,46,-21,36,31,71,'1'
26603,-110,273,621,328,1180,144,1502,64,958,852,195,317,170,84,-184,3984,117,279,1778,779,881,106,-37,326,17,-73,210,299,11545,412,577,26,-299,619,954,-230,44,288,268,1374,193,179,59,597,246,219,37,419,392,681,35,921,-8,-73,66,437,410,892,392,-177,-2,6593,219,332,348,361,57,33,1351,-73,490,-2,27415,357,1061,248,586,-17,168,-57,4,1298,-84,19,93,2697,279,2623,13,-28,-24,95,-53,195,'1'
11607,-110,689,265,163,769,-5,1738,143,518,912,229,843,234,-4,-257,3248,286,301,1265,563,644,-142,-23,483,220,-29,77,446,17750,481,44,104,-119,3139,1978,-40,33,255,1094,313,55,-40,631,558,445,497,105,243,283,-273,53,860,-36,654,14,528,309,1527,859,-67,195,15364,257,51,409,372,13,74,1756,-32,235,2,5356,790,645,717,863,-46,763,-40,-67,999,197,35,190,7284,15,728,-119,26,73,15,211,231,'1'
12015,-44,265,497,240,1415,472,734,46,208,450,416,418,347,-23,-88,4294,144,172,3204,967,521,-18,-25,172,177,55,79,1239,17961,515,61,62,-146,2337,1463,-42,-5,420,1649,370,155,-200,39,1175,253,273,-42,471,542,156,25,791,4,1,-54,678,621,609,353,-258,48,16744,234,189,136,165,-39,53,2299,33,808,7,10467,279,1021,364,235,-10,323,248,37,864,-123,3,101,7636,87,600,-22,26,-24,-1,13,337,'1'
11845,-33,174,241,118,1764,155,856,105,102,545,557,249,121,79,-52,4084,90,337,4502,258,416,33,-4,362,176,-35,401,943,15258,463,44,69,49,744,1726,122,18,262,128,279,408,312,745,1493,594,633,21,176,263,129,28,326,-34,115,50,305,393,631,250,31,128,15501,302,176,26,275,18,37,1392,105,-114,-8,5053,891,942,-70,89,32,252,97,9,1054,23,37,27,10044,8,337,-11,20,25,39,91,0,'1'
12776,-106,596,539,239,3183,-72,4222,225,2511,2114,510,492,248,36,-527,10567,835,243,5682,978,2465,-213,-76,1855,-81,-191,4094,762,15560,1518,4259,375,-196,1725,1152,355,18,480,688,5966,339,-234,287,1029,129,817,26,1704,280,1378,61,1978,-42,1208,-142,261,1120,1756,929,69,319,14802,943,160,2057,313,376,518,1005,-22,1078,28,4928,1219,1381,332,709,4,1129,451,35,3983,242,-39,118,8573,16,2574,-118,103,54,151,484,-53,'1'
12675,-35,261,73,128,1062,414,539,119,963,940,426,910,239,-94,-130,2192,99,207,836,892,713,39,-50,367,185,-10,792,563,16469,1016,-2,67,-166,2782,3625,45,36,392,941,1441,173,127,345,362,261,376,113,427,211,-130,-8,712,139,673,-74,338,515,671,552,-26,170,20699,282,102,344,266,94,42,893,11,86,44,4654,470,1057,966,180,117,525,260,5,1291,162,-5,117,6305,275,626,-9,19,5,17,78,236,'1'
18405,-64,260,170,164,1260,178,556,56,724,-13,375,278,-3,32,-7,1273,78,147,1346,935,755,27,-50,423,13,33,121,235,18829,370,93,136,-110,3281,378,-20,18,881,444,1707,120,10,56,912,180,167,21,303,316,260,75,492,4,286,98,207,316,540,-170,96,27,15568,147,126,38,-4,33,123,1338,4,527,-27,9744,340,1061,67,132,124,260,110,35,906,24,-27,24,2796,44,221,-16,15,-52,35,43,58,'1'
10757,-133,124,91,184,876,100,1275,35,177,773,468,470,-68,-6,-218,4367,264,245,3698,-14,655,55,18,404,103,28,679,603,17280,584,857,85,-230,561,727,-135,45,322,208,881,45,135,411,414,294,627,104,386,386,-43,24,720,-32,648,-37,483,894,643,831,-49,136,15920,278,78,150,117,102,95,564,-54,-242,-9,4478,487,1405,121,164,46,321,101,-48,1612,-169,5,47,7515,35,5448,16,14,40,-6,100,274,'1'
8890,-54,187,271,69,1273,25,1374,11,-57,1516,932,141,265,-43,40,508,103,112,1568,872,1458,-170,-34,664,265,109,869,909,9142,730,366,83,72,1773,1276,-14,92,990,834,3489,280,-72,213,947,297,43,98,465,450,46,-135,1337,31,1343,-34,129,101,1169,837,17,-20,7371,349,118,387,141,40,132,361,-23,254,-5,2824,502,1216,248,112,-2,1008,254,-31,1094,268,2,115,4948,335,574,-14,-25,-49,-60,196,98,'1'
23159,-112,267,331,528,4022,585,2644,81,1279,2425,549,1131,274,-74,-483,5894,793,405,1530,1759,1766,-77,0,895,-88,-126,331,574,10192,1621,553,-38,-123,828,3349,-412,10,789,1166,2291,250,-77,370,539,176,380,21,683,733,867,162,2076,176,-74,-148,1124,1494,666,595,81,137,6966,574,518,-95,116,-165,176,2214,-578,-426,-222,31409,454,3003,634,560,285,687,-38,74,3049,70,3,130,1780,144,27073,49,0,-102,-137,-151,-10,'1'
14345,-85,970,609,491,3046,1050,2125,130,1258,2039,222,926,464,-47,-254,4280,529,402,725,5097,3309,-133,26,609,414,20,680,876,7957,1731,343,-127,-313,2622,28826,124,0,899,1734,2456,384,50,65,893,556,479,-17,236,1059,606,139,1657,121,861,11,331,885,920,355,-20,-23,6912,630,100,408,65,-14,263,793,-390,-59,-103,45770,769,3537,562,1237,-47,266,476,65,3377,201,-8,35,3892,769,834,59,20,-2,-124,-79,88,'1'
