@relation it15
@attribute AB002409_at numeric
@attribute AFFX-HUMGAPDH/M33197_3_st numeric
@attribute D10925_at numeric
@attribute D21063_at numeric
@attribute D38751_at numeric
@attribute D79987_at numeric
@attribute D80008_at numeric
@attribute D87119_at numeric
@attribute HG1980-HT2023_at numeric
@attribute HG2090-HT2152_s_at numeric
@attribute HG2874-HT3018_at numeric
@attribute HG3945-HT4215_at numeric
@attribute HG4074-HT4344_at numeric
@attribute J02645_at numeric
@attribute J04031_at numeric
@attribute L25876_at numeric
@attribute L36720_at numeric
@attribute M12963_s_at numeric
@attribute M32053_at numeric
@attribute M63138_at numeric
@attribute M63835_at numeric
@attribute U25826_at numeric
@attribute U63743_at numeric
@attribute V00594_at numeric
@attribute V00594_s_at numeric
@attribute X13293_at numeric
@attribute X17620_at numeric
@attribute X52142_at numeric
@attribute X62078_at numeric
@attribute X65550_at numeric
@attribute X69433_at numeric
@attribute X76534_at numeric
@attribute X91911_s_at numeric
@attribute Z11793_at numeric
@attribute Z35227_at numeric
@attribute ydlbcl {'0','1'}
@data
3059.92542133454,962.550037510814,917.747125544837,1458.36863556182,1133.53450863732,1189.87500851593,423.689566463443,1410.24785857373,2895.72051656449,782.787258874372,1048.99127170747,1754.987581993,999.94526606544,1235.93468530765,560.806648637224,544.563143046031,862.896424451477,1093.43195702508,961.321779564791,2899.42812080058,776.633929091022,904.767668572884,1334.43185396419,2993.17386657565,2425.16612558146,1642.9227594863,1221.11191184432,511.300436518909,1400.17059298633,808.70575686809,965.267233019332,395.909071015075,1030.06991504217,967.43425083871,1633.19682356259,'0'
2149.81884574446,941.383672613503,828.062261515922,1302.64499295479,1346.73680979404,1220.95825773329,489.284730994147,1368.21830668951,3017.92978542282,633.550055228516,988.493177394582,2005.90963932044,1038.11474007494,1268.75202236187,746.209879024492,514.575851046345,1345.31474060148,756.505971116627,808.6215514897,3593.76049634871,727.40908955849,986.337359040827,1706.42927966492,3150.24711715793,2714.10014913185,1704.28664612709,1144.53751845065,501.139630771398,1320.89649362307,800.580098202111,998.828500753636,496.309101043172,857.541712219643,679.276456279258,1292.75189292672,'0'
1130.73720064167,1517.66165267601,855.330533514606,1716.30071127038,1424.67224785896,1418.931726034,589.41467721443,1938.12694223221,5468.66090166936,756.188503336768,1170.20643218421,2641.85868963303,1209.21917355245,1796.47952503859,792.541972372937,699.427871084525,1081.41164770919,852.078061938719,898.014800849119,4963.66910397595,672.87344522413,1053.51006546497,1282.69887770848,4253.51777256957,5273.53595506854,1815.1064413635,1390.84588144981,517.77254882784,2113.27858553755,765.158123330508,1140.40959189066,896.169426464277,1071.10936427973,841.853048496727,2719.65896899354,'0'
6799.5326262019,987.20396765311,797.015299415336,3067.72686184898,1093.87290618345,1821.08166278292,586.634399865103,2067.27263195152,6245.71213299041,660.758926072832,1678.64839702708,1869.7606409535,1896.73038172659,3581.47355646591,1801.44558587292,848.932180763768,1913.12190664879,833.11194448892,908.38243694593,4987.29711734435,653.114418101547,952.901645588601,1474.88746813828,2831.29708166345,4784.23898219308,2031.71695467315,2658.75138617349,796.96162148774,2312.24714988597,823.157397654396,1350.38099306414,932.420395177017,1743.52709512269,1637.23533772635,4291.64050466934,'0'
8786.72011269515,1156.48467030078,879.752259145893,1627.94367649871,1268.47896726043,1141.42563333553,534.407162161589,1437.14626143525,3388.90615960821,788.34718397083,1128.87775344048,2178.68555560618,901.447029013334,1451.69562228544,782.62384585194,547.52448588056,1081.07034796438,1344.48661084139,800.092421867691,5846.78607815434,751.8623061923,900.315274839688,1415.48745895367,3131.85910850311,3501.7486676818,1810.26207642451,1207.30707848717,504.974676510998,1561.63704670076,701.57490737608,1131.69631274001,1005.02505958063,978.496341115404,1913.98235497147,1777.47501886412,'0'
1649.56472551062,922.17389157525,776.895311490166,1102.7020277526,823.444523641131,836.629521451062,503.65652623065,1227.52257888825,2858.72960675764,804.358714986621,860.974037211362,1027.50465505382,977.802439586754,855.287297166439,635.902483259296,502.479271999395,1091.95055922305,519.649552246128,675.202657859451,1651.94744367628,602.286383631407,789.769244293747,956.151534329445,3558.29064777711,2983.52797594372,1924.38059098862,856.716980155911,464.741367455583,1032.66148575631,752.690129747146,653.970961431047,526.979317728972,685.640426867734,649.391156712497,946.899884179704,'0'
13964.0753945851,925.304950929911,916.773923634068,2204.56661185202,964.033670851843,1423.44596171465,602.232179500359,3315.09093620134,5000.50779925912,884.86856015293,932.406975392464,1838.23990436212,1303.83926159077,1461.93830962289,1039.2312901054,637.388192054565,1341.11508356872,963.106544922011,932.859868979716,3791.18785205581,647.569292572396,924.241462392024,1112.03035835839,2715.42621460682,8159.36630040403,1797.43324024165,1251.38777415203,579.91586943047,2446.44239247989,722.118303007228,1400.22026156419,912.365897350817,1257.8838636136,2133.67776668766,3028.0152092785,'0'
8371.05280493917,901.319858269374,958.708129847367,1837.85163106634,1473.39936062631,1368.43143180974,534.085909572094,3957.89999914087,4359.56165932601,548.989838605275,1570.67232267123,2129.79394182341,1409.14471962434,2093.16821579759,1128.83812794247,699.615156668677,1507.24321828638,1461.36335966969,875.844288288209,6788.77326543713,723.98247418452,1059.6523954043,1481.01217011023,4238.6150290071,4992.26891707254,2126.37471272563,1534.96245308947,436.585696817539,2180.34723460739,559.376850723077,1585.19671722457,870.34518619648,1688.56190448475,2689.76689498684,4331.36932158359,'0'
10158.9869460373,984.11897193042,837.782674346342,1710.37339927152,914.380558631135,998.092338278104,480.46311555064,1336.04307548255,3207.26478395809,912.99107022147,1092.67400848022,1496.30747230227,1121.20507403179,1271.67738645223,668.473664830831,604.751416831534,1088.4107919438,1592.35290103205,800.561839097583,3723.250184171,745.521018458141,856.980742603354,981.591390771998,2453.98795797825,3903.92534687277,2387.63954978008,1253.93854393569,512.550820695007,1591.14048437622,673.025255181441,1103.30396180628,682.183022345455,988.673281350863,1564.45631087513,1565.52057501924,'0'
1987.55668480196,1014.38165763338,846.247147351478,1860.29545988713,1133.44687642321,1702.1021900266,553.130561438249,2821.01855101099,5952.79619554868,730.490643595389,1567.46986805822,1984.1483647029,1534.31644314726,1601.51971504372,1096.18449151893,891.961583176243,1340.37100736766,1544.51600346619,936.2297697756,5991.76443289986,672.789005633339,1265.69195308056,1329.86210585095,2902.49795698849,3839.89934360945,2778.55880338455,2051.31409169183,704.511725953069,2566.61214658403,707.850176971939,1397.7970297676,2051.71023608118,1856.91827084808,2446.50465744696,4303.4288041322,'0'
7241.04614587293,820.048504556325,944.350543209679,1850.58715185102,1071.43393518564,1238.27154990801,595.300300049058,2042.46633235388,5124.16416008904,709.669415670019,1300.50748722926,1692.97413218309,1369.14357139329,1876.82513370086,955.252817109442,792.599338856954,1349.84325770895,1095.12737284081,835.093100332814,3341.46396030995,734.66245651043,985.402840447419,1282.23145391198,3079.47965004462,2407.17660846028,2003.0611122069,2188.76511728964,560.179834009725,1770.95270834852,722.840590391597,1142.77771407272,904.782781007362,1850.03161028352,2647.2266591804,3759.84252203669,'0'
4393.578366264,1118.54509260474,955.330895758516,1675.8945752077,1575.91349256165,1419.61924484097,555.443582834378,2909.69665418316,3050.12597216062,819.63705062857,1189.62842470416,1476.57480077428,1244.22708090469,1475.40037769842,794.476572537692,680.188635180926,1205.27219890769,2212.49670888438,934.149124527733,4782.23978514869,829.527089989026,1036.07200202681,1358.87105165827,2873.88159244542,4513.46695375621,1889.18401639607,1409.7147781344,611.615067372318,1880.93257732053,725.931188396909,1202.40036395457,1029.45261633161,1532.35189059023,2682.39379304899,3497.17770772149,'0'
2484.21560908942,833.233276861176,946.108922539257,1631.77927249083,1133.65555482536,1184.35320871135,494.570681026912,2134.51417653898,3057.34588554173,879.815397475763,1121.84798075052,2026.24508952075,1123.40177450999,1457.49882075912,765.66301091507,602.47464170522,1172.15337841615,5672.21693393287,1262.04967966877,3756.08750673104,762.425345095202,1383.58422666774,1189.51872281174,3380.86497054135,5537.16542951957,1622.81955409371,1428.71810564314,500.992201851661,1742.37725703817,694.400107031694,1127.32039704117,863.167594125996,1035.17154358755,2593.95206729839,3180.06676509254,'0'
3401.97915043671,843.421380766715,916.179924274245,1764.73240142139,1057.29961667701,1333.15052105015,664.132602931805,2139.17978823815,2959.90878716741,632.81167846281,982.545522119518,1483.54828262374,975.341078913799,1308.72711024959,782.049540393587,585.620418624152,1257.88938114632,1004.52508380221,941.563288431622,3399.20400243739,651.258878303198,925.451521598023,1031.29272623416,2786.61967649599,3047.76380505837,2026.03104362106,1256.93235226944,417.078432272546,1759.02912015081,696.420858773835,963.651934723085,773.009431455894,1099.96437916795,1419.53492112538,2162.56501072079,'0'
5178.18278370385,919.905119598311,908.161676294278,1855.36714487287,1188.73719845828,1196.80002808264,543.833731710535,1660.50769460097,4270.9112677587,773.519403430009,1190.71692201174,1887.0086085009,1089.91753044762,1534.31370578964,650.721592373894,838.212959005344,1261.0238151092,1047.67978064859,808.236435889901,4525.14014821304,787.811843465667,896.629273712156,1561.90547012954,2363.21693961737,5235.92543042891,2225.75837749194,1576.52617642421,490.636565099122,2244.08383907686,741.2398755726,1201.57379773687,775.272341266627,1169.10424625286,1649.77696575759,2512.26427015133,'0'
1225.50059142576,1574.37614277231,1396.63922917987,2630.94555301571,1469.37230051756,1832.97741433427,1022.64605018009,1282.26270246066,13526.6968581369,2787.37157679637,1789.03174832556,4037.33219653131,2207.17942947289,1857.08461934859,1820.83112089853,809.313450406403,2471.89919603097,572.814143670872,12254.4423907795,15154.8397124709,2417.63779340294,1060.68839520729,1737.08782685319,15256.3882108867,16000,3435.54567858893,2110.04314437237,728.980813003441,5268.46910453619,1238.01088963545,3434.93049557897,6293.54280669833,751.326521192403,1588.12292809501,1387.09887563,'1'
1268.10512122488,2044.74944147551,1036.45749387893,2228.50711266968,1824.07535624009,1959.96535715324,843.55841287919,880.444273482506,13692.6538635398,794.78164463208,1733.55868906883,2109.82518875649,2085.15579055594,1572.14951839457,1354.03167232263,721.321091770702,1977.71283988255,909.419929186637,1169.03196009696,6441.45965336593,766.122475522565,990.096008483398,1929.80618490898,5185.45704889552,5297.34321846092,2746.72332154963,1908.39590223813,617.304135583906,3613.6986753001,923.67736345969,1650.62491390033,797.039084860767,749.030645633313,428.160747794774,1261.99016040549,'1'
1639.50311136184,1537.77811003528,1917.30927681343,2988.1492478437,1792.38578045697,2272.06306256439,911.12062108751,1610.85152360388,15949.8352654856,3776.89534310604,2754.33066371081,2778.90157476546,3203.57535840394,2340.53955802163,2312.45818714545,994.211320036197,2822.33168544796,722.426208600074,1099.33985286147,16000,6222.56535337769,1206.53018462877,2470.04608594824,16000,16000,2811.28980087469,3415.03378373048,898.144440976834,6832.75243327836,1214.5285645681,2742.61210205308,3693.20156270402,845.66460833839,376.360169525733,1525.48231952484,'1'
1697.28321038749,892.491295102092,1495.16707020207,6473.75075642428,1929.41488412789,3054.95870160928,1273.96371418114,1654.48179220276,16000,2495.87645187697,2365.64514619694,3338.93096985683,5159.76210585979,2609.52163610277,2343.62070824277,2500.06336028497,1923.12879533623,700.326615383793,1098.20907317899,16000,1743.20306606105,1228.80885656712,3264.35167529142,7964.63820074982,16000,6019.8396907889,3728.66721555954,1161.09938670831,5843.04206906082,1940.08838571109,3067.66867932166,6933.96675283516,874.622220388535,425.454383831332,2706.7946079687,'1'
1128.89731913359,1556.92115412453,1404.1524131895,2150.19796693909,1579.28798312427,1632.5428445914,572.190557072684,845.412436691358,6809.50285874666,2228.67894385416,1358.30609715493,3488.67220764404,1453.13380815673,2059.64230199384,1206.51088585312,805.98554780714,1619.38371084635,607.928274422852,986.121786547881,8480.86241584223,1958.43837413386,1199.70132685042,1543.02417162405,7775.68660556186,16000,2278.08170300655,1694.35882621783,619.722002024302,2915.35277416485,1020.16935994294,1633.30275362677,1123.13528522356,893.942409593261,430.055421611952,1147.97094972222,'1'
3156.15076550215,1232.89979195303,1045.40369929206,1491.52222201158,1382.66035670527,1353.26981222517,505.762971401896,802.428970756809,4895.33827841274,1028.0778483734,1518.14231334452,1990.16526714147,1446.0687622946,1722.89006570761,735.785000981977,678.215158633595,1029.24259370468,863.212619190295,1037.02544681078,6077.1323665113,984.71756312954,1162.50164771479,1345.76166150963,3577.56595177472,2347.30526600221,2224.59785548194,1532.04028709904,657.069220327704,2193.52673464601,819.01211607072,1832.51330505357,1209.71657630186,757.858327088041,778.289466729932,1216.95338056438,'1'
1483.51265582509,1501.56882234372,973.417108023621,5053.37761997823,1900.97462041491,2280.53767698742,1373.21514619075,1840.99004289625,16000,908.182540849546,2614.49138674922,2098.16072248177,3868.21086207033,2383.66374113867,1301.97682009147,1508.36627838261,1930.09423492868,871.998448885403,959.044319537003,11825.4801543365,768.577676035625,1264.60718602556,2270.47029722572,4418.72286107686,10754.4597791646,4114.99438880292,4589.93925802816,1127.99129508775,2694.18380753422,900.285905666139,2415.71470171468,3314.538838874,1247.740563178,1361.71366467251,2995.95161650005,'1'
1140.38373892915,1848.9633797035,901.553997481956,3447.69212249688,1543.49956129447,1690.41137893386,755.593366197897,862.089217766143,7688.40094926557,901.00286757139,1598.09197607761,2003.84048308192,2137.47971434203,3599.98807877603,1708.02707105095,1164.21063842134,2253.98209429182,741.675464586086,983.027591213056,6472.03263416844,904.639024038689,1254.56581664105,1644.85684891313,4313.90593652536,8117.45397012119,3230.4251073441,3062.91210874773,555.130156842271,3191.96923170186,774.503145057098,3258.70949441131,2186.1428692528,1148.33574789365,640.214999103144,2274.28271595706,'1'
1103.76642587203,1476.02226896832,933.863710872467,1934.07435497314,1450.67955219789,2224.8762087707,732.785829586787,770.282911656093,14781.4053077062,776.801476627562,1689.32168564245,2408.58412000254,1952.59120738581,1870.72917728027,1178.35932478488,1156.93874742993,1511.66808201757,649.711452437344,867.206589162942,7600.02952062118,631.872386939079,1059.49341516539,2282.78522814666,5638.47819504596,8215.55556501771,4962.30541051691,1665.66166618386,839.856343723888,2233.61385885136,1168.39307030276,1393.86031839976,1004.00221873561,722.721962992227,405.431710906785,1791.25580841335,'1'
1439.93844047846,1532.17748100917,1620.1307522391,2591.10357224232,1418.60437843783,2013.5032511408,1041.41283449402,1618.58115361329,12417.1757306268,1886.61332878589,2076.63848950918,3694.23585587957,2387.27748150668,1875.15432272058,1463.75571871402,818.052378724089,2648.38297032551,709.051972845494,10018.3725453251,12976.6810892652,2522.5364332422,1076.50449330428,1945.7754212133,11350.5082735832,16000,2412.43596622678,2292.91978819607,710.878832656555,3923.69162897595,1037.56419619957,3073.53864723765,3495.23590665432,762.448795724613,1301.88283085777,1258.09818446822,'1'
1278.02598579443,1036.50199980245,1169.26174937422,2512.8848894658,1194.01067452337,1973.64434237727,760.904019107881,1069.51465279413,8261.96051804887,1550.04320058848,1838.22117302142,4100.44440766718,2276.38834349241,1690.52611958144,1537.21480461513,956.891027829262,1751.51872208384,706.472099105254,1178.46636607181,10911.9197580111,1181.8507049645,1196.15839668059,1561.18494486843,15054.8961337988,16000,3873.41783282837,2180.05473605094,732.346477335427,3846.76012816292,814.67382760779,1915.45839289994,3554.01487517769,999.031372782017,783.041540132056,1302.40109627073,'1'
1177.72216042036,1871.57582606091,1061.60299388661,3190.38689876783,1623.12486982951,1743.01649516785,1476.08459583285,2249.73065821969,13561.0933555673,897.349857464805,7391.58246507089,1943.31782777445,4798.53551273803,3872.8723255347,806.889158154495,2565.406468274,1909.34570534772,739.454049880676,886.321930437285,5357.56597108609,773.848340506875,1230.70185504728,2139.81529890191,3479.59585938839,3732.22239861703,3404.99516968439,9542.7108205298,747.450431591295,3489.36741992451,1009.05819064767,1630.09830203968,2845.25064528366,1134.3721528856,1889.92031888623,3852.02350313939,'1'
1757.21741417676,1362.88366167844,925.579171775415,2896.98338820096,1418.50587817951,2032.98791325391,727.560974836955,2012.1412956336,9497.92438545762,901.578555137706,1630.50441512226,2160.11448905348,1991.33080691601,2068.8512207661,1283.12168506184,855.023349188408,1729.19449980268,599.370054957563,877.119667520857,5537.13519989795,807.764055113846,1555.05655333934,1979.81084705382,4579.34396589096,5102.64287932365,3615.96961146236,2192.7878382287,710.667548703196,3875.12717579288,850.225255391711,1567.17583865693,1245.09236310022,960.311070808406,1098.47436562355,1702.57232282258,'1'
1540.48713153496,1390.10883695373,1070.98778443658,2212.43324774972,1412.88268772611,1821.21142757305,763.954150065733,1238.87336010674,6067.47218509887,3817.82627007961,1515.94060115184,3734.31804594766,1836.71210606058,2065.08224555382,1422.16668050683,745.080286712187,2142.24334049666,652.824907793077,1142.69629104093,10200.9286701906,1472.21859965395,1059.51396167568,1931.80812543551,8540.62125330664,14834.4199269326,2547.28785097562,2526.02625982084,816.233255180545,3627.94835035905,820.246687520669,1538.54341256842,2648.32297088618,988.912243259204,1206.54652424328,1184.69299694395,'1'
1094.63669221403,1290.90455436882,887.234416970114,1977.66133877844,2278.31165729284,1555.44981022275,704.237968795888,1576.65758326131,7456.7727744337,768.373408214517,1619.46172273739,2080.84429630336,1282.90217990362,1670.76966742346,1642.80389345307,988.729651442039,1449.3567917528,768.975962893534,916.443131310121,5251.63381150643,764.155729642294,1110.76000135634,1508.29165900841,4866.58772614413,11710.6557297387,2030.20421439181,1589.97163607613,519.207836533818,2053.4682090834,841.838309962294,2321.80090324583,820.815404231612,898.939247743416,585.597447209363,1360.470120622,'1'
1337.93512708952,2442.51530459398,871.022428955684,2229.53160408314,1481.03312535607,1876.54649726797,631.049813853034,998.516121936206,9967.64356746084,1247.69178785827,1264.80544597304,2904.6232792236,1576.94087936178,1891.98524072596,923.38538242142,1203.02670554343,1823.50879525718,734.244915063485,1144.64634086906,7118.32520193921,882.184677591879,1073.43234640676,2129.87469080556,4661.67461516083,5300.19781054016,2897.62031965979,2815.37806363846,733.817145001606,3283.94445105302,1041.03898765895,1756.58849546727,1514.76946767889,886.614695082787,629.73335669687,1341.70297930789,'1'
3047.37628221879,877.527522489001,1101.89342453838,1471.59608439493,1056.95394759504,1207.2936508638,426.33985855933,972.092967089436,3434.51281456102,878.452244257966,1165.28536608647,1999.50863403509,995.451073344317,1288.53368343817,625.489893351637,588.472426325618,1020.37797657661,742.212841891252,958.450255000034,3791.1495540719,839.913779500882,1000.06091097419,1616.21472672001,3007.57287119578,3169.00612858475,1804.64003447412,1223.07914633705,573.994180532994,1387.63885897497,825.357416729654,1081.39111052194,600.024975579911,762.5565940418,1196.18699170452,1359.58511293845,'1'
1138.8472074379,1886.04017579142,1095.79440965269,3132.3948939957,1263.99791544822,1783.27685071824,675.65405329727,975.012053881742,7566.48676258217,973.839751481917,1396.1467812006,2311.72770994124,1861.26447105834,2016.58469133942,1401.99295520353,1248.66611821531,1924.28955074331,595.840051777411,953.004376649423,10248.8622061538,976.311415526324,1089.73347721293,2103.97739941591,7011.08199444201,16000,3066.39094799137,3538.88169263439,648.316909586281,4618.4660285893,858.158184841048,1034.29037693331,5132.5809786905,902.644482080705,941.585575296098,2470.97422625247,'1'
1154.17475046569,1843.12419127652,1088.59787888747,1975.65342359612,1456.53825871676,1645.69615054515,650.03020343907,762.270808297386,4922.86060496025,3145.7466806632,1384.50520227533,3781.01539314043,1529.91721237423,1639.9364597371,878.471264901172,840.390743282756,1459.92952927301,703.774331503635,1269.3555370325,6875.1050992728,1288.22969390228,1093.85232901697,1959.91325475652,11827.0206903479,16000,2294.66097866292,2429.9175534789,643.656275347004,2778.36894516139,866.68423370729,1458.86477539497,1658.13298773263,700.585666618457,606.90227369131,1594.13160042367,'1'
1866.37421741627,1053.61415613646,917.627929909734,4564.59782473793,1978.69333971724,3384.07044464321,1739.74573334363,1368.79101155513,16000,858.119403605147,4529.39438203289,1948.44647253438,6479.57743109326,2776.65187719479,2159.01121327258,2694.62130351094,2891.37687473772,666.300797933048,1027.30075597464,6502.33910150157,683.120167104823,1150.27343291985,2796.77677737974,5513.24017592269,5973.62314022929,4721.3344075125,5154.21972378915,1125.08510277946,4042.4014537305,1758.03475453789,3285.72823159698,1754.04206729378,1073.13844591141,967.043207847797,1584.05817545186,'1'
1143.79507557752,1368.9770821836,1530.11657416874,3404.0752441748,1310.99289344474,1925.79039120466,601.862125604123,2011.65923446809,11908.8003128352,3636.14800850309,1381.87415986383,5594.61969954648,1704.60401516261,1785.36889843598,1915.84457952626,848.528599660538,1473.5680591801,1496.45443137191,1893.32038204036,16000,2143.9009379396,1092.18324520659,1938.70014278217,16000,16000,2614.00335403123,1568.13736898967,767.351764547218,7322.8467619982,1056.91416894954,2015.18978341191,8921.4458893038,1204.33218390509,1058.41214355898,2405.09178563169,'1'
1526.08625747544,3255.79636567258,928.643222741481,2667.43675481501,1332.91567626695,1563.6164231596,695.077861782054,1028.5561251787,8340.18735419268,1177.76190736484,1771.29721064367,2197.26273480104,1773.47706789473,1549.18741908591,1347.22688328951,531.279227550087,1880.71242935015,632.20777954923,921.647573440876,4878.1557420132,1039.40936768066,857.168486786805,1382.92994798808,3399.6277460966,15356.2661534053,2186.28530697562,1377.16238579495,612.516399502551,1794.27051677042,750.784028847544,1178.92991401145,512.441889599109,770.897806532265,555.275092689774,1022.21829450516,'1'
4866.0192785906,1388.45921450169,2119.60191608681,2097.06139103399,1538.01431374284,1440.34808286114,513.0983452935,1819.13763613666,5805.81053481415,4789.1664508361,1291.05343647909,3331.27946997202,1611.11048645443,1831.76053022838,949.636173813288,867.210971510372,1670.6885441404,1271.13194778746,1319.9619673673,16000,3701.97971912898,1339.85908582742,1489.67760077941,16000,16000,1889.08758343836,1431.96571330655,779.772081943543,5101.19635720586,900.735799515276,1856.65803359409,6736.75230372853,1145.9468555808,1544.62721609321,2058.13928851976,'1'
3434.53827294271,1301.27294068161,1541.55992470568,3976.23186187105,1709.24198460398,2382.59752106183,1498.00972724572,1387.92773814975,16000,1535.43346798946,2168.01822749583,3374.78100013576,4246.16638394193,2679.70304496475,2293.98731394221,1225.83575005292,3410.2229740721,611.779261400802,1306.99001779563,6108.42417581987,1553.76774863348,1084.77319483075,2898.53018336576,7060.2270572883,13892.99676952,6131.60166206245,6028.01865690834,1486.8169747552,2768.92982589286,1867.11197303381,2294.83157233039,1609.31823718424,709.556519967929,841.747922820817,1397.83523644529,'1'
1515.40463099018,2120.45365161046,1017.47599443197,1761.61309558956,1404.87587217126,1220.6530159291,491.946568437804,1060.65557281284,5385.3508103602,1143.36554944593,1530.27072633786,2166.18645919252,1270.05810743131,1567.09153653275,1226.24963644786,550.86111626568,1262.96675995148,797.791836091648,965.05795171985,7756.53452583041,1206.97809202219,977.600886741754,1626.13669562186,4555.11651548084,16000,2239.43765699692,1434.70189504206,602.720085095866,4512.16062051462,976.007889384259,1477.03754100952,1455.04626523069,865.440943584021,489.694596618204,830.919258467504,'1'
1549.25565136759,2159.78585012021,3094.63714581772,2894.82311981278,1875.25239103821,2137.14590292357,862.470310829279,1964.22311087346,16000,1064.15067134826,1915.03590355295,3149.41655162909,2601.05016367639,2364.71048377753,1859.89916707102,956.595822154316,2289.45198730127,677.411030140707,1164.25136630984,12159.2490690744,1928.81098842624,1206.6277491535,2372.31245922309,12802.7602180418,16000,3240.93211196815,2850.65779958161,831.738185013352,5370.16468988399,926.433808010885,3126.3878314845,4487.07233098877,874.229782091554,784.630172421064,1207.54096244821,'1'
1410.39804434024,1133.50373488071,937.727638053133,2604.34470468891,1664.65159187805,1849.54732684667,576.751355636897,1053.32505718181,4521.30422531101,2910.65160732059,1434.96619481075,2853.46489587825,1827.04092813516,1861.01474299428,1331.0522653593,980.624220544569,1963.18820177451,865.383675337465,974.956899612545,6784.90362972457,1273.16886807085,998.800903934795,1813.92877700497,5810.50701528215,13562.7307191727,2268.25272450785,2754.615635129,807.187849229025,2788.58851018964,853.048144305082,1442.40140374971,1576.44543148493,825.104743604463,893.074267588618,1595.72581223349,'1'
1090.17514337873,756.43715328869,1106.42864130916,2250.57203857054,1168.76492281107,1781.51413993384,769.141334476063,1361.74379710929,4677.95814255663,2279.92927033549,1141.44439544744,2613.44757553938,1666.33739575892,1693.93355070612,1653.98998162726,760.680724041864,1903.75931395388,730.419232637243,967.165611031955,13936.3269175095,1114.53923754176,1042.25445747915,1556.46969034429,11446.1624754741,16000,2227.14131997388,2406.69523732222,791.728695220199,4388.65074546661,802.378631810431,1395.59331458675,4637.19458193973,722.744692384384,581.747903441875,2057.83004158264,'1'
1063.13342204428,814.348947256323,937.125328660543,2157.02558083823,1317.40116893869,1810.36901006664,770.721861753172,789.37148036856,7369.96526484253,817.986974215437,1301.5463005791,1952.0286184425,2178.22847413227,1829.51906265209,1165.52095196914,1057.00042144537,1631.81287375582,641.91016638489,895.318585903193,5237.53925734293,962.019919869843,959.691373189357,1728.90354073475,5730.14968959683,15139.7496828143,2286.95807788963,2006.53012354532,636.929214256774,2156.63114089988,795.516574156811,1361.51368624348,1214.52169714581,787.473376878794,423.255206870223,2708.10380669338,'1'
1699.40240547633,1405.48705948755,1652.7085664783,2682.16970819978,1789.03101092105,2050.08450173858,1108.76316449501,1778.4836194503,16000,1877.53624217889,2795.97136577928,3694.12144724681,3293.85832137893,2096.31320118223,2384.70746262638,787.194272150975,2464.63647139878,746.503130031988,1108.54175937607,13283.9773988831,2613.57410149387,1028.72359094891,2419.57497204911,10270.523649574,16000,3404.53347973459,4108.74959164731,1146.54552709665,5946.0048459069,1668.82570456118,2853.09297586934,3375.08604565687,678.13845206554,932.022841217377,1823.21094245096,'1'
1218.99291474019,1817.74472889331,947.207335384178,1709.63839895988,1361.99072858759,1413.11017093933,642.79271238101,1016.87208948601,6294.40645365527,1000.95051849461,1875.75370025491,2158.3464245005,1520.19553135236,2380.52812989173,959.927624737414,1315.08564276381,1431.59309877693,765.431250464265,946.286394289284,7856.31642016004,1053.49200322023,2643.79671541946,2004.30473971159,5760.64201135597,6903.30863727705,3375.91129882869,2170.26301213965,503.418718813328,4592.86995958567,670.685686836483,2348.00533412585,2340.47641462231,756.989431576031,451.971772123216,2086.25866955618,'1'
2894.79880786047,817.241789919308,947.529770998393,2538.91157532096,1271.11757702054,1786.80010292145,991.913386112457,2705.20414807089,12811.6434931035,1052.63294163364,3015.65811309157,2221.93106224158,2850.19864004501,2128.17494927874,1352.95914917098,1192.57232148512,1894.01483358192,902.443332974164,887.84294645342,9534.93880250277,822.557113564472,1294.98731080367,2212.60350578361,5763.73482649431,13003.440383372,3517.1369620733,3087.62855451408,1006.09534483027,4066.13708968868,869.763745439601,2848.9902912498,3713.7082385803,1046.50524684198,1732.16777871344,2328.49636040625,'1'
1651.75246588649,1961.14218704601,942.720290617829,2158.03977578862,1348.05707903742,2098.65764210991,789.135820572086,823.250448280533,7043.15794435406,584.934314590698,1596.56679491084,2177.49895649361,2190.39074943419,1906.9112181015,980.515036358741,894.446041954142,1557.01835024921,674.116531326573,941.9011552324,4192.46203770415,732.41657610667,1145.0395303605,2166.11002626388,3897.00004134444,6592.60827162277,3359.92934306476,1961.38211648936,779.639412191095,2615.72585072044,933.205673967633,1504.23556869457,1184.22139163715,541.151144828981,904.314923919244,1312.65790529664,'1'
1129.84237420354,1304.11784510211,1182.30343252696,5498.24658648652,1956.81058238247,1562.9338761089,978.741183198695,812.88584956719,10623.6308483227,1966.72312586044,1963.82436726181,2757.55064125863,2727.30682410151,2293.59074693925,1251.38448314542,1305.72553357999,2213.19993914844,688.198944976743,946.05967770696,7298.88323712778,1185.12050636199,1440.62544200271,2838.60992521139,7176.6434237023,12350.6239835383,3467.37318697072,3043.28589670768,728.273746725168,2630.53351522095,1228.83415041764,1748.4389534445,2366.00473359898,603.388679740777,686.445377684379,2294.07433329567,'1'
1383.55508526952,1188.18447690873,1695.01144182425,7121.06098861134,2169.68085566837,2169.68034134789,973.52875477596,845.538627389702,13651.8696051074,1503.74640130391,2413.05305498088,3441.97913908717,3538.96777147171,3707.06142493793,2484.53387865946,1690.58666911218,2034.14835298912,741.695400829162,1246.74849686521,15885.1623048678,952.240676531198,1152.24548376069,1815.17828066747,7716.79704539195,16000,3229.16118630267,4026.64620146122,604.498016617117,5459.45807607173,1051.77043587013,2465.188537506,2617.75792538342,1124.90240531663,472.438001768936,2447.70727002847,'1'
1291.22625139364,2578.66205844614,1412.56716781756,4840.63067437073,1613.60437927921,2052.03059282837,1181.13606496996,1666.26970802731,10805.641428788,1889.16673312285,2202.68730158665,2368.95109428876,2806.33867403018,2690.85502322449,1593.59188307712,1148.64719679105,1781.92438371456,644.89211495946,1015.96462838805,5214.83336738579,1274.95134977806,963.993714691736,2721.9251613123,6591.54414444926,12746.5652365035,2085.6863045778,2646.58401520118,762.603684992929,3960.63827248462,1202.07044885192,1749.0145172797,1410.28188522797,722.455360582086,533.449677305302,1545.79510187861,'1'
1123.25410432168,1741.06263788713,1121.09515895094,3075.48809683879,1665.7106784069,1908.0437149634,767.498164115405,772.84449585907,8507.14273276696,863.353470030936,1668.50491142001,2727.85801677007,2229.79117070662,2194.41936149047,1634.78729204834,1124.47661835684,1554.42257027098,705.232849744894,1013.98402933066,9406.66695510183,1021.36577875932,1318.02807654214,1916.49450687225,5032.10384945835,6995.11082877907,2465.11553074051,1933.76803156555,871.444397569397,4303.55378005223,990.178496987643,1634.46003928059,5275.28698835152,667.494386048405,491.60355149679,2005.23996240329,'1'
1222.43358363565,1093.8184649653,1150.30057147877,4779.96591088228,1223.47903805394,1978.35915188467,801.13124639657,940.942647077967,13838.9777436196,2537.75442321597,2285.89468813997,2403.05760507464,2241.2084101553,1692.20555468437,1719.60557751871,1074.81057727333,1782.01670243924,911.595122589034,2042.95929477383,7911.34173509099,1157.61790351648,1039.88492579685,2279.11922590268,15400.9447547955,16000,4498.02109243253,2325.68937562245,752.976186736436,3925.41922457211,1005.0873140321,1072.96771491931,2253.42532553673,710.089964767453,628.596127610121,1389.07403898964,'1'
1192.34100811245,876.093892794203,834.953812396099,5257.58920822519,1411.99148923412,1909.3573255439,1626.83224705616,1712.98419256312,15730.759561818,1539.26052681666,2019.29482204051,3002.74462068465,4213.72165932183,1709.74338381605,1134.7706563433,1174.01524655037,1966.13050612095,579.615559249873,955.727145920765,4527.0432773704,820.668491295089,1257.64679571582,2058.70972023891,4534.12073490671,10408.7483522757,4648.87167427972,1994.52608834914,1064.41137902965,2656.11425538468,1066.71353099124,1918.99271216096,1458.0359858103,722.68526130065,1151.97058773804,1789.14691899612,'1'
1153.3407786378,1441.16066025444,908.340118026227,5590.40602010292,1295.68531847165,1638.01194957004,742.004165778964,943.528802625683,4513.59681374716,934.628660928645,1554.04890029101,2558.30160542698,1766.90363450278,1767.77798466175,1144.76446740543,927.393693974767,1488.17746511084,834.981258696669,1024.67027827542,4021.28432945128,668.814946450556,1042.98724695213,1959.71189421925,3893.5157202952,7529.55043275464,2973.22285769552,1930.3130575445,683.685231713316,1703.80731517607,1037.52315572104,1234.85478676517,751.473424307632,642.836021492082,664.197217614813,964.091308262415,'1'
991.825024691545,1268.47045835298,1678.93064009812,4248.02167845322,1407.36444959805,1847.83731930665,1068.51136303642,1671.79536071478,11281.5887355091,1397.32118418518,1994.19580516337,2503.33561367782,3588.24766082148,2521.36912798671,1650.7214877052,1190.33398287772,2009.1249283686,557.501385246661,1105.98318320364,13460.476687165,776.99617596635,1007.36630495786,2298.77822535358,6063.53409040835,16000,3706.57416830688,3171.35753342014,987.771778573705,2483.68729527291,1010.10796175502,1592.74849234672,7509.38700418417,2123.51931166134,4384.88172417019,2666.31357189847,'1'
1745.89585326209,1388.75920770187,934.898787204883,1618.56138829284,1196.83123557838,1494.82875371969,667.098237808278,998.504756551258,3953.7122814638,774.346919459812,1704.88120628136,2075.2670194884,1419.40952689109,1671.49922100873,895.757146294472,957.87727966743,1269.3194306056,688.327701913988,893.0314075286,3981.92243255831,979.514928234198,986.968985107675,1518.92449054214,3738.68150729167,4110.19382713081,2569.52309688404,2197.89134793921,570.305329220668,2095.79980946229,894.362944594139,1289.92461197896,1041.75441737213,1078.2160566105,1064.8967137222,1549.97956776213,'1'
2106.69604893532,1122.96496898873,1125.15537893931,3078.39866199823,1627.07623991375,1677.57982037168,686.040385807666,1493.10605910189,7311.04761026945,1120.18337053802,1547.29475651857,2187.13575318704,1692.93876103033,1798.74012382729,1473.55189228027,714.416203510786,1370.58188455336,667.547084772797,881.043416784716,8985.8801817499,1078.1608320615,1024.89492827893,1707.21552907935,6340.87475917649,16000,1838.68817934648,2312.69942583634,708.802604351811,3222.7716425345,894.863092737435,1603.25934091368,4529.59688180648,814.080906727632,578.712980205692,1527.13974364562,'1'
1138.13438067991,1299.11902253603,1686.22426538836,2620.1441011849,1684.86055348623,1632.25881862931,490.358858317599,980.831999927522,5459.99902752345,6634.23655190044,1344.55117697454,3725.73335876093,1424.69197774203,2493.36397264816,1539.35675693397,778.34112362472,1847.68812558315,642.109181328562,1172.1782823298,15496.6080216843,1814.80659021908,1160.05428818365,1728.38399934929,16000,16000,2196.17477151393,1786.53300860933,595.781774476607,5430.3500447561,808.402552771863,1806.3816685586,4934.38191499376,805.263348547664,314.446470491531,1512.07698162151,'1'
1772.89060797999,1230.840009016,1719.97558630433,4830.04113656345,1829.83403168415,2230.1288124049,1024.56319388548,1417.18599432113,10815.4478237279,1289.78442778061,2573.12339298829,3431.69670069931,4465.94070328824,2384.53548465224,2791.15208286861,1094.38435460486,2445.75255642454,535.20304284664,1104.88968981983,16000,2445.0355508361,1071.53911522279,2624.40042714781,12321.104422325,16000,2528.7596457662,3146.00020128071,1163.44359716766,7262.86075762023,1086.94323697591,3228.41022095863,5684.34289438116,692.631834475526,575.250279526007,1340.61555479513,'1'
1417.72123057554,1423.92875416065,1297.9806081683,3299.29411889751,1783.40148323394,2317.80501656411,993.415917914742,981.088328133,16000,962.81303600274,3667.71828022645,2717.05843071494,5042.05092310074,3047.45594686595,2831.45778061757,940.600472457485,3702.12733175914,816.992401742292,2972.45479845153,9430.53882594758,939.501084180692,1232.54399860364,2634.95227916436,9671.00908625558,16000,4072.6431802362,3369.79113219839,1147.81669642283,6598.47401511743,1468.8877701934,1988.06073989503,1487.81442011947,690.038744452069,609.510785869781,1387.22781079085,'1'
8556.33876797645,1529.23201334107,1481.21869944999,3392.88517728183,1641.19781639057,2012.60239750142,788.017235098093,1784.17344682745,7048.70552777565,1212.8078156389,2193.76772872859,2674.72031381635,3150.58930087556,1993.97614747779,1476.32273180848,880.462363722175,2456.53348535025,820.973138538887,1241.46075624261,5835.980688038,1490.88730391655,1356.50098536599,2181.41125289143,7128.00575994791,16000,3595.19825277943,3232.84742680267,856.661597153588,2897.63300247229,965.62389768735,2162.61069404812,1271.33178249999,790.757632589033,1002.86389080487,1618.91696514311,'1'
