V1 V2 V3 V4 V5 V6 V7 V8 V9 V10
sam 6.30699999999979 5.74699999999939 5.50200000000041 6.97400000000016 6.67500000000018 7.47500000000036 8.47100000000046 7.5600000000004 6.58399999999983 7.53499999999985
geode 0.0409999999999968 0.0380000000000109 0.0420000000000016 0.0310000000000059 0.0500000000000114 0.0910000000000082 0.0459999999999923 0.0459999999999923 0.0139999999999816 0.0339999999999918
ref 6.35400000000118 5.78999999999905 5.54700000000048 7.01000000000022 6.72899999999936 7.57200000000012 8.52399999999943 7.61199999999917 6.60400000000118 7.57400000000052
infog 0 0 0 0 0 0 0 0 0 0
func 0 0 0 0 0 0 0 0 0 0
EFSOS 5.72299999999996 5.77199999999993 5.67900000000009 7.96200000000044 7.48800000000028 8.75500000000011 8.71600000000035 8.5 6.56999999999971 7.23500000000058
EFSIS 0.125999999999991 0.114000000000004 0.128999999999991 0.162000000000006 0.143000000000001 0.186000000000007 0.162000000000006 0.156000000000006 0.156000000000006 0.15100000000001
 5.85299999999916 5.88999999999942 5.8130000000001 8.13199999999961 7.63700000000063 8.94800000000032 8.88400000000001 8.66200000000026 6.73099999999977 7.39199999999983
 0 0 0 0 0 0 0 0 0 0
 0 0 0 0 0 0 0 0 0 0
 8.17500000000018 8.45800000000054 8.47999999999956 12.2779999999993 10.4780000000001 12.3530000000001 11.701 12.183 10.0790000000006 11.3209999999999
 0.0770000000000124 0.0769999999999982 0.149000000000001 0.13300000000001 0.0909999999999798 0.409999999999997 0.150000000000006 0.114000000000004 0.141999999999996 0.174999999999983
 8.25799999999981 8.54300000000148 8.63699999999881 12.4210000000003 10.5779999999995 12.773000000001 11.8610000000008 12.3060000000005 10.2289999999994 11.5049999999992
 0 0 0 0 0 0 0 0 0 0
 0 0 0 0 0 0 0 0 0 0
 2.33100000000013 2.33600000000024 2.46000000000004 2.87700000000041 2.8809999999994 3.26599999999962 2.83899999999994 3.26800000000003 2.72499999999945 3.27300000000014
 0.0649999999999977 0.0649999999999977 0.0680000000000121 0.0749999999999886 0.070999999999998 0.0970000000000084 0.0689999999999884 0.0789999999999793 0.070999999999998 0.0790000000000077
 2.39800000000105 2.40300000000025 2.53000000000065 2.95399999999972 2.95299999999952 3.36499999999978 2.91100000000006 3.34999999999854 2.79900000000089 3.35500000000138
 0 0 0 0 0 0 0 0 0 0
 0 0 0 0 0 0 0 0 0 0
 23.6999999999998 23.518 23.3810000000003 31.4369999999999 28.991 33.4180000000006 33.1980000000003 33.1680000000006 27.1959999999999 30.902
 0.309999999999988 0.295999999999992 0.390999999999991 0.405000000000001 0.359000000000009 0.823000000000008 0.426999999999992 0.400999999999982 0.382999999999981 0.441000000000003
 24.0300000000007 23.8319999999985 23.7899999999991 31.8680000000004 29.3709999999992 34.268 33.652 33.5959999999995 27.6010000000006 31.3680000000004
 0 0 0 0 0 0 0 0 0 0
 0 0 0 0 0 0 0 0 0 0
 75.701 74.3239999999996 76.0630000000001 88.8410000000003 83.4310000000005 96.8889999999992 92.5500000000002 77.768 97.2160000000003 75.4870000000001
 1.96599999999999 1.869 1.875 2.34700000000001 3.06399999999999 2.63800000000001 2.77100000000002 2.58100000000002 2.82500000000002 4.45999999999998
 142.987000000001 127.037 165.938 164.574999999999 188.536 205.599 275.567999999999 205.279 221.295 259.085999999999
 1783.031 2003.07199999999 1453.89000000001 2733.50899999999 2124.83499999999 2291.492 1572.12100000001 1963.53200000001 2095.86599999998 3459.739
 703.578000000001 127 1540.208 411.781000000001 1444.009 1439.847 3840.149 2131.004 2336.966 2686.028
