V1 V2 V3 V4 V5 V6 V7 V8 V9 V10
sam 8.29099999999744 8.20299999999406 8.74499999999534 8.97299999999814 8.85599999999977 9.05299999999988 8.94000000000233 8.76100000001315 8.95699999999488 8.12900000000081
geode 0.0679999999993015 0.0679999999993015 0.0670000000009168 0.0690000000013242 0.0639999999984866 0.0640000000003056 0.0599999999994907 0.0590000000011059 0.058999999999287 0.0509999999994761
ref 8.36200000000827 8.27499999999418 8.81699999999546 9.04700000000594 8.92500000000291 9.12099999999919 9.00699999999779 8.82200000000012 9.02000000000407 8.1820000000007
infog 0 0 0 0 0 0 0 0 0 0
func 0 0 0 0 0 0 0 0 0 0
EFSIS 5.85599999999977 5.83800000000338 5.59300000000803 5.82200000000012 5.80299999999988 5.98500000000058 5.65799999999581 5.52999999999884 5.69500000000698 5.53200000000652
 0.159999999999854 0.174000000000888 0.17200000000048 0.16399999999885 0.180000000000291 0.158999999999651 0.171000000000276 0.179999999998472 0.173000000000684 0.138000000000829
 6.01999999998952 6.01400000001013 5.76900000000023 5.9890000000014 5.98500000000058 6.14700000001176 5.83100000000559 5.71099999999569 5.8689999999915 5.67200000000594
 0 0 0 0 0 0 0 0 0 0
 0 0 0 0 0 0 0 0 0 0
 9.22299999999814 9.37299999999232 9.66899999999441 9.76600000000326 9.88800000000629 10.9300000000076 9.55199999999604 9.62699999999313 9.78100000000268 9.50199999999313
 0.0879999999997381 0.0899999999983265 0.108999999998559 0.0889999999999418 0.081000000000131 0.0859999999993306 0.092000000000553 0.0979999999999563 0.0709999999999127 0.0859999999993306
 7.21800000000803 7.37799999999697 7.76300000000629 7.86299999999756 7.9210000000021 8.80400000000373 7.72099999999045 7.69199999999546 7.88199999999779 7.63799999999173
 0 0 0 0 0 0 0 0 0 0
 0 0 0 0 0 0 0 0 0 0
 2.4690000000046 2.28900000000431 2.38099999999395 2.30499999999302 2.3810000000085 2.39499999998952 2.34600000000501 2.48200000000361 2.4210000000021 2.37700000000768
 0.0799999999999272 0.0760000000009313 0.077000000001135 0.0780000000013388 0.0780000000013388 0.0780000000013388 0.0759999999991123 0.0850000000009459 0.0840000000007421 0.0730000000003201
 2.55299999999988 2.36500000000524 2.45900000000256 2.38400000000547 2.46099999999569 2.47400000000198 2.42200000000594 2.5679999999993 2.50500000000466 2.45100000000093
 0 0 0 0 0 0 0 0 0 0
 0 0 0 0 0 0 0 0 0 0
 27.0919999999969 26.926999999996 27.6530000000057 28.1389999999956 28.2179999999935 29.6790000000037 27.80799999999 27.625 28.0630000000092 26.7990000000136
 0.40599999999904 0.418999999999869 0.43500000000131 0.412000000000262 0.412000000000262 0.39600000000064 0.409999999999854 0.430000000000291 0.395000000000437 0.355999999999767
 25.4140000000043 25.2679999999964 26.0829999999987 26.56700000001 26.5910000000003 27.8730000000069 26.3040000000037 26.0270000000019 26.4940000000061 25.2090000000026
 0 0 0 0 0 0 0 0 0 0
 0 0 0 0 0 0 0 0 0 0
 1304.33700000001 1306.802 1354.836 1380.554 1388.38500000001 1384.764 1358.97600000001 1352.845 1310.746 1277.39799999999
 20.2060000000001 20.0779999999995 21.4979999999996 21.0820000000003 20.5989999999983 20.2169999999987 20.4699999999993 20.2219999999998 17.9669999999987 17.9719999999998
 1224.322 1222.00900000001 1280.852 1302.939 1304.81000000001 1299.356 1281.51699999999 1276.74099999999 1232.25899999999 1199.345
 0 0 0 0 0 0 0 0 0 0
 0 0 0 0 0 0 0 0 0 0
