V1 V2 V3 V4 V5 V6 V7 V8 V9 V10
sam 8.14500000000044 8.72400000000016 8.51800000000003 8.73100000000159 8.99699999999939 8.9419999999991 8.78199999999924 7.93100000000049 8.89000000000306 8.68000000000029
geode 0.336999999999534 0.333999999999833 0.287000000000262 0.260999999999513 0.239000000000487 0.213999999999942 0.1899999999996 0.154999999999745 0.161000000000058 0.145000000000437
ref 8.48400000000038 9.06200000000172 8.8080000000009 8.99399999999878 9.23700000000099 9.15799999999945 8.97400000000198 8.09000000000015 9.05600000000049 8.82700000000114
infog 0 0 0 0 0 0 0 0 0 0
func 0 0 0 0 0 0 0 0 0 0
EFSIS 5.64800000000105 5.40800000000127 5.47299999999996 5.85199999999895 5.89400000000023 5.84100000000035 5.58600000000297 5.41700000000128 5.85999999999694 5.50799999999799
 0.350000000000364 1.27700000000004 0.326000000000022 0.313000000000102 0.296999999999571 0.270999999999731 0.260000000000218 0.22400000000016 0.237999999999374 0.207000000000335
 6.0010000000002 7.26499999999942 5.80099999999948 6.16700000000128 6.1929999999993 6.1150000000016 5.84799999999814 5.64300000000003 6.10099999999875 5.71600000000035
 0 0 0 0 0 0 0 0 0 0
 0 0 0 0 0 0 0 0 0 0
 9.55399999999827 10.7749999999996 9.78299999999945 9.83500000000095 10.1610000000001 10.0370000000003 9.68899999999849 8.86499999999796 10.4710000000014 9.10000000000218
 0.407999999999447 0.445999999999913 0.372000000000298 0.307000000000698 0.280999999999949 0.247999999999593 0.242000000000189 0.203000000000429 0.195000000000618 0.185999999999694
 7.98199999999997 8.88699999999881 7.87900000000081 8.00600000000122 8.22399999999834 8.15599999999904 7.83499999999913 7.03299999999945 8.64300000000003 7.17299999999886
 0 0 0 0 0 0 0 0 0 0
 0 0 0 0 0 0 0 0 0 0
 2.54600000000028 2.35999999999876 2.65600000000086 2.30799999999908 2.32400000000052 2.44399999999951 2.51299999999901 2.28600000000006 2.32099999999991 2.33899999999994
 0.162000000000262 0.154000000000451 0.15099999999984 0.125999999999294 0.123999999999796 0.119000000000597 0.126000000000204 0.0999999999994543 0.0979999999999563 0.0940000000000509
 2.70899999999892 2.51500000000306 2.80699999999706 2.43499999999767 2.44900000000052 2.56299999999828 2.63999999999942 2.38699999999881 2.42000000000189 2.43400000000111
 0 0 0 0 0 0 0 0 0 0
 0 0 0 0 0 0 0 0 0 0
 27.0810000000001 28.5 27.6689999999999 27.9940000000006 28.5780000000013 28.5220000000008 27.762999999999 25.6970000000001 28.8230000000003 26.8780000000006
 1.30699999999979 2.25900000000001 1.17900000000009 1.04799999999977 0.975000000000364 0.881999999999607 0.844000000000051 0.706000000000131 0.715000000000146 0.653000000000247
 26.4130000000005 29.010000000002 26.5779999999977 26.9099999999999 27.3400000000001 27.280999999999 26.5149999999994 24.375 27.5240000000013 25.4220000000023
 0 0 0 0 0 0 0 0 0 0
 0 0 0 0 0 0 0 0 0 0
 1227.541 1334.323 1329.826 1338.633 1347.145 1337.23 1269.455 1311.497 1298.358 1297.623
 253.412 60.7120000000004 54.0770000000002 48.3959999999997 47.9899999999998 47 36.9250000000002 35.2579999999998 32.4799999999996 31.6800000000003
 1505.182 1285.433 1274.897 1273.102 1289.004 1281.663 1204.332 1248.02 1230.579 1224.768
 0 0 0 0 0 0 0 0 0 0
 0 0 0 0 0 0 0 0 0 0
