V1 V2 V3 V4 V5 V6 V7 V8 V9 V10
sam 9.08200000000215 7.73600000000442 7.42900000000373 8.10399999999936 7.65899999999965 7.52900000000227 7.4120000000039 7.46399999999994 7.53399999999965 9.70100000000093
geode 0.000999999999976353 0 0 0 0 0 0 0 0 0
ref 9.09100000000035 7.74200000000565 7.43499999999767 8.11099999999715 7.6649999999936 7.53499999999622 7.41900000000169 7.46899999999732 7.54000000000087 9.70899999999529
infog 0 0 0 0 0 0 0 0 0 0
func 0 0 0 0 0 0 0 0 0 0
EFSIS 5.69999999999709 5.5879999999961 5.36499999999796 6.04299999999785 5.55500000000029 5.51299999999901 5.39400000000023 5.50600000000122 5.46600000000035 5.61200000000099
 0.118000000000052 0.129000000000019 0.124000000000024 0.131999999999948 0.1099999999999 0.129000000000019 0.124000000000024 0.110000000000014 0.112999999999943 0.131999999999948
 5.82400000000052 5.7219999999943 5.49300000000221 6.18000000000029 5.66900000000169 5.64600000000064 5.52099999999336 5.61899999999878 5.58299999999872 5.74800000000687
 0 0 0 0 0 0 0 0 0 0
 0 0 0 0 0 0 0 0 0 0
 10.0720000000001 8.5570000000007 8.47800000000279 8.56100000000151 8.46100000000297 8.34599999999773 8.59100000000035 8.33200000000215 8.72100000000501 9.96699999999691
 0.610000000000014 0.0960000000000036 0.0900000000000318 0.523000000000025 0.0660000000000309 0.0910000000000082 0.100000000000023 0.490000000000009 0.0860000000000127 0.0850000000000364
 8.37400000000343 6.98500000000058 7.041999999994 6.81700000000274 6.81399999999849 6.79300000000512 7.13300000000163 6.89300000000367 6.82600000000093 8.18599999999424
 0 0 0 0 0 0 0 0 0 0
 0 0 0 0 0 0 0 0 0 0
 2.23500000000058 2.27399999999761 2.26199999999517 2.27599999999802 2.20500000000175 2.23800000000483 2.45799999999872 2.22899999999936 2.7129999999961 2.30500000000029
 0.0620000000000118 0.0589999999999691 0.0660000000000309 0.0660000000000309 0.0620000000000118 0.0640000000000782 0.0620000000000118 0.0629999999999882 0.0620000000000118 0.0620000000000118
 2.29899999999907 2.33600000000297 2.32900000000518 2.34300000000076 2.26900000000023 2.30599999999686 2.52300000000105 2.29400000000169 2.77799999999843 2.36800000000221
 0 0 0 0 0 0 0 0 0 0
 0 0 0 0 0 0 0 0 0 0
 28.3819999999978 25.2929999999978 24.6880000000019 26.627999999997 25.023000000001 24.7640000000029 25.0030000000042 24.6739999999991 25.7260000000024 28.9210000000021
 0.79200000000003 0.283999999999992 0.281000000000063 0.721000000000004 0.238999999999919 0.285000000000082 0.287000000000035 0.66700000000003 0.260999999999967 0.280999999999949
 26.8820000000051 23.9230000000025 23.4549999999945 25.0970000000016 23.5609999999942 23.4190000000017 23.7449999999953 23.4250000000029 24.0210000000006 27.3509999999951
 0 0 0 0 0 0 0 0 0 0
 0 0 0 0 0 0 0 0 0 0
 727.089 666.948000000004 709.343999999997 700.325000000004 676.764000000003 684.009999999995 684.748 664.281000000003 735.156999999999 733.266000000003
 9.779 10.0069999999999 9.779 9.75800000000004 9.60599999999999 9.81499999999994 9.779 10.021 9.83900000000006 9.69299999999998
 709.648999999998 653.307000000001 696.309000000001 687.212 663.991000000002 671.514999999999 671.725000000006 650.568999999996 717.896999999997 715.879000000001
 0 0 0 0 0 0 0 0 0 0
 0 0 0 0 0 0 0 0 0 0
