V1 V2 V3 V4 V5 V6 V7 V8 V9 V10
sam 5.51999999999953 5.54200000000037 5.46500000000015 5.49000000000069 6.03700000000026 5.47099999999955 5.4399999999996 5.56800000000021 5.46799999999985 5.41499999999996
geode 0.0159999999999911 0.0240000000000009 0.0159999999999911 0.0319999999999823 0.0289999999999964 0.0310000000000059 0.0190000000000055 0.0360000000000014 0.018999999999977 0.0270000000000152
ref 5.54100000000017 5.57200000000012 5.48500000000058 5.52700000000004 6.07099999999991 5.50600000000122 5.46199999999953 5.60699999999997 5.49099999999999 5.44500000000153
infog 0 0 0 0 0 0 0 0 0 0
func 0 0 0 0 0 0 0 0 0 0
EFSOS 5.79800000000068 5.70100000000002 5.55099999999948 5.74299999999948 5.77699999999913 5.79799999999977 5.62899999999991 5.56099999999969 5.71000000000004 5.57099999999991
EFSIS 0.143000000000001 0.123999999999995 0.13900000000001 0.137 0.134999999999991 0.137 0.150000000000006 0.144000000000005 0.146000000000015 0.138000000000005
 5.94599999999991 5.82999999999993 5.69499999999971 5.88500000000022 5.91799999999967 5.93999999999869 5.78399999999965 5.70999999999913 5.86000000000058 5.71399999999994
 0 0 0 0 0 0 0 0 0 0
 0 0 0 0 0 0 0 0 0 0
 8.4940000000006 9.09099999999944 8.21500000000015 8.46299999999974 8.4350000000004 8.45300000000043 8.28000000000065 8.5630000000001 8.32300000000032 8.21500000000015
 0.0720000000000027 0.0440000000000111 0.0949999999999989 0.0510000000000161 0.100999999999999 0.0749999999999886 0.0649999999999977 0.092000000000013 0.0819999999999936 0.0660000000000025
 8.57399999999961 9.14200000000073 8.3169999999991 8.52099999999882 8.54100000000108 8.53600000000006 8.35100000000057 8.66200000000026 8.41200000000026 8.28799999999865
 0 0 0 0 0 0 0 0 0 0
 0 0 0 0 0 0 0 0 0 0
 2.33699999999953 2.36099999999988 2.32700000000023 2.35900000000038 2.38199999999961 2.39899999999943 2.35099999999966 2.32099999999991 2.30499999999938 2.32699999999932
 0.0630000000000166 0.0609999999999786 0.0660000000000025 0.0660000000000025 0.0660000000000025 0.0660000000000025 0.0679999999999836 0.0689999999999884 0.0680000000000121 0.0679999999999836
 2.40200000000004 2.42399999999998 2.39400000000023 2.4280000000017 2.4489999999987 2.46600000000035 2.42200000000048 2.39199999999983 2.375 2.39700000000084
 0 0 0 0 0 0 0 0 0 0
 0 0 0 0 0 0 0 0 0 0
 23.348 23.884 22.7420000000002 23.2300000000005 23.8000000000002 23.308 23.442 23.1940000000004 22.9800000000005 22.7179999999998
 0.295999999999992 0.253999999999991 0.317999999999984 0.287000000000006 0.330999999999989 0.314999999999998 0.302999999999997 0.343000000000018 0.317999999999984 0.302000000000021
 23.6639999999998 24.1590000000006 23.0769999999993 23.5370000000003 24.1509999999998 23.6409999999996 23.762999999999 23.5540000000001 23.3160000000007 23.0380000000005
 0 0 0 0 0 0 0 0 0 0
 0 0 0 0 0 0 0 0 0 0
 70.9350000000004 71.1350000000002 71.7489999999998 70.3899999999994 71.1059999999998 70.6030000000001 72.6539999999995 70.6579999999994 70.8249999999998 72.5519999999997
 2.56200000000001 2.68700000000001 2.60500000000002 2.81399999999999 2.70400000000001 2.649 2.685 2.79599999999999 2.50999999999999 2.60999999999999
 140.55 139.035 133.658000000001 138.877999999999 137.346 138.667000000001 137.608 132.314999999999 135.038 136.319
 2432.658 2459.80100000001 2252.32299999999 2464.3 2304.416 2391.30499999999 2311.16900000002 2170.76599999997 2339.247 2319.90700000001
 95.7950000000001 107.451 107.038 107.637 96.6359999999995 106.913 110.452 92.8579999999993 106.706 107.582
