V1 V2 V3 V4 V5 V6 V7 V8 V9 V10
sam 5.64699999999721 5.7699999999968 5.85100000000239 11.4839999999967 5.13200000000506 5.08899999999994 7.52100000000064 5.95899999999529 12.359000000004 5.22400000000198
geode 0.194999999999709 0.227000000000771 0.220999999999549 0.431999999997061 0.187000000001717 0.180000000000291 0.254999999997381 0.207000000002154 0.42699999999968 0.175999999999476
ref 5.84700000000885 6.00200000000768 6.07499999999709 12.0149999999994 5.32399999999325 5.27300000000105 7.78100000000268 6.1710000000021 12.9419999999955 5.4030000000057
infog 0 0 0 0 0 0 0 0 0 0
func 0 0 0 0 0 0 0 0 0 0
EFSOS 5.75300000000425 5.61899999999878 7.53800000000047 18.3269999999975 5.36399999999412 5.45699999999488 8.21800000000076 4.80600000000413 2.95500000000175 5.34000000000378
EFSIS 0.309999999999491 0.336999999999534 0.417999999999665 5.74800000000323 0.31499999999869 0.316999999999098 0.424000000002707 0.273999999997613 58.6939999999995 0.296999999998661
 6.06699999999546 5.96099999999569 7.96199999999953 30.0090000000055 5.6820000000007 5.77799999999115 8.64800000000105 5.08299999999872 100.947999999989 5.64199999999255
 0 0 0 0 0 0 0 0 0 0
 0 0 0 0 0 0 0 0 0 0
 8.31999999999971 8.03900000000431 11.2279999999955 29.458000000006 7.50100000000384 7.78000000000611 11.8129999999946 8.77999999999884 17.3609999999971 7.67099999999482
 0.290000000000873 0.327000000001135 0.429000000000087 1.10800000000017 0.276000000001659 0.276000000001659 0.403999999998632 0.308000000000902 1.03700000000026 0.296000000002095
 8.61699999999837 8.37200000000303 11.6689999999944 30.5919999999896 7.78399999999965 8.06200000000536 12.226999999999 9.09600000000501 24.9670000000042 7.97300000001269
 0 0 0 0 0 0 0 0 0 0
 0 0 0 0 0 0 0 0 0 0
 2.26199999999517 2.14600000000064 2.93900000000576 3.44099999999889 2.15499999999884 2.20899999999529 2.9120000000039 2.29999999999563 2.71700000000419 2.17599999999948
 0.132999999999811 0.138999999999214 0.18500000000131 0.211999999999534 0.132999999997992 0.132000000001426 0.168000000001484 0.138999999999214 0.181000000000495 0.129999999997381
 2.39699999999721 2.28699999999662 3.12600000000384 3.65700000000652 2.28900000000431 2.34399999999732 3.08100000000559 2.44000000000233 2.89900000000489 2.30899999999383
 0 0 0 0 0 0 0 0 0 0
 0 0 0 0 0 0 0 0 0 0
 23.2090000000026 23.2459999999992 29.0900000000038 64.3269999999975 21.2419999999984 21.7200000000012 31.9939999999988 23.0449999999983 36.9630000000034 21.5490000000063
 0.969999999999345 1.10000000000036 1.3130000000001 7.56099999999788 0.952000000001135 0.94800000000032 1.30500000000029 0.970000000001164 60.393 0.936999999998079
 24.1990000000078 24.3650000000052 30.426999999996 77.9520000000048 22.2109999999957 22.6860000000015 33.3250000000116 24.0339999999997 143.383999999991 22.5040000000008
 0 0 0 0 0 0 0 0 0 0
 0 0 0 0 0 0 0 0 0 0
 850.786999999997 1466.907 1386.03 1269.814 1236.05100000001 1653.609 1218.117 1202.291 1267.999 1257.531
 1613.979 181.069 401.279 146.037 72.5499999999993 175.16 701.177 294.407999999999 130.109 135.925999999999
 3483.37699999999 1745.439 2033.603 1484.88799999999 1322.765 1913.24399999999 2369.41799999999 1683.042 1455.38100000001 1439.053
 0 0 0 0 0 0 0 0 0 0
 0 0 0 0 0 0 0 0 0 0
