V1 V2 V3 V4 V5 V6 V7 V8 V9 V10
sam 5.50099999999929 6.21599999999944 5.47599999999966 5.71500000000015 6.1230000000005 6.36800000000039 5.42000000000007 6.21299999999974 5.46200000000044 5.4340000000002
geode 0.0289999999999964 0.0490000000000066 0.0559999999999974 0.0279999999999916 0.0400000000000063 0.0420000000000016 0.0339999999999918 0.097999999999999 0.0589999999999975 0.0489999999999924
ref 5.53400000000056 6.26899999999932 5.53499999999985 5.7470000000003 6.16800000000057 6.41499999999996 5.45800000000054 6.3159999999998 5.52499999999964 5.48799999999937
infog 0 0 0 0 0 0 0 0 0 0
func 0 0 0 0 0 0 0 0 0 0
EFSOS 5.71600000000035 5.73900000000049 5.52000000000044 5.81700000000001 7.07399999999961 6.70499999999993 5.58600000000024 6.02399999999943 5.55299999999988 5.51399999999921
EFSIS 0.132000000000005 0.128 0.125 0.12700000000001 0.144999999999996 0.13600000000001 0.132000000000005 0.131999999999991 0.120999999999995 0.119
 5.85099999999966 5.8720000000003 5.64999999999964 5.94999999999982 7.22400000000016 6.84599999999955 5.72199999999975 6.16199999999935 5.67900000000009 5.63800000000083
 0 0 0 0 0 0 0 0 0 0
 0 0 0 0 0 0 0 0 0 0
 8.12899999999991 8.97999999999956 7.81999999999971 8.81400000000031 8.86599999999999 8.78299999999945 8.27099999999973 8.72700000000077 8.15800000000036 7.90900000000056
 0.0939999999999941 0.0750000000000028 0.0619999999999976 0.090999999999994 0.070999999999998 0.0679999999999978 0.0940000000000083 0.0880000000000081 0.0490000000000066 0.12700000000001
 8.23199999999997 9.0619999999999 7.88800000000083 8.91200000000026 8.94399999999951 8.85699999999997 8.37299999999959 8.82100000000082 8.21199999999953 8.04299999999967
 0 0 0 0 0 0 0 0 0 0
 0 0 0 0 0 0 0 0 0 0
 2.32999999999993 2.60600000000068 2.34699999999975 2.32099999999991 2.32400000000052 2.41600000000017 2.40200000000004 2.34699999999975 2.34999999999945 2.34999999999945
 0.0649999999999977 0.0609999999999928 0.0619999999999976 0.0619999999999976 0.063999999999993 0.063999999999993 0.0659999999999883 0.0619999999999976 0.0630000000000024 0.0629999999999882
 2.39500000000044 2.67000000000007 2.41199999999935 2.38500000000022 2.39000000000033 2.48400000000038 2.46900000000005 2.41199999999935 2.41599999999926 2.41300000000047
 0 0 0 0 0 0 0 0 0 0
 0 0 0 0 0 0 0 0 0 0
 22.8469999999998 25.1049999999996 22.3289999999997 23.799 25.741 25.4650000000001 22.8220000000001 24.5249999999996 22.7139999999999 22.3769999999995
 0.320999999999998 0.316000000000003 0.305999999999997 0.308999999999997 0.322000000000003 0.313000000000002 0.325999999999993 0.381999999999991 0.293999999999997 0.359999999999999
 23.1850000000004 25.4399999999996 22.6530000000002 24.1270000000004 26.0830000000005 25.799 23.1670000000004 24.9259999999995 23.0259999999998 22.7540000000008
 0 0 0 0 0 0 0 0 0 0
 0 0 0 0 0 0 0 0 0 0
 72.0239999999994 71.6360000000004 73.4949999999999 72.8190000000004 74.6800000000003 71.2560000000003 73.6800000000003 78.3230000000003 72.2600000000002 74.7180000000008
 1.8 1.94 1.953 1.904 2.003 2.02800000000001 2.12400000000001 2.11500000000001 1.983 1.935
 126.46 124.341 143.425999999999 128.37 134.583 126.69 126.664 130.594999999999 127.770999999999 126.067999999999
 2055.46500000001 2129.08799999999 1496.879 2145.671 1874.72100000001 2047.262 2148.41499999999 2022.36200000001 2078.662 2038.535
 182.582 140.895999999999 864.012000000001 137.205 438.296 155.744999999999 104.822 130.490000000002 155.760999999999 129.795
