V1 V2 V3 V4 V5 V6 V7 V8 V9 V10
sam 9.58200000000215 9.19800000000032 7.41399999999703 7.86300000000119 9.02999999999884 9.18000000000029 9.05900000000111 8.97799999999916 7.56499999999869 9.05400000000009
geode 0 0 0 0 0 0 0 0 0 0
ref 9.59100000000035 9.20500000000175 7.42000000000189 7.86900000000242 9.03600000000006 9.18699999999808 9.06599999999889 8.98700000000099 7.57099999999991 9.06200000000172
infog 0 0 0 0 0 0 0 0 0 0
func 0 0 0 0 0 0 0 0 0 0
EFSIS 5.69499999999971 5.85300000000279 4.86800000000221 5.74799999999959 5.69900000000052 5.66900000000169 5.64500000000044 5.58100000000195 5.46700000000055 5.46500000000015
 0.125 0.113999999999976 0.129000000000019 0.117999999999995 0.115999999999985 0.126000000000033 0.119000000000028 0.12700000000001 0.12700000000001 0.120000000000005
 5.82300000000032 5.97099999999773 5 5.86999999999898 5.81999999999971 5.79900000000271 5.76900000000023 5.71199999999953 5.59799999999814 5.58899999999994
 0 0 0 0 0 0 0 0 0 0
 0 0 0 0 0 0 0 0 0 0
 10.1739999999991 10.3729999999996 9.1929999999993 9.17699999999968 10.4219999999987 10.2279999999992 10.7249999999985 10.6529999999984 8.86799999999857 10.0540000000001
 0.627999999999986 0.0870000000000459 0.0629999999999882 0.643000000000029 0.0960000000000036 0.12700000000001 0.104999999999961 0.552000000000021 0.0789999999999509 0.11099999999999
 8.17399999999907 8.28800000000047 7.06099999999788 7.1339999999982 8.25300000000061 8.27399999999761 8.77100000000064 8.63000000000102 6.83600000000297 8.08899999999994
 0 0 0 0 0 0 0 0 0 0
 0 0 0 0 0 0 0 0 0 0
 2.26499999999942 2.30299999999988 2.21700000000055 2.30500000000029 2.26200000000244 2.28099999999904 2.33599999999933 2.31999999999971 2.28000000000247 2.24700000000303
 0.0609999999999786 0.061999999999955 0.0610000000000355 0.0620000000000118 0.0640000000000214 0.061999999999955 0.063000000000045 0.0629999999999882 0.0640000000000214 0.0629999999999882
 2.32900000000154 2.3660000000018 2.28000000000247 2.36800000000221 2.32800000000134 2.34600000000137 2.40100000000166 2.3849999999984 2.34599999999773 2.31199999999808
 0 0 0 0 0 0 0 0 0 0
 0 0 0 0 0 0 0 0 0 0
 29.0060000000012 29.0570000000007 24.8580000000002 26.2690000000002 28.7189999999973 28.6539999999986 29.0879999999997 28.8460000000014 25.3420000000006 28.1670000000013
 0.813999999999965 0.264999999999986 0.254999999999995 0.824000000000012 0.276999999999987 0.314999999999998 0.287000000000035 0.742000000000019 0.269999999999982 0.295000000000016
 27.2080000000024 27.1640000000007 22.9290000000001 24.4210000000021 26.7440000000024 26.9019999999982 27.3309999999983 27.0300000000025 23.5139999999992 26.4010000000017
 0 0 0 0 0 0 0 0 0 0
 0 0 0 0 0 0 0 0 0 0
 738.152999999998 696.132000000001 669.499 707.959000000003 703.796000000002 732.27 732.004000000001 697.665999999997 718.097999999998 736.429
 9.62400000000002 9.85599999999999 9.89100000000002 9.767 9.81299999999999 9.63900000000001 9.53299999999996 9.67700000000002 9.70699999999999 9.76799999999997
 715.258999999998 673.025000000001 646.173000000003 684.917999999998 681.571 709.893 709.248000000003 674.756999999998 694.647000000001 712.164000000001
 0 0 0 0 0 0 0 0 0 0
 0 0 0 0 0 0 0 0 0 0
