V1 V2 V3 V4 V5 V6 V7 V8 V9 V10
sam 5.80199999999604 9.53500000000349 5.49800000000687 5.58100000000559 8.40699999999197 8.86200000000827 23.9180000000051 5.38200000001234 5.46199999999953 5.9939999999915
geode 0.184000000001106 0.29399999999805 0.164000000000669 0.163000000000466 0.22899999999936 0.239999999997963 0.624000000003434 0.136999999998807 0.135999999998603 0.14600000000064
ref 5.99100000000908 11.6970000000001 5.66500000000815 5.74700000000303 11.4809999999998 9.97400000000198 26.653999999995 5.52400000000489 5.60300000000279 6.14400000000023
infog 0 0 0 0 0 0 0 0 0 0
func 0 0 0 0 0 0 0 0 0 0
EFSIS 5.49900000001071 10.653999999995 5.44799999998941 5.72899999999208 7.86600000000908 13.9639999999927 10.5559999999969 5.4149999999936 5.52000000000407 5.75
 0.287000000000262 0.452000000001135 0.27299999999741 0.290999999997439 0.351000000002387 0.511999999998807 0.427999999999884 0.244999999998981 0.246999999999389 0.255000000001019
 5.79099999999744 11.3289999999979 5.72599999999511 6.02499999999418 9.1079999999929 14.6090000000113 13.7490000000107 5.66399999998976 5.77300000000105 6.01000000000931
 0 0 0 0 0 0 0 0 0 0
 0 0 0 0 0 0 0 0 0 0
 9.7039999999979 13.6970000000001 9.20500000000175 9.91300000000047 15.3829999999871 15.0850000000064 13.8329999999987 9.58199999999488 10.4550000000017 10.4360000000015
 0.324000000000524 0.42699999999968 0.306000000000495 0.322000000000116 0.433999999997468 0.414000000000669 0.38799999999901 0.275000000001455 0.273000000001048 0.291000000001077
 8.36900000000605 15.1499999999942 7.79499999999825 8.41500000000815 12.6370000000024 14.2209999999905 16.2459999999992 8.21900000001187 8.99700000000303 9.00699999999779
 0 0 0 0 0 0 0 0 0 0
 0 0 0 0 0 0 0 0 0 0
 2.23699999999371 4.16000000000349 2.17700000001059 2.35300000000279 5.48099999999977 4.66000000000349 4.3240000000078 2.36900000000605 2.25 2.28300000001036
 0.129000000000815 0.188000000001921 0.125 0.130000000001019 0.217000000000553 0.191000000002532 0.170999999998457 0.121999999999389 0.115999999998166 0.118999999998778
 2.36799999998766 4.35199999999895 2.30299999999988 2.48599999998987 5.75699999999779 5.38000000000466 5.85299999998824 2.49499999999534 2.36699999999837 2.40200000000186
 0 0 0 0 0 0 0 0 0 0
 0 0 0 0 0 0 0 0 0 0
 24.3479999999981 39.5469999999914 23.4510000000009 24.7330000000075 40.0849999999919 45.0520000000106 54.6770000000106 23.9110000000073 24.843000000008 25.7359999999899
 0.959000000002561 1.40899999999965 0.901999999998225 0.940999999998894 1.31400000000212 1.42299999999886 1.66500000000087 0.807999999997264 0.800999999999476 0.843000000000757
 23.6610000000073 44.0779999999941 22.6469999999972 23.8659999999945 42.1209999999992 47.0910000000003 65.0249999999942 23.0950000000012 23.9279999999999 24.8690000000061
 0 0 0 0 0 0 0 0 0 0
 0 0 0 0 0 0 0 0 0 0
 1514.417 1523.54700000001 1149.336 2117.219 1932.11200000001 1842.018 1706.507 1148.609 1151.98 1146.28000000001
 57.0779999999977 56.9550000000017 44.1610000000001 73.5960000000014 63.8469999999979 60.2170000000006 55.5620000000017 38.6690000000017 37.8580000000002 37.9279999999999
 1652.72 1696.54700000001 1217.492 2276.09800000001 2037.80899999999 1966.864 1997.149 1105.14300000001 1105.59700000001 1102.564
 0 0 0 0 0 0 0 0 0 0
 0 0 0 0 0 0 0 0 0 0
