V1 V2 V3 V4 V5 V6 V7 V8 V9 V10
sam 5.69900000000007 5.53600000000006 5.47199999999975 5.57600000000002 5.53699999999935 5.32799999999952 5.40200000000004 5.46200000000044 5.8110000000006 5.4320000000007
geode 0.0229999999999961 0.0520000000000067 0.0689999999999884 0.0529999999999973 0.0459999999999923 0.0380000000000109 0.0219999999999914 0.0450000000000159 0.0120000000000005 0.0149999999999864
ref 5.72500000000036 5.59199999999964 5.54600000000028 5.63200000000052 5.58599999999933 5.37100000000009 5.42900000000009 5.51099999999951 5.82600000000002 5.45100000000002
infog 0 0 0 0 0 0 0 0 0 0
func 0 0 0 0 0 0 0 0 0 0
EFSOS 5.80799999999999 5.71900000000005 5.46199999999999 5.66399999999976 5.70000000000073 5.59700000000066 5.44499999999971 5.45799999999963 5.56700000000001 5.49199999999928
EFSIS 0.128 0.111999999999995 0.134000000000015 0.12700000000001 0.134999999999991 0.131 0.125 0.117999999999995 0.114000000000004 0.150000000000006
 5.9409999999998 5.83600000000024 5.60000000000036 5.79600000000028 5.83899999999994 5.73199999999997 5.57299999999941 5.58100000000013 5.68599999999969 5.64599999999973
 0 0 0 0 0 0 0 0 0 0
 0 0 0 0 0 0 0 0 0 0
 8.62400000000025 8.63200000000006 9.07900000000018 8.10200000000077 8.09400000000005 8.5630000000001 7.90200000000004 7.99499999999989 7.92599999999948 8.17500000000018
 0.105000000000004 0.134 0.0420000000000016 0.0900000000000034 0.085000000000008 0.0360000000000014 0.120000000000005 0.0499999999999829 0.0679999999999836 0.061000000000007
 8.73599999999988 8.77300000000014 9.1279999999997 8.19799999999941 8.18599999999969 8.60699999999997 8.02800000000025 8.05000000000018 8 8.2440000000006
 0 0 0 0 0 0 0 0 0 0
 0 0 0 0 0 0 0 0 0 0
 2.38899999999967 2.42500000000018 2.32700000000023 2.33999999999924 2.33200000000033 2.33700000000044 2.41499999999996 2.33400000000074 2.36300000000028 2.33500000000004
 0.0689999999999884 0.061000000000007 0.063999999999993 0.0609999999999786 0.0620000000000118 0.0609999999999786 0.0620000000000118 0.061000000000007 0.0630000000000166 0.063999999999993
 2.46100000000024 2.48899999999958 2.39199999999983 2.40300000000025 2.39800000000014 2.40000000000055 2.48099999999977 2.39800000000014 2.42799999999988 2.39999999999964
 0 0 0 0 0 0 0 0 0 0
 0 0 0 0 0 0 0 0 0 0
 23.7080000000001 23.498 23.538 22.8739999999998 22.8699999999999 22.9769999999999 22.3059999999996 22.4380000000001 22.8180000000002 22.6170000000002
 0.324999999999989 0.359999999999999 0.310000000000002 0.332999999999998 0.328999999999979 0.266999999999996 0.329000000000008 0.27600000000001 0.25800000000001 0.290999999999997
 24.0510000000004 23.8769999999995 23.8670000000002 23.223 23.2190000000001 23.2629999999999 22.6539999999995 22.7309999999998 23.0950000000003 22.9269999999997
 0 0 0 0 0 0 0 0 0 0
 0 0 0 0 0 0 0 0 0 0
 72.8150000000001 70.913 70.6469999999999 71.1960000000008 71.5839999999998 70.9560000000001 70.723 68.3730000000005 68.9800000000005 71.9250000000002
 2.399 2.46900000000001 2.488 5.215 2.66800000000001 2.46700000000001 2.69899999999998 3.005 2.55199999999999 2.65299999999999
 132.962 130.889 129.438 194.221 137.468999999999 134.171 132.038 134.255 133.438 136.842000000001
 2306.06 2318.3 2244.66100000001 4577.014 2441.803 2347.817 2307.19900000001 2355.254 2369.114 2347.712
 96.558 86.9570000000003 103.463 197.63 102.879 101.955 104.400000000001 109.623 102.494000000001 103.974999999999
