V1 V2 V3 V4 V5 V6 V7 V8 V9 V10
sam 6.62700000000041 6.62799999999697 5.74199999999837 5.80699999999342 6.9429999999993 6.12700000000041 5.42299999999523 5.59599999999773 5.66300000000047 5.53399999999965
geode 0 0 0 0 0.000999999999976353 0 0 0 0 0
ref 6.63199999999779 6.6339999999982 5.74599999999919 5.81300000000192 6.94900000000052 6.13200000000506 5.42799999999988 5.60100000000239 5.66799999999785 5.53900000000431
infog 0 0 0 0 0 0 0 0 0 0
func 0 0 0 0 0 0 0 0 0 0
EFSIS 5.9059999999954 5.70999999999913 5.55400000000373 5.82900000000518 6.08400000000256 6.02399999999761 5.71600000000035 5.54500000000553 5.70999999999913 5.56199999999808
 0.153999999999996 0.123999999999967 0.122000000000014 0.12700000000001 0.144000000000005 0.166999999999973 0.163000000000011 0.125 0.123000000000047 0.117000000000075
 6.06500000000233 5.83899999999994 5.68000000000029 5.95999999999913 6.23300000000017 6.19599999999627 5.8839999999982 5.67499999999563 5.83699999999953 5.6820000000007
 0 0 0 0 0 0 0 0 0 0
 0 0 0 0 0 0 0 0 0 0
 9.44099999999889 10.4780000000028 10.2339999999967 11.1330000000016 10.9809999999998 9.94000000000233 9.18899999999849 9.98699999999371 10.2189999999973 10.1699999999983
 0.00999999999999091 0.00799999999998136 0.0349999999999682 0.0120000000000005 0.0040000000000191 0.007000000000005 0.0240000000000009 0.0249999999999773 0.00699999999994816 0.0289999999999964
 7.6339999999982 8.74899999999616 8.46500000000378 9.28800000000047 9.15299999999843 8.02900000000227 7.46399999999994 8.31200000000536 8.51499999999942 8.31900000000314
 0 0 0 0 0 0 0 0 0 0
 0 0 0 0 0 0 0 0 0 0
 2.35900000000402 2.47400000000198 2.42400000000634 2.47599999999511 2.37700000000041 2.46699999999691 2.37400000000343 2.34100000000035 2.38200000000506 2.36899999999878
 0.0800000000000409 0.063000000000045 0.063000000000045 0.0629999999999882 0.0629999999999882 0.0810000000000173 0.0790000000000646 0.0610000000000355 0.0640000000000782 0.0629999999999882
 2.44200000000274 2.53900000000431 2.48999999999796 2.54200000000128 2.4429999999993 2.55099999999948 2.4539999999979 2.40299999999843 2.44900000000052 2.43499999999767
 0 0 0 0 0 0 0 0 0 0
 0 0 0 0 0 0 0 0 0 0
 25.5009999999966 26.4340000000011 25.1739999999991 26.5020000000004 27.6200000000026 25.7810000000027 23.8119999999981 24.6880000000019 25.7569999999978 24.8339999999953
 0.245999999999981 0.19599999999997 0.220000000000027 0.201999999999998 0.212999999999965 0.257000000000005 0.267000000000053 0.212999999999965 0.196000000000026 0.20900000000006
 23.9440000000031 24.9069999999992 23.5999999999985 24.8589999999967 26.0149999999994 24.1339999999982 22.3410000000003 23.2130000000034 24.2549999999974 23.1750000000029
 0 0 0 0 0 0 0 0 0 0
 0 0 0 0 0 0 0 0 0 0
 1220.495 1226.197 1175.085 1204.81 1213.65199999999 1215.856 1188.376 1182.144 1240.301 1168.864
 11.3320000000001 9.834 11.112 11.095 10.872 11.142 10.674 10.944 10.371 11.845
 1143.843 1147.863 1102.072 1127.896 1136.797 1139.798 1113.586 1110.36399999999 1162.36 1096.568
 0 0 0 0 0 0 0 0 0 0
 0 0 0 0 0 0 0 0 0 0
