V1 V2 V3 V4 V5 V6 V7 V8 V9 V10
sam 6.05500000000029 5.76399999999558 5.90799999999581 6.4030000000057 5.41599999999744 5.38799999999173 6.26900000000023 5.36599999999453 5.50599999999395 5.55199999999604
geode 0 0 0 0 0 0 0 0 0 0
ref 6.06100000000151 5.76900000000023 5.91199999999662 6.40799999999581 5.4210000000021 5.39400000000023 6.27399999999761 5.36999999999534 5.51000000000931 5.55500000000757
infog 0 0 0 0 0 0 0 0 0 0
func 0 0 0 0 0 0 0 0 0 0
EFSIS 5.75699999999779 5.65900000000693 5.68500000000495 6.15299999999115 5.82700000000477 5.85599999999977 5.69199999999546 5.61100000000442 5.50500000000466 5.43000000000757
 0.126999999999953 0.133000000000038 0.125 0.120999999999981 0.158000000000015 0.163999999999987 0.158999999999992 0.153999999999996 0.142999999999915 0.128000000000043
 5.88899999999558 5.79599999999482 5.81500000000233 6.27999999999884 5.98999999999796 6.02599999999802 5.8550000000032 5.76900000000023 5.65200000000186 5.5619999999908
 0 0 0 0 0 0 0 0 0 0
 0 0 0 0 0 0 0 0 0 0
 10.8050000000003 10.2279999999955 11.0279999999984 10.9199999999983 10.0829999999987 9.48400000001129 9.80200000001059 9.28199999999197 9.9320000000007 9.80400000000373
 0.01400000000001 0.00299999999992906 0.0289999999999964 0.00700000000006185 0.00499999999999545 0.0300000000000864 0.0249999999999773 0.0200000000000955 0.00900000000001455 0.0219999999999345
 9.08100000000559 8.41500000000087 9.22400000000198 9.12800000000425 8.3440000000046 7.66600000000471 7.98599999999715 7.55000000000291 8.22399999998743 8.14699999999721
 0 0 0 0 0 0 0 0 0 0
 0 0 0 0 0 0 0 0 0 0
 2.50500000000466 2.39800000000105 2.36699999999837 2.4890000000014 2.34600000000501 2.36799999998766 2.38399999999092 2.31400000001304 2.39099999998871 2.43099999999686
 0.0650000000000546 0.0660000000000309 0.0629999999999882 0.0699999999999363 0.0779999999999745 0.0749999999999318 0.0790000000000646 0.0789999999999509 0.0620000000000118 0.0620000000000118
 2.57300000000396 2.46700000000419 2.43099999999686 2.56099999999424 2.42699999999604 2.44499999999971 2.46600000000035 2.39500000000407 2.45500000000175 2.4950000000099
 0 0 0 0 0 0 0 0 0 0
 0 0 0 0 0 0 0 0 0 0
 26.2710000000006 25.2229999999981 26.2129999999961 27.2970000000059 24.8310000000056 24.2249999999913 25.2890000000043 23.7119999999995 24.4989999999962 24.3660000000091
 0.206999999999994 0.202999999999975 0.22199999999998 0.200000000000045 0.241999999999962 0.271000000000072 0.263000000000034 0.254999999999995 0.214999999999918 0.211999999999989
 24.7540000000008 23.6219999999958 24.6109999999971 25.7119999999995 23.3430000000008 22.6630000000005 23.7229999999981 22.226999999999 23.0080000000016 22.9079999999958
 0 0 0 0 0 0 0 0 0 0
 0 0 0 0 0 0 0 0 0 0
 1221.532 1212.303 1192.04 1220.56 1209.497 1213.504 1160.211 1168.224 1196.273 1189.609
 10.548 10.2520000000001 10.896 10.688 11.539 10.304 12.3589999999999 11.8240000000001 9.91700000000003 10.7760000000001
 1144.887 1135.322 1117.686 1143.107 1133.849 1135.443 1087.91 1096.333 1119.49100000001 1113.45700000001
 0 0 0 0 0 0 0 0 0 0
 0 0 0 0 0 0 0 0 0 0
