V1 V2 V3 V4 V5 V6 V7 V8 V9 V10
sam 5.50600000000122 7.03600000000006 5.2390000000014 10.0509999999995 5.26399999999558 5.40400000000227 5.34300000000076 5.04000000000087 13.6309999999939 5.74599999999919
geode 0.181000000000495 0.226000000002387 0.164000000000669 0.31000000000131 0.157000000002881 0.159999999999854 0.15599999999904 0.14600000000064 0.384000000001834 0.161000000000058
ref 5.69199999999546 7.26799999999639 5.40699999999197 10.3690000000061 5.42399999999907 5.56900000000314 5.50300000001153 5.18999999998778 14.0950000000012 5.91300000000047
infog 0 0 0 0 0 0 0 0 0 0
func 0 0 0 0 0 0 0 0 0 0
EFSOS 5.60399999999936 8.32700000000477 5.34800000000541 21.7940000000017 5.81200000000536 5.51299999999901 5.41100000000006 5.20900000000256 8.13400000000547 6.33299999999872
EFSIS 0.292999999997846 0.413000000000466 0.274000000001251 0.830000000001746 0.297999999998865 0.284999999999854 0.266999999999825 0.265999999999622 39.9290000000001 0.290000000000873
 5.90200000000186 8.74599999999919 5.62700000000768 22.6419999999925 6.11500000000524 5.80199999999604 5.6820000000007 5.47900000000664 86.4079999999958 6.62799999999697
 0 0 0 0 0 0 0 0 0 0
 0 0 0 0 0 0 0 0 0 0
 16.3240000000005 12.0829999999987 7.63799999999901 25.7050000000017 8.37299999999959 7.90099999999802 7.87599999999657 7.79700000000594 36.6860000000015 7.88700000000244
 0.561000000001513 0.391999999999825 0.254000000000815 0.792999999997846 0.252000000000407 0.246000000002823 0.233000000000175 0.227999999999156 1.1349999999984 0.244999999998981
 16.900999999998 12.4860000000044 7.89800000000105 26.5200000000041 8.63300000000163 8.15499999999884 8.11600000000908 8.03200000000652 37.851999999999 8.13900000001013
 0 0 0 0 0 0 0 0 0 0
 0 0 0 0 0 0 0 0 0 0
 4.71800000000076 2.87000000000262 2.47299999999814 2.86700000000565 2.19499999999971 2.20999999999913 2.19099999999889 2.14499999998952 4.02699999998731 2.27999999999884
 0.251000000000204 0.158999999999651 0.134999999998399 0.190999999998894 0.121999999999389 0.122999999999593 0.117999999998574 0.11699999999837 0.242000000002008 0.118999999998778
 4.97300000001269 3.03100000000268 2.61199999999371 3.05999999999767 2.31699999999546 2.33400000000256 2.3119999999908 2.26299999999173 4.27400000000489 2.40099999999802
 0 0 0 0 0 0 0 0 0 0
 0 0 0 0 0 0 0 0 0 0
 33.7289999999994 31.8480000000054 21.9490000000005 62.109000000004 22.726999999999 22.1710000000021 21.9709999999977 21.2770000000091 64.5849999999919 23.4049999999988
 1.34000000000015 1.2390000000014 0.868000000002212 2.17600000000311 0.861000000000786 0.848000000001775 0.807000000000698 0.791000000001077 41.75 0.847999999998137
 35.099000000002 33.1129999999976 22.8340000000026 64.3370000000141 23.6069999999891 23.0390000000043 22.7970000000059 22.0859999999957 144.797999999995 24.2740000000049
 0 0 0 0 0 0 0 0 0 0
 0 0 0 0 0 0 0 0 0 0
 1450.61500000001 1546.228 1239.40100000001 1294.538 1656.699 1287.039 1227.458 1428.33499999999 1229.376 1251.901
 219.928 250.026000000002 152.859 109.290999999997 464.764999999999 209.987000000001 291.290999999997 88.7099999999991 304.762000000002 88.857
 1782.41 1924.857 1471.19899999999 1441.442 2380.436 1588.265 1694.38 1537.908 1708.78300000001 1381.73
 0 0 0 0 0 0 0 0 0 0
 0 0 0 0 0 0 0 0 0 0
