V1 V2 V3 V4 V5 V6 V7 V8 V9 V10
sam 9.0879999999961 7.65000000000146 7.92199999999866 7.68700000000536 7.83299999999872 7.71600000000035 7.45500000000175 8.06900000000314 8.85899999999674 9.19200000000274
geode 0 0 0 0 0 0 0 0.000999999999976353 0 0
ref 9.09300000000076 7.6559999999954 7.92799999999988 7.6929999999993 7.84000000000378 7.72099999999773 7.46100000000297 8.07600000000093 8.86499999999796 9.20000000000437
infog 0 0 0 0 0 0 0 0 0 0
func 0 0 0 0 0 0 0 0 0 0
EFSIS 5.57500000000437 5.65099999999802 5.37299999999959 5.55399999999645 5.5769999999975 5.53600000000006 5.39699999999721 5.29499999999825 5.62999999999738 5.60699999999633
 0.132999999999925 0.123000000000047 0.134999999999991 0.113000000000056 0.11099999999999 0.125 0.133000000000038 0.135999999999967 0.111999999999966 0.110000000000014
 5.71499999999651 5.77900000000227 5.51199999999517 5.67199999999866 5.69199999999546 5.66599999999744 5.53399999999965 5.43599999999424 5.74700000000303 5.72099999999773
 0 0 0 0 0 0 0 0 0 0
 0 0 0 0 0 0 0 0 0 0
 10.6399999999994 8.80400000000373 8.33000000000175 8.76499999999942 8.75 8.91100000000006 8.87799999999697 8.51799999999639 10.4060000000027 9.73200000000361
 0.524000000000001 0.115000000000009 0.0929999999999609 0.608999999999924 0.0699999999999363 0.0729999999999791 0.112999999999943 0.564000000000078 0.0620000000000118 0.0639999999999645
 8.88900000000285 7.25600000000122 6.61899999999878 6.90499999999884 6.82900000000518 6.88500000000204 6.83200000000215 6.63700000000244 8.7699999999968 7.86800000000221
 0 0 0 0 0 0 0 0 0 0
 0 0 0 0 0 0 0 0 0 0
 2.24499999999534 2.35100000000239 2.23200000000361 2.22899999999936 2.25699999999779 2.26599999999598 2.24000000000524 2.33000000000175 2.24599999999919 2.26699999999983
 0.0600000000000591 0.0639999999999645 0.0630000000001019 0.0610000000000355 0.0600000000000591 0.0640000000000782 0.0629999999999882 0.0639999999999645 0.0620000000000118 0.0639999999999645
 2.30599999999686 2.41700000000128 2.29700000000594 2.29200000000128 2.31899999999587 2.33299999999872 2.30599999999686 2.39500000000407 2.31000000000495 2.33199999999488
 0 0 0 0 0 0 0 0 0 0
 0 0 0 0 0 0 0 0 0 0
 28.8479999999981 25.5810000000056 25 25.7990000000063 25.5609999999942 25.5829999999987 25.1140000000014 25.3550000000032 28.4490000000005 28.1089999999967
 0.717999999999961 0.302000000000021 0.297000000000025 0.788999999999987 0.241999999999962 0.26400000000001 0.308999999999969 0.764999999999986 0.236999999999966 0.238999999999919
 27.3039999999964 24.2339999999967 23.5049999999974 24.1339999999982 23.8260000000009 23.7639999999956 23.2770000000019 23.6889999999985 27.0010000000038 26.4340000000011
 0 0 0 0 0 0 0 0 0 0
 0 0 0 0 0 0 0 0 0 0
 726.383999999998 697.527999999998 662.563000000002 657.119999999995 662.604000000007 684.652999999998 669.405999999995 698.642999999996 727.011999999995 737.026000000005
 9.71799999999996 9.59500000000003 9.92499999999995 10.2850000000001 9.65999999999997 9.755 9.99300000000005 9.86800000000005 9.63800000000003 9.72900000000004
 709.175000000003 678.353000000003 644.248 639.783000000003 642.502999999997 659.131000000001 646.629999999997 675.900999999998 713.291999999994 719.023000000001
 0 0 0 0 0 0 0 0 0 0
 0 0 0 0 0 0 0 0 0 0
