V1 V2 V3 V4 V5 V6 V7 V8 V9 V10
sam 8.06500000000233 8.89899999999034 8.7899999999936 9.11399999998685 8.84399999999732 8.2390000000014 8.86800000000221 8.75800000000163 8.85599999999977 8.77300000000105
geode 0.0489999999990687 0.0540000000000873 0.0489999999990687 0.0510000000012951 0.0489999999990687 0.043999999999869 0.0470000000004802 0.0419999999994616 0.0409999999992579 0.0450000000000728
ref 8.11799999998766 8.9539999999979 8.84300000000803 9.16800000000512 8.89699999999721 8.28599999999278 8.91800000000512 8.80399999998917 8.90099999999802 8.82399999999325
infog 0 0 0 0 0 0 0 0 0 0
func 0 0 0 0 0 0 0 0 0 0
EFSIS 5.87699999999313 5.96899999999732 5.65499999999884 6.11000000000058 5.81999999999243 5.84299999999348 5.74599999999919 5.66500000000815 5.80100000000675 5.62599999998929
 0.155000000000655 0.192000000000917 0.174000000000888 0.190999999998894 0.168999999999869 0.155000000000655 0.154999999998836 0.156000000000859 0.159999999999854 0.154000000000451
 6.03200000000652 6.16199999999662 5.83199999999488 6.30299999999988 5.99400000000605 6.00100000000384 5.90399999999499 5.8240000000078 5.96499999999651 5.78100000000268
 0 0 0 0 0 0 0 0 0 0
 0 0 0 0 0 0 0 0 0 0
 9.27000000000407 10.3870000000024 9.68300000000454 10.2710000000079 10.0250000000087 9.41000000000349 9.96100000001024 9.76600000000326 9.90099999999802 9.82000000000698
 0.0739999999987049 0.0679999999993015 0.0849999999991269 0.0650000000005093 0.0590000000011059 0.0540000000000873 0.0840000000007421 0.0869999999995343 0.0560000000004948 0.0820000000003347
 7.29399999999441 8.37399999999616 7.79499999999825 8.37199999998847 8.0049999999901 7.4320000000007 7.93300000000454 7.75899999999092 7.90600000000268 7.74700000000303
 0 0 0 0 0 0 0 0 0 0
 0 0 0 0 0 0 0 0 0 0
 2.39500000000407 2.37400000001071 2.34500000000116 2.45999999999185 2.65099999999802 2.41199999999662 2.38499999999476 2.70199999999022 2.35199999999895 2.3289999999979
 0.0790000000015425 0.0879999999997381 0.0860000000011496 0.0830000000005384 0.0729999999985012 0.069999999999709 0.0720000000001164 0.0750000000007276 0.0720000000001164 0.0709999999999127
 2.47500000000582 2.46099999999569 2.43400000000838 2.54400000000896 2.72600000000966 2.48200000000361 2.45799999999872 2.7780000000057 2.42500000000291 2.39999999999418
 0 0 0 0 0 0 0 0 0 0
 0 0 0 0 0 0 0 0 0 0
 26.8659999999945 28.9170000000013 27.7399999999907 29.2489999999962 28.6710000000021 27.1290000000008 28.2480000000069 28.1999999999971 28.2339999999967 27.8840000000055
 0.364999999999782 0.410000000001673 0.403000000000247 0.397000000000844 0.358000000000175 0.328999999999724 0.363999999999578 0.368000000000393 0.337999999999738 0.359000000000378
 25.1879999999946 27.2510000000038 26.1810000000114 27.6900000000023 26.9599999999919 25.4330000000045 26.5080000000016 26.4819999999891 26.5299999999988 26.0959999999905
 0 0 0 0 0 0 0 0 0 0
 0 0 0 0 0 0 0 0 0 0
 1366.5 1408.05499999999 1388.46800000001 1397.395 1347.446 1339.37 1376.25899999999 1384.257 1400.26400000001 1338.27499999999
 19.0209999999988 20.0199999999986 20.4120000000003 18.527 17.2089999999989 16.7510000000002 17.8310000000001 17.8719999999994 17.0779999999995 16.851999999999
 1285.757 1327.624 1312.67099999999 1316.645 1263.671 1253.617 1294.708 1304.68700000001 1317.00900000001 1255.28700000001
 0 0 0 0 0 0 0 0 0 0
 0 0 0 0 0 0 0 0 0 0
