V1 V2 V3 V4 V5 V6 V7 V8 V9 V10
sam 5.55099999999948 7.46799999999894 5.6820000000007 7.52599999999984 5.71299999999974 4.81400000000212 4.94899999999689 4.67499999999927 4.82200000000012 5.51399999999921
geode 1.04999999999927 1.47700000000259 1.17799999999988 1.41300000000047 0.979999999999563 0.765999999999622 0.744000000002416 0.667000000001281 0.653999999998632 0.709999999999127
ref 6.60599999999977 8.95300000000134 6.86500000000524 8.94499999999971 6.69900000000052 5.58299999999872 5.69800000000396 5.34599999999773 5.4800000000032 6.22800000000279
infog 0 0 0 0 0 0 0 0 0 0
func 0 0 0 0 0 0 0 0 0 0
EFSIS 2.86399999999958 5.83799999999974 5.57300000000032 8.04599999999846 5.46699999999873 5.28299999999945 4.83799999999974 4.78800000000047 4.94999999999709 5.05999999999767
 20.0470000000005 19.7880000000005 15.0770000000011 1.66300000000047 1.06600000000253 0.945999999999913 0.847999999998137 0.804000000000087 0.784999999999854 0.75
 39.9329999999973 34.8839999999982 27.2209999999977 9.71699999999691 6.55999999999767 6.23399999999674 5.6929999999993 5.59500000000116 5.73899999999412 5.81399999999849
 0 0 0 0 0 0 0 0 0 0
 0 0 0 0 0 0 0 0 0 0
 9.5570000000007 9.77600000000166 9.47599999999875 17.0330000000013 12.1020000000008 9.02299999999741 8.58500000000276 8.03099999999904 8.57600000000093 8.81800000000294
 1.88700000000063 1.99499999999898 2.05400000000009 3.20899999999892 2.09799999999814 1.45800000000236 1.32400000000052 1.17599999999948 1.18500000000131 1.15899999999965
 9.52200000000448 9.65500000000611 9.08499999999913 18.0560000000041 11.8240000000005 8.81600000000617 8.22400000000198 7.60399999999936 8.21100000000297 8.32100000000355
 0 0 0 0 0 0 0 0 0 0
 0 0 0 0 0 0 0 0 0 0
 1.1830000000009 1.63199999999961 2.01100000000042 6.00200000000041 4.32400000000052 2.35300000000279 1.97199999999793 2.02999999999884 2.04500000000189 2.06199999999808
 6.68099999999868 2.88999999999942 4.81399999999849 1.24600000000282 0.802999999999884 0.429000000000087 0.35399999999936 0.347000000001572 0.332999999998719 0.32300000000032
 13.9340000000011 6.94099999999889 8.70799999999872 7.25399999999354 5.21399999999994 2.78399999999965 2.3289999999979 2.37900000000081 2.37900000000081 2.38799999999901
 0 0 0 0 0 0 0 0 0 0
 0 0 0 0 0 0 0 0 0 0
 20.2150000000001 25.9259999999995 23.7929999999997 41.6799999999985 29.7099999999991 22.5600000000013 21.3419999999969 20.5289999999986 21.4019999999982 22.530999999999
 30.0049999999992 26.3890000000029 23.362000000001 8.10499999999956 5.31200000000172 3.77200000000084 3.4230000000025 3.13700000000244 3.09299999999712 3.08099999999831
 71.4230000000025 61.885000000002 53.1699999999983 47.6209999999992 32.7669999999998 24.6789999999964 23.0940000000046 22.0740000000005 22.9550000000017 23.9680000000008
 0 0 0 0 0 0 0 0 0 0
 0 0 0 0 0 0 0 0 0 0
 966.914999999999 952.974 1575.079 1477.061 1380.683 1031.023 1008.024 1009.974 1079.239 1040.765
 2147.978 2137.057 345.837 274.989000000001 237.848999999998 169.046999999999 157.751 150.835999999999 151.811000000002 140.805
 4457.418 4594.474 1822.02 1649.245 1519.977 1116.406 1085.444 1081.908 1145.419 1102.856
 0 0 0 0 0 0 0 0 0 0
 0 0 0 0 0 0 0 0 0 0
