V1 V2 V3 V4 V5 V6 V7 V8 V9 V10
sam 6.34700000000157 6.44200000000274 5.16300000000047 5.71199999999953 6.52500000000146 5.8660000000018 5.96099999999569 5.54799999999523 5.27400000000489 5.57200000000012
geode 0.261000000002241 0.257000000001426 0.200000000000728 0.216000000000349 0.240999999998166 0.210000000002765 0.207999999998719 0.18999999999869 0.175999999999476 0.181000000000495
ref 6.61499999999069 6.70500000000175 5.36699999999837 5.9320000000007 6.77300000000105 6.08099999999104 6.17399999999907 5.74299999998766 5.4539999999979 5.75800000000163
infog 0 0 0 0 0 0 0 0 0 0
func 0 0 0 0 0 0 0 0 0 0
EFSIS 5.75300000000425 6.91799999999785 5.16100000000006 6.25 5.84599999999773 5.5109999999986 5.52699999999459 5.41500000000815 5.49499999999534 5.33800000000338
 0.343000000000757 0.38799999999901 0.306000000000495 0.346999999997934 0.338999999999942 0.312999999998283 0.30199999999968 0.288000000000466 0.301000000003114 0.292999999997846
 6.10100000000966 7.31299999999464 5.47100000000501 6.60199999999895 6.18999999998778 5.82700000000477 5.83499999999185 5.70700000000943 5.80100000000675 5.6359999999986
 0 0 0 0 0 0 0 0 0 0
 0 0 0 0 0 0 0 0 0 0
 9.60399999999936 12.4049999999988 9.11500000000524 9.54499999999825 10.4309999999969 9.0109999999986 9.31400000000576 9.67299999999523 9.84900000000198 9.62799999999697
 0.423999999999069 0.5 0.368999999998778 0.361000000000786 0.388999999999214 0.322000000000116 0.35399999999936 0.364999999997963 0.340999999996711 0.348000000001775
 8.41599999999744 10.8730000000069 7.89400000000023 8.00900000000547 9.21500000001106 7.7100000000064 8.05400000000373 8.45599999999104 8.47499999999127 8.32200000000012
 0 0 0 0 0 0 0 0 0 0
 0 0 0 0 0 0 0 0 0 0
 2.17299999999523 3.47699999999895 2.14999999999418 3.02300000000105 2.32299999999668 2.25200000000041 2.27799999999843 2.20900000000256 2.26699999999255 2.15600000000268
 0.14600000000064 0.200000000000728 0.140999999999622 0.17699999999968 0.150000000001455 0.140999999999622 0.135000000002037 0.134000000001834 0.13300000000163 0.127000000000407
 2.32200000000012 3.68099999999686 2.2960000000021 3.20199999999022 2.47499999999127 2.39299999999639 2.41400000000431 2.34500000000116 2.40200000000186 2.28399999999965
 0 0 0 0 0 0 0 0 0 0
 0 0 0 0 0 0 0 0 0 0
 24.9730000000054 30.4860000000044 22.7170000000042 25.8220000000001 26.3249999999971 23.7220000000016 24.2119999999995 24.0529999999999 24.023000000001 23.8640000000014
 1.22200000000157 1.39400000000023 1.06100000000151 1.14999999999782 1.16299999999683 1.02500000000146 1.03899999999703 1.02000000000044 0.990000000001601 0.988000000001193
 24.5979999999981 29.8660000000091 22.2010000000009 25.0869999999995 25.8969999999972 23.1339999999909 23.6489999999903 23.5049999999901 23.3110000000015 23.2110000000102
 0 0 0 0 0 0 0 0 0 0
 0 0 0 0 0 0 0 0 0 0
 1211.592 1252.34699999999 1172.139 1228.175 1255.388 1145.027 1153.762 1173.18399999999 1181.23699999999 1145.97199999999
 58.6569999999992 58.6699999999983 54.9919999999984 55.2200000000012 55.104000000003 49.8640000000014 49.9390000000021 49.7410000000018 48.4599999999991 46.8489999999983
 1183.80099999999 1223.128 1145.26699999999 1194.46399999999 1221.16699999999 1110.736 1122.77200000001 1140.591 1143.594 1111.43299999999
 0 0 0 0 0 0 0 0 0 0
 0 0 0 0 0 0 0 0 0 0
