V1 V2 V3 V4 V5 V6 V7 V8 V9 V10
sam 5.99800000000687 5.48700000000827 5.44400000000314 6.09299999999348 5.52700000000186 5.92499999998836 5.54800000000978 5.76699999999255 5.64700000001176 6.13999999999942
geode 0.143000000000029 0.129000000000815 0.125 0.136999999998807 0.121999999999389 0.128000000000611 0.117999999998574 0.120999999999185 0.115000000001601 0.122999999999593
ref 6.14599999999336 5.61999999999534 5.57299999998941 6.23500000000058 5.6530000000057 6.05899999999383 5.66999999999825 5.89299999999639 5.76699999999255 6.26900000000023
infog 0 0 0 0 0 0 0 0 0 0
func 0 0 0 0 0 0 0 0 0 0
EFSIS 5.83899999999267 5.62900000000081 5.5509999999922 5.91300000000047 5.7329999999929 5.78700000001118 5.52599999999802 5.49700000000303 5.55599999999686 5.60099999999511
 0.246999999999389 0.247999999999593 0.235999999997148 0.244999999998981 0.246999999999389 0.245999999999185 0.234000000000378 0.236000000000786 0.242999999998574 0.23700000000099
 6.08999999999651 5.88099999999395 5.79100000001199 6.16300000000047 5.98500000000058 6.03900000000431 5.76399999999558 5.73799999999756 5.80400000000373 5.84299999999348
 0 0 0 0 0 0 0 0 0 0
 0 0 0 0 0 0 0 0 0 0
 11.0180000000109 9.97299999999814 10.1540000000095 10.4210000000021 10.6200000000099 11.0929999999935 9.88099999999395 10.0179999999964 9.62399999999616 10.6410000000033
 0.28099999999904 0.246999999999389 0.261000000002241 0.245999999999185 0.244999999998981 0.245999999999185 0.23700000000099 0.24199999999837 0.216000000000349 0.242999999998574
 9.61800000000221 8.50699999999779 8.82799999999406 8.90999999998894 9.17399999999907 9.63000000000466 8.43700000000536 8.66999999999825 8.08100000000559 9.21800000000803
 0 0 0 0 0 0 0 0 0 0
 0 0 0 0 0 0 0 0 0 0
 2.29499999999825 2.25199999999313 2.21600000000035 2.26399999999558 2.47699999999895 2.39699999999721 2.21600000000035 2.31100000000151 2.26200000000244 2.36599999999453
 0.116000000001804 0.11200000000099 0.109000000000378 0.111000000000786 0.117000000002008 0.11200000000099 0.105999999999767 0.106999999999971 0.105999999999767 0.108000000000175
 2.41199999999662 2.36500000000524 2.32600000000093 2.37600000000384 2.59500000000116 2.51199999998789 2.32399999999325 2.41900000000896 2.37099999999919 2.47599999999511
 0 0 0 0 0 0 0 0 0 0
 0 0 0 0 0 0 0 0 0 0
 26.3340000000026 24.5100000000093 24.5430000000051 25.9170000000013 25.5740000000078 26.4969999999885 24.3630000000121 24.7880000000005 24.2220000000088 26.0210000000079
 0.81499999999869 0.76299999999901 0.758999999998196 0.768999999996595 0.756999999997788 0.761000000002241 0.722000000001572 0.731999999999971 0.703000000001339 0.737999999997555
 25.4799999999959 23.5709999999963 23.7259999999951 24.9409999999916 24.6520000000019 25.5639999999985 23.4149999999936 23.9429999999993 23.1779999999999 25.1059999999998
 0 0 0 0 0 0 0 0 0 0
 0 0 0 0 0 0 0 0 0 0
 1200.497 1168.533 1147.02499999999 1188.428 1171.845 1191.18700000001 1148.522 1148.54299999999 1183.406 1166.648
 38.0390000000007 36.6500000000015 36.2010000000009 36.1190000000024 35.1049999999996 35.0619999999981 34.4019999999982 33.9399999999987 33.8400000000001 33.4860000000008
 1153.13 1121.49799999999 1102.671 1139.85400000001 1123.61 1142.584 1100.731 1100.75 1132.401 1117.63499999999
 0 0 0 0 0 0 0 0 0 0
 0 0 0 0 0 0 0 0 0 0
