V1 V2 V3 V4 V5 V6 V7 V8 V9 V10
sam 9.05000000000291 7.57800000000861 8.89900000000489 9.20300000000861 7.6310000000085 7.71900000001187 9.70500000000175 7.4030000000057 9.42600000000675 7.46699999998964
geode 0.00100000000009004 0 0 0 0 0.00199999999995271 0 0 0 0
ref 9.05999999999767 7.58400000000256 8.90600000000268 9.21099999999569 7.63700000000244 7.72699999999895 9.71199999999953 7.40899999999965 9.43400000000838 7.47299999999814
infog 0 0 0 0 0 0 0 0 0 0
func 0 0 0 0 0 0 0 0 0 0
EFSIS 5.68199999998615 5.5570000000007 5.47000000000116 5.68899999999849 5.56599999999162 5.66599999999744 5.73200000000361 5.34500000000116 5.69499999999243 5.39600000000792
 0.131999999999948 0.122000000000071 0.121000000000095 0.123000000000047 0.121999999999957 0.125 0.125999999999976 0.125 0.115999999999985 0.126999999999953
 5.81900000000314 5.68399999999383 5.59499999998661 5.81600000000617 5.69099999999162 5.7960000000021 5.86299999999756 5.47400000000198 5.81599999999162 5.5280000000057
 0 0 0 0 0 0 0 0 0 0
 0 0 0 0 0 0 0 0 0 0
 9.86900000000605 8.68399999999383 9.63499999999476 10.1009999999951 8.93899999999849 8.57499999999709 9.74499999999534 8.54499999999825 9.91199999999662 8.19999999999709
 0.585000000000036 0.0950000000000273 0.0939999999999372 0.681999999999903 0.08299999999997 0.0769999999999982 0.0769999999999982 0.497000000000071 0.0649999999999409 0.105000000000018
 8.19400000000314 7.20900000000256 7.83900000000722 8.27499999999418 6.88800000000629 6.9259999999922 8.19000000000233 7.05999999999767 8.2390000000014 6.69199999999546
 0 0 0 0 0 0 0 0 0 0
 0 0 0 0 0 0 0 0 0 0
 2.33800000000338 2.23699999999371 2.24199999999837 2.32100000001083 2.25800000000163 2.26799999999639 2.36800000000221 2.28800000000047 2.28900000000431 2.24499999999534
 0.0629999999999882 0.0609999999999218 0.0610000000000355 0.0650000000000546 0.0730000000000928 0.0640000000000782 0.07000000000005 0.0609999999999218 0.0600000000000591 0.0620000000000118
 2.40199999999459 2.29899999999907 2.30599999999686 2.38700000000244 2.33199999999488 2.33300000001327 2.44000000000233 2.35099999999511 2.35199999999895 2.30900000000838
 0 0 0 0 0 0 0 0 0 0
 0 0 0 0 0 0 0 0 0 0
 28.2280000000028 25.1889999999985 27.5510000000068 28.648000000001 25.5720000000001 25.4089999999997 28.8800000000047 24.7280000000028 28.6129999999976 24.4759999999951
 0.783000000000015 0.280000000000086 0.277000000000044 0.870999999999981 0.285999999999945 0.269999999999982 0.284999999999968 0.682999999999993 0.240999999999985 0.294999999999959
 26.7680000000037 23.9119999999966 25.9529999999941 27.0270000000019 23.7370000000083 23.9649999999965 27.5479999999952 23.4419999999955 27.1330000000016 23.1720000000059
 0 0 0 0 0 0 0 0 0 0
 0 0 0 0 0 0 0 0 0 0
 715.96699999999 708.519 737.239999999991 729.626000000004 725.638000000006 731.15400000001 696.175999999992 685.940000000002 678.287000000011 694.197
 9.64499999999998 9.89799999999991 10.096 9.89200000000005 9.94000000000005 9.875 10.059 9.8610000000001 10.136 9.95600000000002
 699.187999999995 693.850999999995 719.713000000003 715.66399999999 710.777999999991 717.212 682.027000000002 671.178 663.615999999995 679.634999999995
 0 0 0 0 0 0 0 0 0 0
 0 0 0 0 0 0 0 0 0 0
