V1 V2 V3 V4 V5 V6 V7 V8 V9 V10
sam 5.27500000000146 4.98400000000038 5.38400000000183 4.88899999999921 5.07300000000032 4.92900000000009 5.0580000000009 5.85699999999997 5.99799999999959 5.03700000000026
geode 0.647000000000844 0.581999999998516 0.601000000002387 0.520000000000437 0.514999999999418 0.47899999999936 0.471000000001368 0.525000000001455 0.515999999999622 0.417999999997846
ref 5.92799999999988 5.57099999999627 5.9890000000014 5.41300000000047 5.5940000000046 5.41300000000047 5.53500000000349 6.38699999999517 6.52000000000407 5.45799999999872
infog 0 0 0 0 0 0 0 0 0 0
func 0 0 0 0 0 0 0 0 0 0
EFSIS 5.25599999999758 5.1239999999998 5.01299999999901 5.22000000000116 5.20899999999892 5.09699999999793 5.13199999999779 4.97000000000116 5.51399999999921 4.97999999999956
 0.75 0.70600000000195 0.669999999998254 0.659999999999854 0.631000000001222 0.620999999999185 0.594999999997526 0.542999999997846 0.601000000002387 0.52100000000064
 6.0109999999986 5.83400000000256 5.68799999999464 5.88600000000588 5.84399999999732 5.72099999999773 5.7300000000032 5.51900000000023 6.11999999999534 5.50600000000122
 0 0 0 0 0 0 0 0 0 0
 0 0 0 0 0 0 0 0 0 0
 8.48400000000038 8.7410000000018 8.97399999999834 8.86399999999776 9.8179999999993 8.87900000000081 9.23400000000038 8.68899999999849 10.0999999999985 9.05000000000291
 1.05900000000111 1.03199999999924 1.04100000000108 0.962999999999738 1.01599999999962 0.88799999999901 0.881000000001222 0.829000000001543 0.882999999997992 0.789000000000669
 7.84900000000198 8.06300000000192 8.32600000000093 8.15299999999843 9.15400000000227 8.0260000000053 8.4629999999961 7.86300000000483 9.18600000000151 8.22000000000116
 0 0 0 0 0 0 0 0 0 0
 0 0 0 0 0 0 0 0 0 0
 2.07099999999991 2.12900000000081 2.02500000000146 2.70200000000114 2.04300000000148 2.03600000000006 2.04999999999927 2.11999999999898 2.19800000000032 2.08499999999913
 0.307999999997264 0.305000000000291 0.28099999999904 0.345000000001164 0.263999999999214 0.251000000000204 0.247999999999593 0.245999999999185 0.245999999999185 0.230999999999767
 2.37999999999738 2.43499999999767 2.3070000000007 3.04999999999563 2.30900000000111 2.2899999999936 2.30099999999948 2.36799999999494 2.44700000000012 2.3179999999993
 0 0 0 0 0 0 0 0 0 0
 0 0 0 0 0 0 0 0 0 0
 22.1330000000016 22.0709999999999 22.4350000000013 22.7309999999998 23.237000000001 21.9929999999986 22.5989999999983 22.6980000000003 24.9909999999982 22.2790000000023
 2.89300000000003 2.75500000000102 2.70900000000256 2.60099999999875 2.53800000000047 2.34200000000055 2.30199999999968 2.23800000000119 2.35000000000218 2.05299999999988
 23.3450000000012 23.1270000000004 23.4660000000003 23.6710000000021 24.109000000004 22.6050000000032 23.262999999999 23.2939999999944 25.5590000000011 22.724000000002
 0 0 0 0 0 0 0 0 0 0
 0 0 0 0 0 0 0 0 0 0
 1075.161 1071.995 1067.114 1090.787 1102.571 1087.388 1086.982 1059.295 1108.101 1017.964
 138.416000000001 131.874 126.249 122.665000000001 118.935000000001 112.812999999998 109.031999999999 102.951999999997 102.626999999997 92.601999999999
 1127.916 1121.03999999999 1112.119 1131.049 1136.558 1115.632 1114.492 1082.592 1126.403 1030.764
 0 0 0 0 0 0 0 0 0 0
 0 0 0 0 0 0 0 0 0 0
