V1 V2 V3 V4 V5 V6 V7 V8 V9 V10
sam 6.497 6.26299999999999 5.65600000000001 5.35599999999999 5.56900000000002 5.63900000000001 5.47500000000002 6.00099999999998 5.48000000000002 5.49000000000001
geode 0.334 0.0670000000000002 0.032 0.00999999999999979 0.0449999999999999 0.0429999999999993 0.0309999999999988 0.0749999999999993 0.0229999999999997 0.046999999999997
ref 6.836 6.33500000000001 5.69400000000002 5.37 5.61800000000005 5.68700000000001 5.50999999999999 6.08000000000015 5.50800000000004 5.54099999999994
infog 0 0 0 0 0 0 0 0 0 0
func 0 0 0 0 0 0 0 0 0 0
EFSOS 5.635 5.834 5.36199999999999 6.11899999999997 5.75200000000001 5.70499999999998 5.60399999999993 5.51999999999998 5.72300000000007 5.53399999999999
EFSIS 0.133 0.129 0.132999999999999 0.132 0.132 0.130000000000003 0.138000000000002 0.131 0.149000000000001 0.127000000000002
 5.775 5.96799999999999 5.49899999999997 6.25700000000006 5.88999999999999 5.84100000000001 5.74700000000007 5.65599999999995 5.875 5.66599999999994
 0 0 0 0 0 0 0 0 0 0
 0 0 0 0 0 0 0 0 0 0
 7.202 8.28300000000002 7.78100000000001 8.375 9.12600000000003 8.34199999999998 8.27600000000007 8.20100000000002 8.36399999999992 8.04499999999996
 0.338 0.168 0.0990000000000002 0.077 0.0530000000000008 0.102999999999998 0.0449999999999982 0.0730000000000004 0.0609999999999999 0.0549999999999997
 7.544 8.45700000000002 7.88499999999999 8.45899999999995 9.18599999999992 8.45099999999991 8.32799999999997 8.28099999999995 8.43299999999999 8.10599999999999
 0 0 0 0 0 0 0 0 0 0
 0 0 0 0 0 0 0 0 0 0
 3.117 2.398 2.32300000000001 2.35899999999998 2.39099999999996 2.37200000000007 2.38199999999995 2.31500000000005 2.34000000000003 2.32100000000003
 0 0.0629999999999997 0.0630000000000006 0.0600000000000005 0.0609999999999999 0.0629999999999988 0.0620000000000012 0.0659999999999989 0.0649999999999977 0.0619999999999976
 3.12 2.464 2.38900000000001 2.42200000000003 2.45400000000006 2.43900000000008 2.44600000000003 2.38300000000004 2.40499999999997 2.38400000000001
 0 0 0 0 0 0 0 0 0 0
 0 0 0 0 0 0 0 0 0 0
 24.266 23.974 22.244 23.446 24.067 23.2520000000001 22.898 23.218 23.087 22.617
 0.833 0.428 0.327999999999999 0.279999999999999 0.291 0.34 0.277000000000001 0.346 0.298999999999999 0.292000000000002
 25.119 24.422 22.591 23.745 24.375 23.612 23.194 23.5830000000001 23.404 22.9269999999999
 0 0 0 0 0 0 0 0 0 0
 0 0 0 0 0 0 0 0 0 0
 69.279 72.363 68.66 70.114 69.507 67.7859999999999 67.3629999999999 69.331 69.86 68.038
 2.211 5.319 2.906 2.931 2.977 2.992 2.929 2.887 2.981 2.912
 127.782 185.608 124.843 128.418 132.614 126.164 126.537 127.011 130.306 124.85
 2236.788 4198.689 2080.413 2170.04 2325.815 2204.279 2297.957 2136.365 2241.877 2156.682
 102.304 187.386 102.544 99.837 107.696 104.979 109.944 104.376 108.349 101.933
