V1 V2 V3 V4 V5 V6 V7 V8 V9 V10
sam 5.54100000000017 5.58500000000004 5.55400000000009 5.83500000000004 6.21500000000015 5.54200000000037 5.53799999999956 5.55100000000039 5.67099999999937 6.08600000000024
geode 0.0320000000000107 0.0510000000000161 0.0269999999999868 0.0409999999999968 0.0430000000000064 0.0150000000000148 0.092000000000013 0.0349999999999966 0.054000000000002 0.0320000000000107
ref 5.57799999999952 5.63799999999901 5.58599999999933 5.88000000000102 6.26300000000083 5.56299999999828 5.63600000000042 5.59100000000035 5.72899999999936 6.12299999999959
infog 0 0 0 0 0 0 0 0 0 0
func 0 0 0 0 0 0 0 0 0 0
EFSOS 5.75799999999981 5.83599999999933 5.44899999999961 5.92399999999998 6.15599999999995 5.88199999999961 5.67100000000028 5.84299999999985 5.77200000000084 5.5
EFSIS 0.123999999999995 0.131 0.134000000000015 0.149999999999977 0.125 0.120999999999981 0.119 0.122000000000014 0.113999999999976 0.132000000000005
 5.88500000000022 5.97299999999996 5.58700000000135 6.07799999999952 6.28600000000006 6.00800000000163 5.79500000000007 5.96999999999935 5.89099999999962 5.63600000000042
 0 0 0 0 0 0 0 0 0 0
 0 0 0 0 0 0 0 0 0 0
 8.6279999999997 9.01600000000053 8.08700000000044 8.78099999999995 8.75600000000031 8.67100000000028 8.78399999999965 8.64999999999964 8.80399999999918 8.19999999999982
 0.103999999999985 0.0869999999999891 0.172999999999973 0.109000000000009 0.193999999999988 0.125 0.120999999999981 0.144000000000005 0.189000000000021 0.106999999999999
 8.73899999999958 9.11100000000079 8.26699999999983 8.89799999999923 8.95699999999852 8.80299999999988 8.91100000000006 8.80000000000109 8.9989999999998 8.3130000000001
 0 0 0 0 0 0 0 0 0 0
 0 0 0 0 0 0 0 0 0 0
 2.33800000000065 2.6269999999995 2.36599999999999 2.41200000000026 2.45200000000023 2.36200000000008 2.42000000000007 2.33399999999983 2.46500000000015 2.33500000000004
 0.0620000000000118 0.0680000000000121 0.0630000000000166 0.061000000000007 0.0660000000000025 0.0670000000000073 0.0620000000000118 0.0609999999999786 0.0629999999999882 0.061000000000007
 2.40099999999984 2.69599999999991 2.43000000000029 2.47500000000036 2.51900000000023 2.43099999999868 2.48400000000038 2.39699999999903 2.53200000000106 2.39899999999943
 0 0 0 0 0 0 0 0 0 0
 0 0 0 0 0 0 0 0 0 0
 23.4089999999997 24.1889999999994 22.6170000000002 24.1869999999999 24.7930000000006 23.5810000000001 23.6359999999995 23.5429999999997 23.9120000000003 23.326
 0.324000000000012 0.338000000000022 0.399000000000001 0.363 0.430000000000007 0.328000000000003 0.396000000000015 0.363 0.421999999999997 0.334000000000003
 23.75 24.5459999999985 23.0339999999997 24.5680000000011 25.2430000000004 23.9299999999985 24.0529999999999 23.9260000000013 24.3529999999992 23.6790000000001
 0 0 0 0 0 0 0 0 0 0
 0 0 0 0 0 0 0 0 0 0
 77.4440000000004 74.25 77.6769999999997 79.6810000000005 78.5509999999995 79.6499999999996 78.5100000000002 80.8500000000004 79.1189999999997 81.3249999999998
 2.23999999999998 2.101 2.22 2.19399999999999 2.25399999999999 2.22499999999999 1.87199999999999 2.22300000000001 2.23499999999999 2.10900000000001
 132.397000000001 148.280000000001 129.003000000001 206.277999999998 165.553 134.326000000001 130.261 131.829 176.577000000001 128.129000000001
 2019.435 1655.492 1903.29800000001 1392.71100000001 1392.916 2163.01499999998 2081.93000000002 1996.693 1457.266 1872.19999999998
 209.688000000002 915.610999999997 163.345000000001 2495.774 1375.033 160.278000000006 105.687999999995 106.115000000005 1662.134 105.779000000002
