V1 V2 V3 V4 V5 V6 V7 V8 V9 V10
sam 5.43600000000151 6.41000000000349 5.42299999999523 6.43499999999767 5.60899999999674 6.20100000000093 5.33400000000256 6.1759999999922 6.7670000000071 5.95799999999872
geode 0 0 0 0 0.000999999999976353 0 0 0 0 0.00199999999995271
ref 5.44100000000617 6.41500000000815 5.42799999999988 6.43999999998778 5.61500000000524 6.20699999999488 5.33699999999953 6.18100000001141 6.77399999999034 5.96400000000722
infog 0 0 0 0 0 0 0 0 0 0
func 0 0 0 0 0 0 0 0 0 0
EFSIS 5.84799999999814 5.65200000000186 5.41300000000047 5.82300000000396 5.65499999999884 5.74000000000524 5.68099999999686 5.96600000000035 6.03199999999197 5.57000000000698
 0.149999999999977 0.118000000000052 0.128000000000043 0.129999999999995 0.125 0.125 0.153999999999996 0.171999999999912 0.131999999999948 0.126999999999953
 6.00199999999313 5.77599999999802 5.54300000000512 5.95799999999872 5.78299999999581 5.86900000000605 5.83900000000722 6.14300000001094 6.16700000000128 5.70100000000093
 0 0 0 0 0 0 0 0 0 0
 0 0 0 0 0 0 0 0 0 0
 9.53599999999278 10.4690000000119 9.98099999999977 10.3840000000055 10.7510000000038 10.4349999999977 9.31699999999546 9.64400000000023 11.1830000000045 10.8509999999951
 0.0130000000000337 0.00399999999990541 0.0299999999999727 0.00799999999992451 0.00499999999999545 0.00600000000008549 0.0250000000000909 0.0250000000000909 0.00900000000001455 0.0260000000000673
 7.61200000000827 8.65699999999197 8.17500000000291 8.72400000000198 8.96499999999651 8.67999999999302 7.58199999999488 7.95199999999022 9.32600000000093 8.92300000000978
 0 0 0 0 0 0 0 0 0 0
 0 0 0 0 0 0 0 0 0 0
 2.4539999999979 2.4030000000057 2.36000000000058 2.39800000000105 2.40499999999884 2.36100000000442 2.35800000000745 2.42300000000978 2.6359999999986 2.45300000000861
 0.0849999999999227 0.0620000000000118 0.0599999999999454 0.0610000000000355 0.0620000000000118 0.0629999999999882 0.0779999999999745 0.0759999999999081 0.0679999999999836 0.06899999999996
 2.54200000000128 2.46600000000035 2.42200000000594 2.46100000001024 2.46799999999348 2.42500000000291 2.43799999999464 2.5 2.70700000000943 2.52199999999721
 0 0 0 0 0 0 0 0 0 0
 0 0 0 0 0 0 0 0 0 0
 24.3969999999972 26.099000000002 24.3149999999878 26.2960000000021 25.5679999999993 25.9539999999979 23.8269999999902 25.4440000000031 27.9400000000023 26.0450000000128
 0.247999999999934 0.185000000000059 0.217999999999961 0.201999999999998 0.192999999999984 0.197000000000003 0.259000000000015 0.274999999999977 0.208999999999946 0.224999999999909
 22.7189999999973 24.4800000000105 22.7070000000094 24.8419999999896 23.9820000000036 24.400999999998 22.3359999999957 24.0170000000071 26.2969999999914 24.3270000000048
 0 0 0 0 0 0 0 0 0 0
 0 0 0 0 0 0 0 0 0 0
 1242.516 1224.427 1189.083 1227.057 1255.13 1219.947 1230.50900000001 1253.82699999999 1256.777 1235.71799999999
 10.0170000000001 9.83399999999995 11.4670000000001 9.971 9.99799999999993 10.227 11.2420000000001 11.008 10.897 10.7090000000001
 1164.303 1144.33199999999 1116.391 1150.689 1176.62299999999 1141.427 1157.41799999999 1179.67999999999 1174.47200000001 1158.37699999999
 0 0 0 0 0 0 0 0 0 0
 0 0 0 0 0 0 0 0 0 0
