V1 V2 V3 V4 V5 V6 V7 V8 V9 V10
sam 8.37600000000384 8.89300000001094 8.73700000000827 9.23200000000361 9.01300000000629 8.09100000000035 8.7100000000064 8.71399999999267 8.99800000000687 8.73999999999069
geode 0.0319999999992433 0.0319999999992433 0.0319999999992433 0.0360000000000582 0.0309999999990396 0.0290000000004511 0.0300000000006548 0.0280000000002474 0.0300000000006548 0.0270000000000437
ref 8.41300000000047 8.92699999999604 8.77199999999721 9.27100000000792 9.04699999999139 8.12200000000303 8.74300000000221 8.74499999999534 9.03299999999581 8.77099999999336
infog 0 0 0 0 0 0 0 0 0 0
func 0 0 0 0 0 0 0 0 0 0
EFSIS 6.00800000000163 5.73599999998987 5.5109999999986 5.95799999999872 6.05799999998999 5.76499999999942 5.57700000000477 5.54499999999825 5.77700000000186 5.6359999999986
 0.145000000000437 0.164000000000669 0.166999999999462 0.165000000000873 0.174000000000888 0.157999999999447 0.140999999999622 0.166999999999462 0.147000000000844 0.145999999998821
 6.15699999999197 5.90200000000186 5.67900000000373 6.125 6.23400000001129 5.92500000000291 5.72000000000116 5.71300000000338 5.92699999999604 5.78399999999965
 0 0 0 0 0 0 0 0 0 0
 0 0 0 0 0 0 0 0 0 0
 9.55199999999604 9.8700000000099 9.80299999999988 10.101999999999 10.0460000000021 9.90700000000652 8.97099999999045 9.71700000000419 10.6809999999969 10.5020000000077
 0.055000000000291 0.0399999999990541 0.0709999999999127 0.0579999999990832 0.0450000000000728 0.0420000000012806 0.0570000000006985 0.0680000000011205 0.0429999999996653 0.0630000000001019
 7.58100000000559 7.91700000000128 7.75699999999779 8.09299999999348 8.16699999998673 7.95699999999488 7.1359999999986 7.72299999999814 8.57300000000396 8.40000000000873
 0 0 0 0 0 0 0 0 0 0
 0 0 0 0 0 0 0 0 0 0
 2.66199999999662 2.33299999999872 2.4149999999936 2.41300000000047 2.32000000000698 2.32399999999325 2.29899999999907 2.68099999999686 2.34399999999732 2.36599999999453
 0.0769999999993161 0.0790000000015425 0.0780000000013388 0.0870000000013533 0.0830000000005384 0.069999999999709 0.0659999999988941 0.0819999999985157 0.0709999999999127 0.0690000000013242
 2.74099999999453 2.41400000000431 2.49499999999534 2.50299999999697 2.40400000000955 2.39500000000407 2.36599999999453 2.76499999999942 2.41599999999744 2.43599999998696
 0 0 0 0 0 0 0 0 0 0
 0 0 0 0 0 0 0 0 0 0
 27.8899999999994 28.0660000000062 27.7130000000034 28.9759999999951 29.403999999995 27.3320000000094 26.8050000000076 27.8929999999964 29.1129999999976 28.5449999999983
 0.313000000000102 0.320999999999913 0.35399999999936 0.352000000000771 0.342000000000553 0.306000000000495 0.300000000001091 0.350000000000364 0.296000000000276 0.308999999999287
 26.1879999999946 26.3999999999942 25.9560000000056 27.2680000000109 27.8289999999979 25.6510000000126 25.2200000000012 26.1889999999985 27.2679999999964 26.698000000004
 0 0 0 0 0 0 0 0 0 0
 0 0 0 0 0 0 0 0 0 0
 1477.76000000001 1481.25999999999 1461.071 1486.821 1441.49400000001 1400.25499999999 1419.65700000001 1459.128 1473.974 1447.734
 17.7189999999991 17.1509999999998 17.4429999999993 17.3050000000003 16.2259999999987 15.0959999999995 16.2939999999999 15.7369999999992 14.8990000000013 15.5879999999997
 1394.11900000001 1396.71500000001 1378.90999999999 1403.79599999999 1359.548 1317.90399999999 1338.893 1371.148 1383.815 1358.909
 0 0 0 0 0 0 0 0 0 0
 0 0 0 0 0 0 0 0 0 0
