V1 V2 V3 V4 V5 V6 V7 V8 V9 V10
sam 5.46900000000005 5.53200000000015 5.39499999999953 5.53300000000036 6.02400000000034 5.43900000000031 5.4989999999998 5.45600000000013 5.38900000000012 5.50800000000072
geode 0.01400000000001 0.0529999999999973 0.0159999999999911 0.0130000000000052 0.0300000000000011 0.0209999999999866 0.0370000000000061 0.0289999999999964 0.0209999999999866 0.0169999999999959
ref 5.48700000000099 5.58699999999953 5.41599999999926 5.54899999999907 6.05999999999949 5.46399999999994 5.54100000000108 5.48699999999917 5.41400000000067 5.52999999999884
infog 0 0 0 0 0 0 0 0 0 0
func 0 0 0 0 0 0 0 0 0 0
EFSOS 5.77300000000014 5.73199999999997 5.5029999999997 5.80999999999949 5.76400000000012 5.81800000000021 5.67600000000039 5.57999999999993 6.22699999999986 5.51099999999951
EFSIS 0.143000000000001 0.126000000000005 0.129000000000019 0.13900000000001 0.14700000000002 0.138000000000005 0.159999999999997 0.14100000000002 0.138000000000005 0.15300000000002
 5.92100000000028 5.86399999999958 5.63600000000042 5.95499999999993 5.91700000000128 5.96199999999953 5.83999999999833 5.72700000000077 6.36999999999898 5.66800000000148
 0 0 0 0 0 0 0 0 0 0
 0 0 0 0 0 0 0 0 0 0
 8.49200000000019 8.12800000000061 8.48600000000079 8.39100000000053 8.46299999999974 8.29599999999937 8.97299999999996 8.04200000000037 9.29600000000028 8.13100000000031
 0.0939999999999941 0.0829999999999984 0.0279999999999916 0.141999999999996 0.0609999999999786 0.0960000000000036 0.054000000000002 0.161999999999978 0.070999999999998 0.144000000000005
 8.59299999999894 8.21900000000096 8.52000000000044 8.54000000000087 8.52899999999863 8.39700000000084 9.03400000000147 8.20999999999913 9.375 8.28299999999945
 0 0 0 0 0 0 0 0 0 0
 0 0 0 0 0 0 0 0 0 0
 2.36899999999969 2.40700000000015 2.37199999999939 2.33899999999994 2.34599999999955 2.36200000000008 2.39999999999964 2.3159999999998 2.35899999999947 2.30799999999999
 0.070999999999998 0.0600000000000023 0.0629999999999882 0.0680000000000121 0.0680000000000121 0.0690000000000168 0.0679999999999836 0.0620000000000118 0.061000000000007 0.0719999999999743
 2.44200000000092 2.46999999999935 2.4369999999999 2.40699999999924 2.41800000000148 2.43399999999929 2.46999999999935 2.38000000000102 2.42100000000028 2.38299999999981
 0 0 0 0 0 0 0 0 0 0
 0 0 0 0 0 0 0 0 0 0
 23.3010000000004 22.973 22.9359999999997 23.2510000000002 23.8010000000004 23.0839999999998 23.741 22.54 24.4750000000004 22.6360000000004
 0.322000000000003 0.322000000000003 0.236999999999995 0.363 0.307000000000016 0.324000000000012 0.318999999999988 0.39500000000001 0.293999999999983 0.38900000000001
 23.6420000000016 23.3150000000005 23.1910000000007 23.6329999999998 24.1290000000008 23.4269999999997 24.0779999999995 22.9519999999993 24.7880000000005 23.0450000000001
 0 0 0 0 0 0 0 0 0 0
 0 0 0 0 0 0 0 0 0 0
 80.3339999999998 80.9719999999998 79.335 80.7529999999997 78.4219999999996 78.7620000000006 81.9189999999999 80.393 81.6539999999995 82.2920000000004
 2.59 2.60499999999999 2.279 2.452 2.565 2.71199999999999 2.62 2.51300000000001 2.321 2.58699999999999
 148.165999999999 155.385999999999 142.706999999999 146.832 144.644999999999 149.841 150.733 146.23 145.237999999999 145.255999999999
 2422.212 2586.30100000001 2320.06299999999 2424.56600000002 2334.712 2578.72899999999 2400.27299999999 2351.05800000002 2326.951 2307.60399999999
 102.511 111.72 104.364 98.2280000000001 92.835 100.382 107.549 110.857 104.839000000001 101.214
