V1 V2 V3 V4 V5 V6 V7 V8 V9 V10
sam 6.25299999999697 5.96399999999267 5.74099999999453 5.46899999999732 5.26900000000023 5.75500000000466 5.30399999998917 5.78100000000268 5.97999999999593 5.69199999999546
geode 0.124000000003434 0.115000000001601 0.110000000000582 0.110000000000582 0.0970000000015716 0.104999999999563 0.0940000000009604 0.0999999999985448 0.101999999998952 0.0950000000011642
ref 6.38199999999779 6.08299999999872 5.85500000001048 5.58400000000256 5.36999999999534 5.86499999999069 5.40200000000186 5.88500000000931 6.08699999999953 5.79199999998673
infog 0 0 0 0 0 0 0 0 0 0
func 0 0 0 0 0 0 0 0 0 0
EFSIS 5.85400000000664 5.96499999999651 5.50500000000466 5.66600000001199 5.63499999999476 5.71499999999651 5.37700000000768 5.70200000000477 5.73800000001211 5.51300000000629
 0.242999999998574 0.233000000000175 0.225999999998749 0.231999999999971 0.223999999998341 0.22099999999773 0.211999999999534 0.256000000001222 0.216000000000349 0.227999999999156
 6.10199999999895 6.20200000000477 5.73600000000442 5.90100000001257 5.86300000001211 5.94100000002072 5.59299999999348 5.96299999998882 5.96000000002095 5.74600000001374
 0 0 0 0 0 0 0 0 0 0
 0 0 0 0 0 0 0 0 0 0
 10.150999999998 9.91800000000512 10.4790000000066 9.99699999998847 10.1429999999964 10.226999999999 9.59799999999814 9.17200000000594 9.9939999999915 10.5889999999927
 0.208999999998923 0.203000000001339 0.240000000001601 0.195999999999913 0.189000000002125 0.191999999999098 0.204999999998108 0.18999999999869 0.181999999997061 0.212999999999738
 8.66700000000128 8.38499999999476 9.06099999998696 8.47399999998743 8.58199999999488 8.76799999998184 8.13499999998021 7.73999999999069 8.53899999998976 9.05999999999767
 0 0 0 0 0 0 0 0 0 0
 0 0 0 0 0 0 0 0 0 0
 2.34799999999814 2.29899999999907 2.29199999998673 2.33900000000722 2.20100000000093 2.31599999999162 2.2670000000071 2.21499999999651 2.30299999999988 2.21400000000722
 0.106999999999971 0.105999999999767 0.100999999998749 0.105999999999767 0.0979999999981374 0.101000000002387 0.0980000000017753 0.110000000000582 0.0990000000019791 0.0980000000017753
 2.46199999999953 2.40700000000652 2.39699999999721 2.44699999998556 2.30099999997765 2.42000000001281 2.36699999999837 2.32699999999022 2.40400000000955 2.31299999999464
 0 0 0 0 0 0 0 0 0 0
 0 0 0 0 0 0 0 0 0 0
 25.8150000000023 25.3489999999874 25.224000000002 24.7430000000022 24.4449999999924 25.2069999999949 23.679999999993 24.0139999999956 25.2280000000028 25.2029999999941
 0.709000000002561 0.681000000000495 0.700000000000728 0.670000000001892 0.632000000001426 0.639999999999418 0.629000000000815 0.677999999999884 0.621999999999389 0.655000000002474
 24.8479999999981 24.3050000000076 24.2779999999912 23.7050000000163 23.3379999999888 24.2090000000026 22.6520000000019 23.0830000000133 24.2250000000058 24.1289999999863
 0 0 0 0 0 0 0 0 0 0
 0 0 0 0 0 0 0 0 0 0
 1198.819 1178.29700000001 1154.50999999999 1182.85000000001 1183.96800000001 1173.058 1173.298 1160.74600000001 1192.97900000001 1171.641
 33.2019999999975 32.6080000000002 31.7459999999992 32.0939999999973 31.7200000000012 30.6929999999993 31.2020000000011 30.150999999998 29.8169999999991 30.0119999999988
 1145.82400000001 1125.62999999999 1105.33600000001 1131.60500000001 1131.32700000002 1119.41899999999 1123.37700000001 1109.86599999998 1140.715 1122.58600000001
 0 0 0 0 0 0 0 0 0 0
 0 0 0 0 0 0 0 0 0 0
