V1 V2 V3 V4 V5 V6 V7 V8 V9 V10
sam 8.18799999999464 9.39600000000792 8.67500000000291 8.99499999999534 8.9369999999908 8.80999999999767 8.86800000000221 8.96600000000035 8.95200000000477 8.97800000000279
geode 0.0380000000004657 0.0419999999994616 0.0380000000004657 0.0380000000004657 0.0390000000006694 0.0399999999990541 0.0380000000004657 0.0360000000000582 0.0339999999996508 0.032999999999447
ref 8.23099999999977 9.44300000001385 8.71700000000419 9.03500000000349 8.97999999999593 8.85399999999208 8.91000000000349 9.00699999999779 8.99000000000524 9.01399999999558
infog 0 0 0 0 0 0 0 0 0 0
func 0 0 0 0 0 0 0 0 0 0
EFSIS 5.92500000000291 5.83000000000175 5.59299999999348 5.84800000001269 5.85899999999674 5.83999999999651 5.84199999998964 5.75799999998708 5.78800000000047 5.7670000000071
 0.143999999998414 0.148999999999432 0.154999999998836 0.173999999999069 0.159999999999854 0.173000000000684 0.166999999999462 0.170000000000073 0.180000000000291 0.17200000000048
 6.07200000000012 5.97999999999593 5.75100000000384 6.02400000000489 6.02099999999336 6.01600000000326 6.01200000000244 5.93099999999686 5.97100000000501 5.94200000001001
 0 0 0 0 0 0 0 0 0 0
 0 0 0 0 0 0 0 0 0 0
 9.49199999999837 10.0879999999888 9.75800000000163 10.6100000000006 10.4730000000127 9.89699999999721 10.0680000000139 9.87300000000687 10.0270000000019 9.94799999998941
 0.0630000000001019 0.0510000000012951 0.077000000001135 0.0580000000009022 0.0509999999994761 0.0480000000006839 0.0750000000007276 0.0689999999995052 0.0540000000000873 0.0759999999991123
 7.39800000000105 7.90899999999965 7.67699999999604 8.66999999999825 8.54300000000512 7.92600000000675 7.94599999999627 7.79400000000896 7.85699999998906 7.83800000000338
 0 0 0 0 0 0 0 0 0 0
 0 0 0 0 0 0 0 0 0 0
 2.36999999999534 2.35199999999895 2.36000000000058 2.45899999998801 2.375 2.32000000000698 2.32799999999406 2.41400000000431 2.44999999999709 2.39500000000407
 0.0690000000013242 0.0729999999985012 0.0749999999989086 0.0779999999995198 0.0800000000017462 0.0749999999989086 0.0789999999997235 0.0840000000007421 0.0760000000009313 0.0870000000013533
 2.44000000000233 2.4259999999922 2.43499999999767 2.53800000000047 2.45599999999104 2.39499999998952 2.40699999999197 2.5 2.52700000000186 2.48199999998906
 0 0 0 0 0 0 0 0 0 0
 0 0 0 0 0 0 0 0 0 0
 27.247000000003 28.9910000000091 27.6759999999922 29.2060000000056 28.9739999999874 28.1649999999936 28.4079999999958 28.3319999999949 28.5350000000035 28.4020000000019
 0.320999999999913 0.32300000000032 0.350000000000364 0.35399999999936 0.33600000000115 0.343999999999141 0.364999999999782 0.365999999999985 0.350999999998749 0.375
 25.4220000000059 27.0920000000042 25.8770000000077 27.56700000001 27.3369999999995 26.5010000000038 26.5859999999957 26.5610000000015 26.669000000009 26.5979999999981
 0 0 0 0 0 0 0 0 0 0
 0 0 0 0 0 0 0 0 0 0
 1388.508 1442.314 1374.727 1443.12 1439.765 1437.308 1422.023 1433.98699999999 1428.393 1419.52200000001
 16.1589999999997 16.7459999999992 103.218999999999 17.7570000000014 17.5079999999998 17.3110000000015 17.8060000000005 17.5060000000012 16.7980000000007 17.223
 1301.27499999999 1351.871 1419.611 1359.97099999999 1354.159 1351.421 1337.49800000001 1346.117 1346.325 1336.981
 0 0 0 0 0 0 0 0 0 0
 0 0 0 0 0 0 0 0 0 0
