V1 V2 V3 V4 V5 V6 V7 V8 V9 V10
sam 6.856 5.61300000000006 5.32900000000018 5.62699999999995 5.57900000000063 5.54500000000007 6.46600000000035 5.58899999999994 5.47500000000036 5.35299999999916
geode 0.286 0 0 0.000999999999997669 0 0 0.0029999999999859 0.00200000000000955 0.00200000000000955 0.00200000000000955
ref 7.148 5.61699999999996 5.33199999999988 5.63200000000006 5.58200000000033 5.54899999999998 6.47400000000016 5.59500000000116 5.48099999999977 5.36099999999897
infog 0 0 0 0 0 0 0 0 0 0
func 0 0 0 0 0 0 0 0 0 0
EFSOS 5.712 5.92000000000007 5.38299999999981 6.15000000000009 5.78799999999956 5.90499999999975 8.22899999999936 5.64199999999983 5.52999999999884 5.38800000000083
EFSIS 0.115 0.138999999999999 0.127000000000002 0.123000000000005 0.127000000000002 0.154000000000003 0.165999999999997 0.144000000000005 0.123999999999967 0.145999999999958
 5.837 6.06299999999987 5.51400000000012 6.279 5.92000000000007 6.06400000000031 8.39999999999964 5.79099999999926 5.65799999999945 5.53700000000026
 0 0 0 0 0 0 0 0 0 0
 0 0 0 0 0 0 0 0 0 0
 9.514 9.05600000000004 7.89900000000034 9.54399999999987 9.28899999999976 8.76400000000012 10.4320000000007 8.96700000000055 8.26500000000124 8.39099999999962
 0.391 0.00300000000000011 0.00799999999999912 0.00300000000000011 0.00200000000000244 0.00399999999999778 0.0120000000000005 0.0289999999999964 0.00900000000001455 0.0270000000000437
 9.915 9.06600000000003 7.91399999999976 9.55499999999984 9.29899999999998 8.77499999999964 10.4540000000006 9.00200000000041 8.28100000000086 8.42500000000109
 0 0 0 0 0 0 0 0 0 0
 0 0 0 0 0 0 0 0 0 0
 2.35899999999999 2.8309999999999 2.33099999999968 2.45600000000013 2.42500000000018 2.34100000000035 2.80299999999988 2.41499999999905 2.45199999999932 2.38500000000022
 0 0.0650000000000013 0.0619999999999976 0.0659999999999954 0.0600000000000023 0.0769999999999982 0.070999999999998 0.0720000000000027 0.0670000000000073 0.250999999999976
 2.36 2.89900000000011 2.39300000000003 2.52300000000014 2.48799999999937 2.41899999999987 2.875 2.49099999999999 2.52000000000044 2.63799999999901
 0 0 0 0 0 0 0 0 0 0
 0 0 0 0 0 0 0 0 0 0
 25.644 24.627 22.5130000000004 25.3150000000001 24.2849999999999 23.6750000000002 29.1890000000003 23.8099999999995 22.8959999999988 22.6489999999994
 0.792 0.209 0.198 0.192999999999998 0.190000000000005 0.237000000000002 0.254999999999995 0.24799999999999 0.204000000000008 0.426999999999964
 26.464 24.8549999999998 22.7280000000001 25.529 24.4920000000002 23.9310000000005 29.4670000000006 24.0779999999995 23.1180000000004 23.0949999999993
 0 0 0 0 0 0 0 0 0 0
 0 0 0 0 0 0 0 0 0 0
 1148.741 1128.712 1512.284 1159.292 1145.347 1354.472 1195.732 1118.615 1139.289 1104.436
 10.761 9.879 12.514 10.509 9.935 186.402 13.765 11.842 12.345 13.791
 1160.418 1139.514 1526.037 1170.738 1156.244 1644.305 1210.959 1131.355 1152.549 1119.27
 0 0 0 0 0 0 0 0 0 0
 0 0 0 0 0 0 0 0 0 0
