V1 V2 V3 V4 V5 V6 V7 V8 V9 V10
sam 6.992 5.88099999999986 6.10899999999992 6.58599999999979 6.8779999999997 6.65900000000056 5.76900000000023 5.87099999999919 5.8020000000015 5.40700000000106
geode 0.45 0.000999999999999446 0 0 0 0.000999999999997669 0 0.000999999999990564 0 0
ref 7.447 5.88800000000015 6.11400000000003 6.59000000000015 6.88400000000001 6.66600000000017 5.77499999999964 5.87700000000041 5.8070000000007 5.41100000000006
infog 0 0 0 0 0 0 0 0 0 0
func 0 0 0 0 0 0 0 0 0 0
EFSIS 6.013 5.904 5.58199999999988 6.07799999999997 6.13700000000063 5.79299999999967 5.55599999999959 5.70800000000054 5.98799999999937 5.64599999999882
 0.133 0.134 0.147000000000002 0.137 0.134 0.159000000000006 0.137 0.122 0.149999999999991 0.151999999999987
 6.153 6.04299999999989 5.73400000000038 6.221 6.27599999999984 5.95599999999922 5.69700000000012 5.83499999999913 6.14300000000003 5.80299999999988
 0 0 0 0 0 0 0 0 0 0
 0 0 0 0 0 0 0 0 0 0
 9.905 10.9200000000001 10.8099999999999 11.3270000000002 13.0410000000002 10.1970000000001 10.607 10.3539999999994 10.6639999999989 9.35300000000097
 0.896 0.00399999999999956 0.0289999999999999 0.0110000000000028 0.00300000000000011 0.00300000000000011 0.0300000000000011 0.0240000000000009 0.0120000000000005 0.0280000000000058
 8.857 9.04500000000007 9.0949999999998 9.46299999999974 11.1120000000001 8.42600000000039 8.77199999999993 8.66800000000148 8.8229999999985 7.56000000000131
 0 0 0 0 0 0 0 0 0 0
 0 0 0 0 0 0 0 0 0 0
 2.406 2.41599999999994 2.4369999999999 2.54099999999971 2.5679999999993 2.47500000000036 2.41899999999987 2.42300000000068 2.45600000000013 2.3229999999985
 0 0.0660000000000007 0.0620000000000012 0.0660000000000025 0.0700000000000003 0.0659999999999954 0.0660000000000025 0.0640000000000072 0.078000000000003 0.0790000000000077
 2.406 2.48299999999995 2.50199999999995 2.625 2.63900000000012 2.54599999999937 2.48599999999988 2.48899999999958 2.53600000000006 2.40399999999863
 0 0 0 0 0 0 0 0 0 0
 0 0 0 0 0 0 0 0 0 0
 26.501 26.3869999999999 26.1479999999997 27.8049999999998 29.9470000000001 26.3960000000006 25.5529999999999 25.6029999999992 26.0709999999999 23.902
 1.479 0.209 0.239000000000001 0.216000000000001 0.207000000000001 0.231000000000002 0.234999999999999 0.212000000000003 0.239999999999995 0.260999999999996
 26.05 24.729 24.6570000000002 26.1749999999997 28.2339999999995 24.8699999999999 23.9349999999995 24.1170000000002 24.4719999999998 22.3550000000014
 0 0 0 0 0 0 0 0 0 0
 0 0 0 0 0 0 0 0 0 0
 1235.784 1230.757 1201.453 1325.094 1250.145 1211.296 1197.668 1198.434 1211.396 1202.031
 13.118 11.234 12.01 10.328 11.102 10.44 12.391 12.458 11.426 12.018
 1159.932 1152.512 1126.851 1243.729 1170.478 1131.718 1121.184 1124.373 1134.04 1128.726
 0 0 0 0 0 0 0 0 0 0
 0 0 0 0 0 0 0 0 0 0
