V1 V2 V3 V4 V5 V6 V7 V8 V9 V10
sam 5.38099999999395 5.67700000001059 5.52999999999884 5.69499999999243 5.7390000000014 5.68300000000454 6.08199999999488 5.68499999999767 5.50900000000547 5.52999999999884
geode 0 0 0 0 0.000999999999976353 0 0.000999999999976353 0 0 0
ref 5.38499999999476 5.6820000000007 5.53299999999581 5.69999999999709 5.7439999999915 5.6880000000092 6.08699999999953 5.68899999999849 5.51399999999558 5.53399999999965
infog 0 0 0 0 0 0 0 0 0 0
func 0 0 0 0 0 0 0 0 0 0
EFSIS 5.85599999999977 5.75800000000163 5.58499999999185 5.88900000001013 5.64599999999336 5.9259999999922 5.49300000000221 5.58300000001327 5.59900000000198 5.55499999999302
 0.163000000000011 0.117999999999938 0.125 0.153999999999996 0.12600000000009 0.136999999999944 0.129999999999995 0.138000000000034 0.122999999999934 0.121999999999957
 6.02400000000489 5.88000000000466 5.71600000000035 6.04899999999907 5.77700000000186 6.0679999999993 5.62599999998929 5.72500000000582 5.72600000000966 5.6820000000007
 0 0 0 0 0 0 0 0 0 0
 0 0 0 0 0 0 0 0 0 0
 10.3420000000042 10.9189999999944 10.6549999999988 10.2140000000072 10.3099999999977 11.1889999999985 10.0950000000012 11.0169999999925 10.8389999999927 10.0480000000098
 0.0199999999999818 0.00300000000004275 0.0230000000000246 0.0120000000000573 0.00499999999999545 0.00700000000006185 0.0260000000000673 0.0270000000000437 0.0040000000000191 0.0180000000000291
 8.55899999999383 9.13999999999942 8.91899999999441 8.33599999999569 8.55800000000454 9.43299999998999 8.34700000000885 9.28699999999662 8.95899999998801 8.32099999999627
 0 0 0 0 0 0 0 0 0 0
 0 0 0 0 0 0 0 0 0 0
 2.46399999999267 2.40299999999115 2.35000000000582 2.37900000000081 2.37900000000081 2.34600000000501 2.41399999998976 2.44700000000012 2.76900000000023 2.41700000000128
 0.0599999999999454 0.0610000000000355 0.0620000000000118 0.0789999999999509 0.0639999999999645 0.0620000000000118 0.0769999999999982 0.0639999999999645 0.0629999999999882 0.0620000000000118
 2.52599999999802 2.46600000000035 2.41500000000815 2.46100000001024 2.44399999998859 2.40899999999965 2.49300000000221 2.51200000000244 2.83300000001327 2.47999999999593
 0 0 0 0 0 0 0 0 0 0
 0 0 0 0 0 0 0 0 0 0
 25.310999999987 25.8950000000041 25.3190000000031 25.3080000000045 25.2170000000042 26.3889999999956 25.2659999999887 25.9910000000091 25.9060000000027 24.747000000003
 0.245000000000005 0.182000000000016 0.211000000000013 0.245000000000005 0.197000000000003 0.206999999999994 0.23599999999999 0.230000000000018 0.190999999999917 0.201999999999998
 23.7649999999994 24.3080000000045 23.781999999992 23.676999999996 23.6689999999944 24.8450000000012 23.7390000000014 24.4750000000058 24.2229999999981 23.2160000000003
 0 0 0 0 0 0 0 0 0 0
 0 0 0 0 0 0 0 0 0 0
 1238.274 1231.29700000001 1168.66299999999 1215.24699999999 1225.33799999999 1220.651 1190.98300000001 1202.00999999999 1205.617 1184.68799999999
 10.437 10.0279999999999 12.115 10.61 9.89300000000003 11.009 11.867 11.6080000000001 11.402 11.215
 1157.57799999999 1152.246 1094.667 1137.72200000001 1147.091 1142.66800000001 1114.81299999999 1128.219 1128.51300000001 1110.836
 0 0 0 0 0 0 0 0 0 0
 0 0 0 0 0 0 0 0 0 0
