V1 V2 V3 V4 V5 V6 V7 V8 V9 V10
sam 6.21699999999964 5.48899999999958 5.49499999999989 5.36999999999989 5.375 5.34100000000035 6.5 5.33900000000085 5.44800000000032 5.25399999999991
geode 0.0330000000000155 0.0269999999999868 0.0609999999999786 0.0340000000000202 0.0380000000000109 0.0180000000000007 0.0740000000000123 0.0130000000000052 0.0109999999999957 0.0159999999999911
ref 6.2559999999994 5.52100000000064 5.55999999999949 5.40700000000106 5.41900000000169 5.36200000000099 6.57999999999993 5.35599999999977 5.46399999999994 5.27399999999943
infog 0 0 0 0 0 0 0 0 0 0
func 0 0 0 0 0 0 0 0 0 0
EFSOS 5.82700000000023 5.79600000000028 5.49699999999939 5.63900000000012 5.61999999999989 5.59799999999996 6.00800000000072 5.35399999999936 5.53200000000015 5.35199999999986
EFSIS 0.12299999999999 0.146000000000015 0.112000000000023 0.121999999999986 0.123999999999995 0.123999999999995 0.132999999999981 0.113 0.127999999999986 0.122000000000014
 5.95499999999993 5.94499999999971 5.61499999999978 5.76599999999962 5.74699999999939 5.72699999999895 6.14600000000064 5.47200000000157 5.66499999999905 5.47899999999936
 0 0 0 0 0 0 0 0 0 0
 0 0 0 0 0 0 0 0 0 0
 8.30400000000009 8.39300000000003 9.05200000000059 8.05500000000029 8.02700000000004 8.02999999999975 7.98099999999977 8.19800000000032 8.25 7.72699999999986
 0.0970000000000084 0.103999999999985 0.0809999999999889 0.159999999999997 0.0579999999999927 0.113 0.0840000000000032 0.0720000000000027 0.105000000000018 0.0769999999999982
 8.40700000000106 8.50400000000081 9.14099999999962 8.22299999999996 8.09299999999894 8.14999999999964 8.07099999999991 8.27799999999843 8.36200000000099 7.80900000000111
 0 0 0 0 0 0 0 0 0 0
 0 0 0 0 0 0 0 0 0 0
 2.4340000000002 2.40599999999995 2.3739999999998 2.36399999999958 2.35099999999966 2.38599999999951 2.33299999999963 2.35199999999986 2.36599999999999 2.31999999999971
 0.0629999999999882 0.0680000000000121 0.0620000000000118 0.0620000000000118 0.0620000000000118 0.0620000000000118 0.0629999999999882 0.0600000000000023 0.0649999999999977 0.0609999999999786
 2.49799999999959 2.47600000000057 2.43700000000172 2.42799999999988 2.41500000000087 2.44900000000052 2.39800000000105 2.41400000000067 2.43299999999908 2.38299999999981
 0 0 0 0 0 0 0 0 0 0
 0 0 0 0 0 0 0 0 0 0
 23.982 23.2449999999999 23.6139999999996 22.5680000000002 22.5329999999994 22.4939999999997 23.9530000000004 22.3690000000006 22.7179999999998 21.7919999999995
 0.316000000000003 0.344999999999999 0.316999999999979 0.378000000000014 0.28400000000002 0.317000000000007 0.353999999999985 0.259999999999991 0.308999999999997 0.278999999999996
 24.3169999999991 23.6090000000004 23.9509999999991 22.9639999999999 22.8360000000011 22.8270000000011 24.3270000000011 22.6490000000013 23.0460000000003 22.0879999999997
 0 0 0 0 0 0 0 0 0 0
 0 0 0 0 0 0 0 0 0 0
 74.5079999999998 79.3199999999997 73.5709999999999 73.4920000000002 75.2020000000002 77.4189999999999 72.7650000000003 74.2889999999998 72.6090000000004 78.8150000000005
 2.685 2.62700000000001 2.458 2.76499999999999 2.78399999999999 2.30099999999999 2.46100000000001 2.40800000000002 2.364 2.51499999999999
 131.728000000001 142.276 137.738000000001 137.578000000001 141.038999999999 141.404999999999 135.198 136.102999999999 135.686 142.612999999999
 2167.10399999999 2366.25700000001 2314.989 2355.08199999999 2415.42199999999 2374.04400000002 2344.94699999999 2268.21400000001 2338.818 2342.39799999999
 88.1959999999999 97.6379999999999 101.162 99.482 109.501999999999 98.0810000000001 100.904 104.905 99.9120000000003 114.175999999999
