V1 V2 V3 V4 V5 V6 V7 V8 V9 V10
sam 5.69200000000001 5.90899999999965 5.43199999999979 5.91700000000037 5.50300000000061 5.78799999999956 5.65700000000015 7.53099999999995 6.89700000000084 6.42599999999948
geode 0.0360000000000014 0.0299999999999727 0.0289999999999964 0.0310000000000059 0.0149999999999864 0.0130000000000052 0.00899999999998613 0.007000000000005 0.0130000000000052 0.0389999999999873
ref 5.73300000000017 5.94399999999951 5.46500000000015 5.95299999999952 5.52199999999903 5.8070000000007 5.66899999999987 7.54300000000148 6.91399999999885 6.46999999999935
infog 0 0 0 0 0 0 0 0 0 0
func 0 0 0 0 0 0 0 0 0 0
EFSOS 5.98800000000028 5.74499999999989 5.4369999999999 6.24200000000019 5.57299999999941 5.79299999999967 5.59699999999975 8.73199999999997 7.86599999999999 7.04199999999946
EFSIS 0.130000000000024 0.122000000000014 0.120000000000005 0.121999999999986 0.123000000000019 0.119 0.128000000000014 0.164999999999992 0.157999999999987 0.140000000000015
 6.12299999999959 5.87200000000121 5.5619999999999 6.3690000000006 5.70100000000093 5.91599999999926 5.73000000000138 8.90399999999863 8.03100000000086 7.1869999999999
 0 0 0 0 0 0 0 0 0 0
 0 0 0 0 0 0 0 0 0 0
 8.52700000000004 9.0619999999999 8.03099999999995 9.07399999999961 8.32000000000062 9.35500000000047 8.27300000000014 12.0500000000002 12.3269999999993 13.0110000000004
 0.113999999999976 0.0689999999999884 0.11699999999999 0.0879999999999939 0.113 0.0569999999999879 0.0909999999999798 0.130000000000024 0.159999999999997 0.120000000000005
 8.64700000000084 9.13699999999881 8.15800000000127 9.18299999999908 8.44000000000051 9.42000000000007 8.36999999999898 12.1890000000003 12.4959999999992 13.1420000000016
 0 0 0 0 0 0 0 0 0 0
 0 0 0 0 0 0 0 0 0 0
 2.47099999999955 2.38799999999992 2.30299999999988 2.78499999999985 2.29199999999946 2.41299999999956 2.31500000000051 3.22499999999945 3.34900000000016 3.13800000000083
 0.0660000000000025 0.0620000000000118 0.0620000000000118 0.0650000000000261 0.0619999999999834 0.0589999999999975 0.0620000000000118 0.0749999999999886 0.0730000000000075 0.0849999999999795
 2.53900000000067 2.45200000000114 2.36700000000019 2.85200000000077 2.35599999999977 2.47299999999996 2.38000000000102 3.30299999999988 3.42599999999948 3.22599999999875
 0 0 0 0 0 0 0 0 0 0
 0 0 0 0 0 0 0 0 0 0
 23.8820000000005 24.2799999999997 22.3469999999998 25.152 22.8339999999998 24.5029999999997 23.0660000000007 33.1929999999993 32.0640000000003 31.2160000000003
 0.347000000000008 0.282999999999987 0.330999999999989 0.307999999999993 0.313999999999993 0.24799999999999 0.292000000000002 0.379000000000019 0.405000000000001 0.384999999999991
 24.2480000000014 24.5830000000005 22.7000000000007 25.4940000000006 23.1669999999995 24.7710000000006 23.3760000000002 33.598 32.4939999999988 31.6260000000002
 0 0 0 0 0 0 0 0 0 0
 0 0 0 0 0 0 0 0 0 0
 85.393 79.4189999999999 79.4809999999998 84.2070000000003 83.0560000000005 82.9470000000001 100.411 101.476000000001 92.219000000001 91.0469999999987
 2.19400000000002 2.14099999999999 2.16400000000002 2.09200000000001 2.149 2.03300000000002 4.08599999999998 2.65199999999999 2.56100000000001 2.56
 137.644999999999 134.365 141.994000000001 206.165999999999 243.795 137.932999999999 281.888000000001 220.846000000001 232.832 219.944
 2111.12599999999 2111.31900000002 1764.81399999998 1276.41100000002 1274.06099999999 2196.86600000001 3714.44 1912.02599999998 1821.76700000002 2138.45699999999
 108.574999999997 161.838000000003 622.092999999993 2361.15100000001 3367.307 129.750999999997 2519.144 1830 2528.766 2180.657
