V1 V2 V3 V4 V5 V6 V7 V8 V9 V10
sam 10.8029999999999 6.21300000000338 11.4890000000014 6.00699999999779 5.89199999999255 5.4320000000007 5.33400000000256 9.3859999999986 5.6200000000099 5.31599999999162
geode 0.237999999997555 0.132000000001426 0.241000000001804 0.122999999999593 0.11699999999837 0.108000000000175 0.10399999999936 0.182000000000698 0.106999999999971 0.0999999999985448
ref 11.0499999999884 6.35000000000582 11.7420000000129 6.13499999999476 6.01399999999558 5.54300000000512 5.44199999999546 9.57600000000093 5.73200000000361 5.41999999999825
infog 0 0 0 0 0 0 0 0 0 0
func 0 0 0 0 0 0 0 0 0 0
EFSOS 7.04899999999907 9.08999999999651 16.6420000000071 6.6420000000071 9.09700000000885 5.62099999999919 5.44599999999627 7.03900000000431 5.45699999999488 5.37399999999616
EFSIS 0.282999999999447 0.325000000000728 0.508999999998196 0.247999999999593 0.337000000003172 0.22899999999936 0.22700000000259 0.259999999998399 0.216000000000349 0.217000000000553
 7.33800000000338 9.42299999999523 17.1679999999906 6.89500000000407 9.44200000001001 5.85599999999977 5.67799999999988 7.30500000000757 5.6759999999922 5.59500000000116
 0 0 0 0 0 0 0 0 0 0
 0 0 0 0 0 0 0 0 0 0
 11.2649999999994 19.974000000002 9.23399999999674 8.33099999999104 10.5449999999983 7.88499999999476 7.89700000001176 13.5299999999988 7.74700000000303 7.90899999999965
 0.290000000000873 0.481999999999971 0.212999999999738 0.200000000000728 0.212999999999738 0.158999999999651 0.159999999999854 0.264999999999418 0.150000000001455 0.149999999997817
 11.5630000000092 20.4729999999981 9.4539999999979 8.53800000000047 10.7669999999925 8.04899999999907 8.0630000000092 13.8060000000114 7.9030000000057 8.06399999999849
 0 0 0 0 0 0 0 0 0 0
 0 0 0 0 0 0 0 0 0 0
 3.13499999999476 2.72000000000116 2.20699999999488 2.78800000000047 2.89100000000326 2.19700000000012 2.19499999999243 2.67500000000291 3.7039999999979 2.18500000001222
 0.136000000002241 0.147000000000844 0.103000000002794 0.116000000001804 0.128999999997177 0.101999999998952 0.0989999999983411 0.116000000001804 0.154999999998836 0.0980000000017753
 3.27400000000489 2.86900000000605 2.3130000000092 2.90799999999581 3.02199999999721 2.30199999999604 2.29499999999825 2.79299999999057 3.86299999999756 2.28700000001118
 0 0 0 0 0 0 0 0 0 0
 0 0 0 0 0 0 0 0 0 0
 33.8600000000006 39.6140000000014 40.775999999998 24.9670000000042 29.8179999999993 22.3000000000029 22.0480000000098 34.0130000000063 24.8350000000064 21.9619999999995
 0.983000000000175 1.12299999999959 1.09300000000076 0.710999999999331 0.82300000000032 0.621999999999389 0.615000000001601 0.851999999998952 0.673000000002503 0.586999999999534
 34.8709999999992 40.7710000000079 41.9089999999997 25.7000000000116 30.6670000000013 22.9400000000023 22.6790000000037 34.8940000000002 25.5279999999912 22.56700000001
 0 0 0 0 0 0 0 0 0 0
 0 0 0 0 0 0 0 0 0 0
 1777.155 1352.144 1289.59600000001 1332.49799999999 1523.22100000001 1279.53999999999 1317.644 1476.81999999999 1155.552 1099.538
 51.8689999999988 45.5220000000008 61.9010000000017 62.4710000000014 302.635999999999 89.2429999999986 196.573 209.240999999998 31.4199999999983 29.6369999999988
 1832.485 1403.481 1374.296 1415.124 1990.173 1407.283 1628.51599999999 1799.46100000001 1188.091 1130.06099999999
 0 0 0 0 0 0 0 0 0 0
 0 0 0 0 0 0 0 0 0 0
