V1 V2 V3 V4 V5 V6 V7 V8 V9 V10
sam 9.5470000000023 9.07400000000052 8.9320000000007 9.05500000000029 9.09700000000157 9.26499999999942 9.0789999999979 9.11699999999837 9.09399999999732 8.77500000000146
geode 0 0 0 0 0 0 0 0 0 0
ref 9.55400000000009 9.08199999999852 8.94000000000233 9.06200000000172 9.10399999999936 9.27199999999721 9.0850000000064 9.125 9.09999999999854 8.78299999999581
infog 0 0 0 0 0 0 0 0 0 0
func 0 0 0 0 0 0 0 0 0 0
EFSIS 5.64300000000003 5.66700000000128 5.46500000000015 5.68999999999869 5.71199999999953 5.72400000000198 5.63600000000588 5.63899999999558 5.6160000000018 5.44900000000052
 0.117999999999995 0.12700000000001 0.115999999999985 0.12299999999999 0.131000000000029 0.12299999999999 0.12299999999999 0.134000000000015 0.127999999999986 0.114999999999952
 5.76499999999942 5.7980000000025 5.58599999999933 5.8169999999991 5.84700000000157 5.85199999999895 5.76399999999558 5.77700000000186 5.74900000000343 5.56699999999546
 0 0 0 0 0 0 0 0 0 0
 0 0 0 0 0 0 0 0 0 0
 10.3359999999993 10.5499999999993 10.8189999999995 10.3859999999986 11.1489999999976 11.2709999999934 10.7409999999945 10.4080000000031 10.6429999999964 9.83199999999488
 0.564000000000021 0.0729999999999791 0.0869999999999891 0.587000000000046 0.0670000000000073 0.0659999999999741 0.07000000000005 0.478999999999985 0.0579999999999927 0.0980000000000132
 8.26400000000285 8.21899999999732 8.56899999999951 8.29299999999785 8.86899999999878 8.87800000000425 8.63999999999942 8.61699999999837 8.5879999999961 7.91100000000006
 0 0 0 0 0 0 0 0 0 0
 0 0 0 0 0 0 0 0 0 0
 2.32200000000012 2.28800000000047 2.72399999999834 2.29300000000148 2.27900000000227 2.31800000000658 2.32600000000093 2.24500000000262 2.28800000000047 2.24799999999959
 0.0640000000000214 0.063000000000045 0.063000000000045 0.0609999999999786 0.0589999999999691 0.0609999999999786 0.061999999999955 0.0609999999999786 0.0609999999999786 0.0629999999999882
 2.38799999999901 2.35300000000279 2.79000000000087 2.35599999999977 2.34000000000015 2.38199999999779 2.38999999999942 2.30900000000111 2.34999999999854 2.31300000000192
 0 0 0 0 0 0 0 0 0 0
 0 0 0 0 0 0 0 0 0 0
 29.143 28.875 29.2060000000019 28.757999999998 29.5580000000009 29.8949999999968 29.0959999999977 28.7079999999987 28.9170000000013 27.6169999999984
 0.746000000000038 0.264999999999986 0.26600000000002 0.771999999999991 0.259000000000015 0.250999999999976 0.254999999999995 0.675999999999988 0.246999999999957 0.279999999999973
 27.2669999999998 26.7530000000006 27.1520000000019 26.8640000000014 27.4830000000002 27.7019999999975 27.1930000000066 27.1300000000047 27.0639999999985 25.8919999999998
 0 0 0 0 0 0 0 0 0 0
 0 0 0 0 0 0 0 0 0 0
 728.662 734.77 734.701999999997 732.324000000001 736.774999999998 740.620999999999 738.267 735.220999999998 727.432000000001 727.283000000003
 9.57799999999997 9.52699999999999 9.62399999999997 9.85500000000002 9.73500000000001 9.69299999999998 9.642 9.66500000000002 9.76000000000005 9.59500000000003
 704.148000000001 711.202000000001 711.09 709.084999999999 713.573999999997 717.055 715.155999999995 712.923999999999 704.944000000003 703.574999999997
 0 0 0 0 0 0 0 0 0 0
 0 0 0 0 0 0 0 0 0 0
