V1 V2 V3 V4 V5 V6 V7 V8 V9 V10
sam 10.0610000000015 10.0859999999957 10.0429999999906 9.39999999999418 10.2600000000093 9.30500000000757 8.99499999999534 9.15100000001257 10.0050000000047 9.29400000000896
geode 0 0 0 0 0 0 0 0 0 0
ref 10.0690000000031 10.0939999999973 10.0510000000068 9.40599999998813 10.2680000000109 9.31299999999464 9.00200000000768 9.15699999999197 10.0130000000063 9.30199999999604
infog 0 0 0 0 0 0 0 0 0 0
func 0 0 0 0 0 0 0 0 0 0
EFSIS 6.4539999999979 6.20500000000175 6.84900000000198 5.91200000001118 5.89400000000023 5.8640000000014 5.65800000001036 5.50099999998929 6.47200000000885 5.65599999998813
 0.122000000000071 0.120999999999981 0.129000000000133 0.136999999999944 0.128999999999905 0.133000000000038 0.125999999999976 0.147999999999911 0.145999999999958 0.149000000000115
 6.58000000000175 6.33000000000175 6.98500000000058 6.05400000000373 6.02700000000186 6.00200000000768 5.78800000000047 5.65400000000955 6.62299999999232 5.80800000000454
 0 0 0 0 0 0 0 0 0 0
 0 0 0 0 0 0 0 0 0 0
 10.5260000000126 9.34299999999348 8.3920000000071 9.91000000000349 10.9649999999965 10.9890000000014 10.1670000000013 9.3179999999993 10.6059999999998 9.73000000001048
 0.438999999999965 0.0579999999999927 0.0789999999999509 0.465000000000146 0.0610000000001492 0.0679999999999836 0.0709999999999127 0.365999999999985 0.0860000000000127 0.0589999999999691
 8.53900000000431 7.53100000000268 6.78199999999197 8.26499999999942 9.09299999999348 9.19199999999546 8.32099999999627 7.66899999999441 8.58900000000722 8.06699999999546
 0 0 0 0 0 0 0 0 0 0
 0 0 0 0 0 0 0 0 0 0
 2.4259999999922 2.45300000000861 2.27999999999884 2.50199999999313 2.32499999999709 2.52199999999721 2.36199999999371 2.27200000001176 2.64100000000326 2.34900000000198
 0.0649999999999409 0.0620000000000118 0.0950000000000273 0.0599999999999454 0.0649999999998272 0.0650000000000546 0.0609999999999218 0.0779999999999745 0.0789999999999509 0.0629999999998745
 2.49199999999837 2.51599999998871 2.37700000000768 2.56600000000617 2.39100000000326 2.58999999999651 2.42299999999523 2.35199999999895 2.72299999999814 2.41400000000431
 0 0 0 0 0 0 0 0 0 0
 0 0 0 0 0 0 0 0 0 0
 30.8190000000031 29.349000000002 28.7169999999896 29.0209999999934 30.7880000000005 30.0840000000026 28.5 27.4340000000084 31.1699999999983 28.3510000000097
 0.628000000000043 0.242999999999938 0.307000000000016 0.663000000000011 0.256999999999834 0.267000000000053 0.258999999999787 0.594000000000051 0.315000000000055 0.270999999999958
 29.0370000000112 27.7369999999937 27.3530000000028 27.5879999999888 29.1270000000077 28.502999999997 26.8559999999998 26.0270000000019 29.398000000001 26.9150000000081
 0 0 0 0 0 0 0 0 0 0
 0 0 0 0 0 0 0 0 0 0
 761.243000000002 759.137000000002 742.660000000003 747.467000000004 764.014999999999 737.919999999998 762.671000000002 751.383999999991 779.157000000007 752.989999999991
 9.93700000000001 9.85699999999997 10.239 10.0360000000001 9.81400000000008 11.1600000000001 10.9460000000001 10.6659999999999 11.3899999999999 10.6390000000001
 748.140999999989 745.918000000005 729.789000000004 734.573000000004 750.940000000002 726.803 750.687000000005 743.140999999989 767.832999999999 740.828999999998
 0 0 0 0 0 0 0 0 0 0
 0 0 0 0 0 0 0 0 0 0
