V1 V2 V3 V4 V5 V6 V7 V8 V9 V10
sam 5.44000000000233 6.53900000000431 5.81500000000233 5.4380000000092 6.1200000000099 5.80500000000757 5.37900000000081 5.32200000000012 5.32699999999022 11.3489999999874
geode 0.149000000001251 0.17699999999968 0.153999999998632 0.139999999999418 0.153999999998632 0.143000000000029 0.131000000001222 0.126000000000204 0.122999999999593 0.256000000001222
ref 5.59200000000419 6.72100000000501 5.97399999998743 5.58199999999488 6.27899999999499 5.95100000000093 5.51399999999558 5.4539999999979 5.45500000000175 11.6159999999945
infog 0 0 0 0 0 0 0 0 0 0
func 0 0 0 0 0 0 0 0 0 0
EFSOS 5.56299999999464 7.00699999999779 5.5570000000007 5.56399999999849 6.98699999999371 5.60099999999511 5.41900000000896 5.37099999999919 5.5170000000071 18.7620000000024
EFSIS 0.257999999997992 0.315999999998894 0.25800000000163 0.257999999997992 0.312000000001717 0.256000000001222 0.243999999998778 0.234999999996944 0.238000000001193 0.585999999999331
 5.82600000000093 7.33000000000175 5.81900000000314 5.82799999999406 7.30500000000757 5.86199999999371 5.66800000000512 5.61000000000058 5.75899999999092 19.3629999999976
 0 0 0 0 0 0 0 0 0 0
 0 0 0 0 0 0 0 0 0 0
 7.97000000000116 9.89800000000105 7.93000000000757 8.05499999999302 9.53299999999581 7.9890000000014 7.86299999999756 7.76200000000244 8.44599999999627 9.30999999999767
 0.245999999999185 0.320000000003347 0.234999999996944 0.231999999999971 0.275000000001455 0.19800000000032 0.190999999998894 0.191000000002532 0.201999999997497 0.231999999999971
 8.22400000000198 10.2249999999913 8.17200000000594 8.29400000000896 9.81599999999162 8.19400000000314 8.05999999999767 7.95799999999872 8.65400000000955 9.55100000000675
 0 0 0 0 0 0 0 0 0 0
 0 0 0 0 0 0 0 0 0 0
 2.25 2.56700000001001 2.16599999999744 2.19100000000617 2.6310000000085 2.20100000000093 2.16899999999441 2.1820000000007 2.18300000000454 2.78500000000349
 0.117000000002008 0.132999999997992 0.11200000000099 0.11200000000099 0.136999999998807 0.109999999996944 0.109000000000378 0.105999999999767 0.105999999999767 0.132000000001426
 2.3689999999915 2.70200000000477 2.28100000000268 2.30299999999988 2.77000000000407 2.3130000000092 2.27899999999499 2.29099999999744 2.29099999999744 2.91799999999057
 0 0 0 0 0 0 0 0 0 0
 0 0 0 0 0 0 0 0 0 0
 22.4020000000019 27.3640000000014 22.6470000000118 22.4259999999922 26.5630000000092 22.7810000000027 22.0149999999994 21.8110000000015 22.648000000001 43.8769999999931
 0.805000000000291 0.985000000000582 0.791999999997643 0.773999999997613 0.912000000000262 0.73700000000099 0.705000000001746 0.686999999998079 0.699000000000524 1.24499999999898
 23.2260000000097 28.372000000003 23.4579999999987 23.2169999999896 27.4980000000069 23.5380000000005 22.7369999999937 22.5169999999925 23.3650000000052 45.1599999999889
 0 0 0 0 0 0 0 0 0 0
 0 0 0 0 0 0 0 0 0 0
 1504.09299999999 1365.663 1056.601 1182.26300000001 1219.333 1064.86900000001 1057.353 1255.48400000001 1312.053 1318.916
 310.679 47.5970000000016 37.4249999999993 40.8590000000004 41.4850000000006 35.1260000000002 34.7069999999985 39.5699999999997 40.7029999999977 39.9990000000034
 1957.996 1414.673 1094.89599999999 1224.09299999999 1261.81999999999 1100.867 1092.92000000001 1296.075 1354.44899999999 1360.398
 0 0 0 0 0 0 0 0 0 0
 0 0 0 0 0 0 0 0 0 0
