V1 V2 V3 V4 V5 V6 V7 V8 V9 V10
sam 8.9539999999979 8.78700000000026 8.58000000000175 8.67099999999846 8.9230000000025 8.88200000000143 8.62700000000041 8.73799999999756 8.74699999999575 7.8070000000007
geode 0.135999999999513 0.125 0.118999999999687 0.11200000000008 0.109000000000378 0.11200000000008 0.108999999999469 0.105999999999767 0.0979999999999563 0.0819999999994252
ref 9.09999999999854 8.91300000000047 8.70100000000093 8.7870000000039 9.03499999999622 8.99799999999959 8.73799999999756 8.84900000000198 8.84800000000541 7.89400000000023
infog 0 0 0 0 0 0 0 0 0 0
func 0 0 0 0 0 0 0 0 0 0
EFSIS 5.9210000000021 5.71900000000096 5.57400000000052 5.84300000000076 5.97699999999895 5.8169999999991 5.70200000000477 5.70100000000093 5.76699999999983 5.48300000000017
 0.216000000000349 0.220999999999549 0.226999999999862 0.220000000000255 0.221999999999753 0.216000000000349 0.215000000000146 0.21100000000024 0.204999999999927 0.176000000000386
 6.14100000000326 5.94099999999889 5.80200000000332 6.06400000000576 6.2019999999975 6.0370000000039 5.91799999999785 5.91500000000087 5.9739999999947 5.66199999999662
 0 0 0 0 0 0 0 0 0 0
 0 0 0 0 0 0 0 0 0 0
 9.61799999999857 9.90699999999924 9.60599999999977 9.76699999999983 10 9.95799999999872 9.75699999999779 10.3359999999957 10.3740000000034 8.82300000000396
 0.155999999999949 0.152000000000044 0.170000000000073 0.141999999999825 0.131999999999607 0.130999999999403 0.164999999999964 0.168000000000575 0.127000000000407 0.122000000000298
 7.59199999999691 7.94799999999668 7.7589999999982 7.85399999999936 8.00200000000041 7.9539999999979 7.87299999999959 8.44000000000233 8.51000000000204 7.03899999999703
 0 0 0 0 0 0 0 0 0 0
 0 0 0 0 0 0 0 0 0 0
 2.29499999999825 2.35399999999936 2.31599999999889 2.38300000000163 2.31299999999828 2.73300000000017 2.36000000000058 2.375 2.36099999999715 2.31399999999849
 0.0909999999994398 0.106999999999971 0.104000000000269 0.100999999999658 0.0979999999999563 0.106000000000677 0.101999999999862 0.100999999999658 0.0990000000001601 0.0829999999996289
 2.38799999999901 2.46200000000681 2.4210000000021 2.48599999999715 2.4120000000039 2.83999999999651 2.46500000000378 2.47800000000279 2.46199999999953 2.39700000000448
 0 0 0 0 0 0 0 0 0 0
 0 0 0 0 0 0 0 0 0 0
 28.0659999999989 28.0010000000002 27.3590000000004 27.969000000001 28.492000000002 28.6380000000026 27.7200000000012 28.4089999999997 28.5080000000016 25.635000000002
 0.621000000000095 0.622999999999593 0.639000000000124 0.594000000000051 0.578000000000429 0.579999999999927 0.606999999999971 0.601000000000568 0.543000000000575 0.475999999999658
 26.5199999999968 26.515999999996 25.9850000000006 26.5150000000067 26.9500000000044 27.0910000000003 26.2839999999997 26.9560000000056 27.0670000000027 24.2149999999965
 0 0 0 0 0 0 0 0 0 0
 0 0 0 0 0 0 0 0 0 0
 1288.87 1289.659 1330.438 1321.492 1248.914 1251.783 1330.048 1332.62 1326.798 1265.418
 28.4589999999998 185.499 40.7739999999994 105.403 282.384999999999 269.901000000001 51.4899999999998 28.415 29.5109999999995 24.1750000000002
 1212.047 1467.832 1276.131 1370.459 1577.48 1578.371 1293.567 1263.61 1261.718 1191.236
 0 0 0 0 0 0 0 0 0 0
 0 0 0 0 0 0 0 0 0 0
