V1 V2 V3 V4 V5 V6 V7 V8 V9 V10
sam 9.341 6.15700000000001 5.398 5.57399999999996 6.37599999999998 5.72799999999995 5.55999999999995 6.18799999999999 5.38199999999995 5.39400000000001
geode 0.507 0.0470000000000002 0.0279999999999996 0.024 0.0400000000000009 0.0419999999999998 0.0370000000000008 0.0790000000000006 0.0390000000000015 0.0410000000000004
ref 9.857 6.209 5.43099999999998 5.60200000000003 6.42099999999994 5.774 5.60000000000002 6.27099999999996 5.42499999999995 5.43900000000008
infog 0 0 0 0 0 0 0 0 0 0
func 0 0 0 0 0 0 0 0 0 0
EFSOS 8.678 5.714 5.488 5.76400000000001 5.86900000000003 5.91499999999996 5.60699999999997 5.54900000000009 5.6690000000001 5.68700000000001
EFSIS 0.241 0.132 0.132000000000001 0.132 0.130999999999998 0.121 0.129999999999999 0.125999999999999 0.116999999999997 0.117000000000001
 8.972 5.851 5.62400000000002 5.90100000000001 6.00300000000004 6.04100000000005 5.74300000000005 5.67999999999984 5.79099999999994 5.80899999999997
 0 0 0 0 0 0 0 0 0 0
 0 0 0 0 0 0 0 0 0 0
 13.79 8.90600000000001 8.18099999999998 8.62200000000001 8.70799999999997 8.77600000000007 8.44100000000003 9.05899999999997 8.41699999999992 8.19100000000003
 0.412 0.147 0.0499999999999998 0.0640000000000001 0.0970000000000013 0.0839999999999996 0.0850000000000009 0.110999999999999 0.0740000000000016 0.0590000000000011
 14.229 9.06 8.238 8.69299999999998 8.81299999999999 8.86699999999996 8.53199999999993 9.17800000000011 8.49700000000007 8.25699999999983
 0 0 0 0 0 0 0 0 0 0
 0 0 0 0 0 0 0 0 0 0
 3.274 2.392 2.34399999999999 2.39600000000002 2.41800000000001 2.35500000000002 2.37900000000002 2.41200000000003 2.4910000000001 2.37599999999998
 0 0.0649999999999999 0.0590000000000002 0.0590000000000002 0.0629999999999988 0.0600000000000005 0.0599999999999987 0.0630000000000006 0.0629999999999988 0.0619999999999976
 3.277 2.459 2.40499999999997 2.45499999999998 2.48400000000004 2.41700000000003 2.44100000000003 2.47600000000011 2.55600000000004 2.44000000000005
 0 0 0 0 0 0 0 0 0 0
 0 0 0 0 0 0 0 0 0 0
 36.826 24.361 22.583 23.905 24.633 24.0079999999999 23.1909999999999 24.6080000000001 23.176 22.798
 1.165 0.393 0.27 0.279 0.332000000000001 0.308 0.313000000000001 0.381 0.295000000000002 0.280000000000001
 38.084 24.774 22.872 24.203 24.9829999999999 24.3339999999999 23.522 25.0069999999998 23.4899999999998 23.098
 0 0 0 0 0 0 0 0 0 0
 0 0 0 0 0 0 0 0 0 0
 73.145 73.842 71.487 72.71 72.9060000000001 72.232 70.4820000000001 70.2479999999999 73.4939999999999 72.6560000000001
 0.936 1.548 1.57 1.524 1.648 1.622 1.645 1.556 3.03 4.487
 122.789 126.623 119.711 124.938 121.857 123.377 120.827 118.607 174.229 219.236
 1995.14 2048.555 1949.11 2125.371 1954.525 2035.123 2028.598 2041.78 4039.298 5768.872
 91.963 84.153 93.68 100.599 82.645 100.234 99.705 92.9160000000001 190.583 280.955
