V1 V2 V3 V4 V5 V6 V7 V8 V9 V10
sam 5.47699999999998 5.67800000000011 5.5179999999998 5.93200000000002 5.65599999999995 5.84399999999982 5.77800000000002 5.64800000000014 5.50499999999988 5.49000000000001
geode 0.0360000000000014 0.0689999999999955 0.0470000000000041 0.115000000000002 0.0269999999999939 0.104000000000006 0.0850000000000009 0.0549999999999997 0.0390000000000015 0.0430000000000064
ref 5.51800000000003 5.75299999999993 5.56999999999994 6.05299999999988 5.68700000000035 5.95299999999997 5.86700000000019 5.70800000000008 5.54800000000023 5.53800000000001
infog 0 0 0 0 0 0 0 0 0 0
func 0 0 0 0 0 0 0 0 0 0
EFSOS 5.80399999999997 5.71100000000001 5.46600000000012 6.21400000000017 5.75700000000006 6.43900000000008 5.84299999999985 5.5 5.69399999999996 5.52999999999997
EFSIS 0.134999999999998 0.119 0.137 0.128 0.129000000000005 0.144999999999996 0.131 0.121000000000002 0.113 0.123000000000005
 5.94399999999996 5.83500000000004 5.60699999999997 6.34799999999996 5.88999999999987 6.59000000000015 5.97800000000007 5.625 5.81100000000015 5.65700000000015
 0 0 0 0 0 0 0 0 0 0
 0 0 0 0 0 0 0 0 0 0
 9.12300000000005 8.86799999999994 8.56099999999992 9.59299999999985 8.19799999999987 8.96299999999997 9.83600000000001 8.55799999999999 8.16500000000019 9.27099999999996
 0.0609999999999999 0.109999999999999 0.0529999999999973 0.0249999999999986 0.186 0.0910000000000011 0.0719999999999956 0.164000000000001 0.123999999999995 0.0330000000000013
 9.19100000000003 8.98299999999995 8.62100000000009 9.625 8.39199999999983 9.0619999999999 9.91699999999992 8.73500000000013 8.30499999999984 9.31700000000001
 0 0 0 0 0 0 0 0 0 0
 0 0 0 0 0 0 0 0 0 0
 2.35799999999995 2.33400000000006 2.33000000000015 2.31400000000008 2.4050000000002 2.41499999999996 2.38300000000004 2.37899999999991 2.36899999999991 2.37000000000012
 0.0670000000000002 0.0640000000000001 0.0630000000000024 0.0670000000000002 0.0609999999999999 0.0630000000000024 0.0630000000000024 0.0629999999999953 0.0609999999999999 0.0619999999999976
 2.42799999999988 2.40000000000009 2.39400000000001 2.38200000000006 2.4670000000001 2.47900000000027 2.44799999999987 2.44399999999996 2.43100000000004 2.43600000000015
 0 0 0 0 0 0 0 0 0 0
 0 0 0 0 0 0 0 0 0 0
 23.925 23.8190000000002 23.0909999999999 25.519 23.2180000000001 24.8609999999999 25.107 23.326 22.9779999999998 23.7840000000001
 0.298999999999999 0.363 0.301000000000002 0.337000000000003 0.402999999999999 0.403000000000006 0.353000000000002 0.405000000000001 0.338999999999999 0.262
 24.2449999999999 24.2009999999998 23.4109999999998 25.877 23.6379999999999 25.2840000000001 25.4790000000003 23.7560000000003 23.3430000000003 24.0720000000001
 0 0 0 0 0 0 0 0 0 0
 0 0 0 0 0 0 0 0 0 0
 69.375 70.3049999999998 69.79 70.2570000000001 71.202 73.741 69.4480000000001 68.8500000000001 70.587 66.1719999999998
 2.892 3.096 3.013 2.832 3.067 3.117 2.779 3.136 2.99999999999999 2.47500000000001
 132.698 132.45 127.099 132.918 132.974 129.287 121.243 122.077 126.497 121.207
 2292.519 2283.77 2212.971 2322.496 2253.20400000001 2217.414 2093.137 2043.793 2178.526 2181.531
 107.442 106.969 105.766 108.669 111.321 110.925 106.738 101.648 101.216 101.741
