V1 V2 V3 V4 V5 V6 V7 V8 V9 V10
sam 8.91200000001118 5.93600000000151 5.13400000000547 7.22599999999511 5.68799999999464 5.51299999999173 7.76799999999639 5.46199999999953 5.48200000000361 5.56900000000314
geode 0.164000000000669 0.106999999999971 0.0910000000003492 0.126000000000204 0.0970000000015716 0.0930000000007567 0.127999999996973 0.0879999999997381 0.0869999999995343 0.0900000000001455
ref 9.08299999998417 6.04699999999139 5.22800000000279 7.35899999999674 5.79000000000815 5.61100000000442 7.90200000000186 5.5559999999823 5.57200000001467 5.66200000001118
infog 0 0 0 0 0 0 0 0 0 0
func 0 0 0 0 0 0 0 0 0 0
EFSOS 9.09399999999732 5.57499999999709 5.38799999999173 7.08800000000338 5.9030000000057 5.83000000000175 7.70100000000093 5.5679999999993 5.64099999998871 6.32499999999709
EFSIS 0.313000000001921 0.215000000000146 0.211999999999534 0.236000000000786 0.201999999997497 0.239999999997963 0.286000000000058 0.210999999999331 0.218000000000757 0.248999999999796
 9.41700000001583 5.79500000001281 5.60500000001048 7.32999999998719 6.10899999999674 6.07399999999325 7.99299999998766 5.78200000000652 5.86499999999069 6.5789999999979
 0 0 0 0 0 0 0 0 0 0
 0 0 0 0 0 0 0 0 0 0
 10.8819999999978 8.02900000000955 7.56200000000536 10.1330000000016 9.13899999999558 8.21100000001024 12.1830000000045 7.94999999999709 8.63800000000629 9.59600000000501
 0.211999999999534 0.14600000000064 0.135999999998603 0.179000000000087 0.159000000003289 0.140999999999622 0.205000000001746 0.131999999997788 0.139999999999418 0.152999999998428
 11.1019999999844 8.1820000000007 7.7039999999979 10.320000000007 9.30499999999302 8.35899999999674 12.3969999999972 8.08900000000722 8.78299999999581 9.75800000000163
 0 0 0 0 0 0 0 0 0 0
 0 0 0 0 0 0 0 0 0 0
 3.00299999999697 2.19199999999546 2.22499999999127 2.38899999999558 2.30000000000291 2.22699999999895 2.6359999999986 2.21300000000338 2.23500000000058 2.6759999999922
 0.122999999999593 0.0970000000015716 0.0989999999983411 0.102999999999156 0.102999999999156 0.105999999999767 0.120999999999185 0.0930000000007567 0.103000000002794 0.117000000002008
 3.13000000000466 2.29000000000815 2.32699999999022 2.49400000000605 2.40499999999884 2.33400000000256 2.75899999999092 2.30799999998999 2.3410000000149 2.7960000000021
 0 0 0 0 0 0 0 0 0 0
 0 0 0 0 0 0 0 0 0 0
 33.4670000000042 22.9210000000021 21.752999999997 28.0699999999924 24.2290000000066 22.9649999999965 31.6599999999889 22.398000000001 23.1860000000015 25.5749999999971
 0.84400000000096 0.588000000003376 0.56499999999869 0.665000000000873 0.58100000000195 0.601999999998952 0.764999999999418 0.544999999998254 0.566999999999098 0.632999999997992
 34.3399999999965 23.5260000000126 22.3360000000102 28.7580000000016 24.8299999999872 23.5869999999995 32.4510000000009 22.9619999999995 23.7700000000186 26.2280000000028
 0 0 0 0 0 0 0 0 0 0
 0 0 0 0 0 0 0 0 0 0
 1305.296 1069.37700000001 1094.88800000001 1287.997 1108.848 1172.152 1310.51000000001 1070.519 1076.68799999999 1356.845
 33.9170000000013 28.5959999999977 28.2360000000008 32.9959999999992 29.5629999999983 31.2930000000015 56.7880000000005 26.9269999999997 27.7150000000001 31.5200000000004
 1340.27499999999 1098.83799999999 1124.011 1322.03899999999 1139.31200000001 1204.39799999999 1370.27899999998 1098.30799999999 1105.27399999998 1389.46799999999
 0 0 0 0 0 0 0 0 0 0
 0 0 0 0 0 0 0 0 0 0
