V1 V2 V3 V4 V5 V6 V7 V8 V9 V10
sam 5.64499999999998 5.84699999999998 5.779 5.52600000000007 6.09500000000003 6.67799999999988 5.69700000000012 7.44499999999994 7.52300000000014 6.90899999999988
geode 0.0259999999999998 0.0990000000000002 0.0569999999999986 0.0340000000000025 0.0399999999999991 0.0250000000000057 0.0230000000000032 0.097999999999999 0.054000000000002 0.0860000000000056
ref 5.67599999999993 5.95100000000002 5.84099999999989 5.56600000000026 6.13900000000012 6.70899999999983 5.72499999999991 7.54799999999977 7.58300000000008 7
infog 0 0 0 0 0 0 0 0 0 0
func 0 0 0 0 0 0 0 0 0 0
EFSOS 5.99200000000008 5.74500000000012 5.64799999999991 5.75599999999986 5.85699999999997 6.88699999999994 5.7349999999999 8.51900000000001 8.86400000000003 7.04899999999998
EFSIS 0.125 0.131999999999998 0.135999999999999 0.125 0.128 0.129999999999995 0.123999999999995 0.158999999999999 0.185000000000002 0.145999999999994
 6.12200000000007 5.88200000000006 5.78800000000001 5.88499999999976 5.99000000000024 7.02300000000014 5.86200000000008 8.68600000000015 9.05600000000004 7.19999999999982
 0 0 0 0 0 0 0 0 0 0
 0 0 0 0 0 0 0 0 0 0
 9.13800000000003 9.11399999999981 9.03099999999995 8.55600000000004 8.77600000000007 10.133 8.62100000000009 11.9390000000001 12.9669999999999 9.73500000000013
 0.0380000000000003 0.167000000000002 0.0510000000000019 0.105999999999998 0.0750000000000028 0.0560000000000045 0.141000000000005 0.109000000000002 0.070999999999998 0.136000000000003
 9.18299999999999 9.28899999999999 9.08999999999992 8.66800000000012 8.85799999999972 10.1979999999999 8.76999999999998 12.0569999999998 13.049 9.88000000000011
 0 0 0 0 0 0 0 0 0 0
 0 0 0 0 0 0 0 0 0 0
 2.48299999999995 2.62000000000012 2.33699999999999 2.38200000000006 2.64799999999991 2.53300000000013 2.44200000000001 3.18200000000002 3.31200000000013 2.79999999999995
 0.0670000000000002 0.0599999999999987 0.0659999999999989 0.0609999999999999 0.0619999999999976 0.0689999999999955 0.0670000000000002 0.0820000000000007 0.0820000000000007 0.0679999999999978
 2.55299999999988 2.68200000000002 2.4050000000002 2.44399999999996 2.71199999999999 2.60200000000032 2.51200000000017 3.26700000000028 3.39600000000019 2.87100000000009
 0 0 0 0 0 0 0 0 0 0
 0 0 0 0 0 0 0 0 0 0
 24.4649999999999 24.539 24.0049999999999 23.3799999999999 24.7740000000001 27.6099999999999 23.7280000000001 32.6889999999999 34.2090000000001 27.894
 0.256 0.459999999999997 0.311 0.327000000000002 0.305 0.285000000000004 0.355000000000004 0.449999999999996 0.392000000000003 0.439
 24.742 25.02 24.3349999999998 23.7250000000004 25.0990000000002 27.9180000000001 24.1010000000001 33.165 34.6280000000002 28.355
 0 0 0 0 0 0 0 0 0 0
 0 0 0 0 0 0 0 0 0 0
 74.356 72.2760000000001 74.1680000000001 73.6970000000001 74.5179999999998 70.924 80.501 81.518 78.723 80.76
 1.51 1.652 1.606 4.547 1.709 1.559 1.671 2.616 1.933 1.95500000000001
 125.976 125.541 123.318 222.911 126.113 120.941 131.891 145.217 147.577 147.126
 2109.179 2073.227 2005.889 5812.662 2085.655 2065.048 2069.572 2712.972 2923.671 2813.433
 99.1469999999999 95.3140000000001 98.3489999999999 254.006 93.7929999999999 99.4159999999999 97.769 127.615 143.42 142.633
