V1 V2 V3 V4 V5 V6 V7 V8 V9 V10
sam 5.47800000000279 5.96300000000338 5.94000000000233 5.56600000000617 6.01699999999255 5.57600000000093 5.3289999999979 5.93499999999767 5.6189999999915 5.8350000000064
geode 0.0910000000003492 0.0970000000015716 0.0970000000015716 0.0870000000031723 0.0929999999971187 0.0849999999991269 0.0790000000015425 0.0869999999995343 0.0820000000021537 0.0830000000023574
ref 5.57300000000396 6.06599999999162 6.04199999998673 5.65800000002491 6.11499999999069 5.66400000001886 5.41300000000047 6.02700000000186 5.70600000000559 5.92199999999139
infog 0 0 0 0 0 0 0 0 0 0
func 0 0 0 0 0 0 0 0 0 0
EFSIS 5.96699999998964 5.79799999999523 5.54099999999744 5.73699999999371 5.78900000000431 5.74299999998766 5.41999999999825 5.80000000000291 5.5679999999993 5.68599999998696
 0.248999999999796 0.211999999999534 0.212999999999738 0.190999999998894 0.212999999999738 0.212999999999738 0.201999999997497 0.238000000001193 0.197000000000116 0.236000000000786
 6.22099999999045 6.01399999999558 5.75800000000163 5.9309999999823 6.00800000000163 5.96099999998114 5.62599999998929 6.04300000000512 5.77000000001863 5.92800000001444
 0 0 0 0 0 0 0 0 0 0
 0 0 0 0 0 0 0 0 0 0
 10.0420000000013 10.2740000000049 10.127999999997 9.98600000000442 10.4440000000031 10.474000000002 9.3130000000092 9.48300000000745 9.92500000000291 9.24000000000524
 0.181000000000495 0.175999999999476 0.186999999998079 0.171999999998661 0.188000000001921 0.165000000000873 0.164000000000669 0.171999999998661 0.159999999999854 0.151999999998225
 8.43499999999767 8.77700000000186 8.64900000000489 8.52400000000489 8.87799999999697 8.90600000001723 7.88100000002305 8.06700000001001 8.35899999999674 7.78800000000047
 0 0 0 0 0 0 0 0 0 0
 0 0 0 0 0 0 0 0 0 0
 2.23700000000827 2.27300000000105 2.3350000000064 2.21499999999651 2.31100000000151 2.32000000000698 2.28299999999581 2.32699999999022 2.20299999999406 2.24000000000524
 0.111000000000786 0.0970000000015716 0.0990000000019791 0.092000000000553 0.0979999999981374 0.109000000000378 0.0910000000003492 0.105999999999767 0.091999999996915 0.106999999999971
 2.35000000000582 2.37099999998463 2.43700000000536 2.30900000000838 2.41200000001118 2.4309999999823 2.37599999998929 2.43599999998696 2.2960000000021 2.34899999998743
 0 0 0 0 0 0 0 0 0 0
 0 0 0 0 0 0 0 0 0 0
 24.8640000000014 25.5470000000059 25.1300000000047 24.7060000000056 25.7810000000027 25.3089999999938 23.5380000000005 24.7069999999949 24.5160000000033 24.1399999999994
 0.651000000001659 0.603000000002794 0.615000000001601 0.562000000001717 0.611999999997352 0.591000000000349 0.556000000000495 0.619999999998981 0.548999999999069 0.597000000001572
 23.7369999999937 24.4899999999907 24.0929999999935 23.6460000000079 24.6539999999804 24.1780000000144 22.5100000000093 23.7520000000077 23.3520000000135 23.1460000000079
 0 0 0 0 0 0 0 0 0 0
 0 0 0 0 0 0 0 0 0 0
 1183.44 1209.37599999999 1148.614 1215.789 1186.67899999999 1183.87300000001 1152.72199999999 1143.75200000001 1159.678 1154.996
 29.5449999999983 29.2769999999982 28.8669999999984 28.5659999999989 29.1160000000018 28.2400000000016 27.7890000000007 27.6470000000008 27.0630000000019 27.4180000000015
 1129.22900000002 1154.29000000001 1097.79000000001 1159.99300000002 1132.28200000001 1128.484 1099.31299999999 1090.603 1102.492 1102.32499999998
 0 0 0 0 0 0 0 0 0 0
 0 0 0 0 0 0 0 0 0 0
