V1 V2 V3 V4 V5 V6 V7 V8 V9 V10
sam 8.27300000000105 8.20500000000175 8.83200000000943 9.16400000000431 9.31900000000314 9.49899999999616 8.8700000000099 8.93900000001304 9.58599999998114 9.04899999999907
geode 0.0259999999998399 0.0259999999998399 0.0259999999998399 0.0259999999998399 0.0249999999996362 0.0259999999998399 0.0339999999996508 0.0360000000000582 0.043999999999869 0.0410000000010768
ref 8.30299999999988 8.23500000000058 8.86100000000442 9.1929999999993 9.35000000000582 9.52999999999884 8.90799999999581 8.97799999997369 9.63399999999092 9.0910000000149
infog 0 0 0 0 0 0 0 0 0 0
func 0 0 0 0 0 0 0 0 0 0
EFSIS 5.7609999999986 5.77099999999336 5.55499999999302 5.7670000000071 5.83199999999488 5.99700000000303 3.52199999999721 5.45799999998417 4.83999999999651 1.72400000001653
 0.132999999999811 0.145000000000437 0.164999999999054 0.147999999999229 0.167999999999665 0.176000000001295 6.51100000000042 0.141999999999825 8.97799999999916 88.4349999999995
 5.89699999999721 5.91900000000896 5.72100000001956 6.55899999997928 6.00299999999697 6.17600000000675 12.7850000000035 5.6020000000135 15.5829999999842 108.883999999991
 0 0 0 0 0 0 0 0 0 0
 0 0 0 0 0 0 0 0 0 0
 9.53800000000047 10.0250000000087 10.5890000000072 10.205999999991 10.5480000000098 9.81200000000536 10.1399999999994 9.51800000001094 8.52800000002026 0
 0.0509999999994761 0.0390000000006694 0.0650000000005093 8.98999999999978 0.0470000000004802 0.0559999999986758 0.069999999999709 0.0709999999999127 0.0640000000003056 0
 7.23300000000745 7.87599999998929 8.31099999998696 8.54300000000512 8.65799999999581 8.16799999997602 8.41700000001583 7.70900000000256 7.9770000000135 7.87100000001374
 0 0 0 0 0 0 0 0 0 0
 0 0 0 0 0 0 0 0 0 0
 2.30899999999383 2.38199999999779 2.3289999999979 2.41800000000512 2.40099999999802 3.00800000000163 2.41599999999744 2.85699999998906 2.34699999997974 0
 0.0680000000011205 0.0679999999993015 0.081000000000131 0.0750000000007276 0.066000000000713 0.0799999999999272 0.0739999999987049 0.0869999999995343 0.0869999999995343 46.1939999999995
 2.37699999999313 2.45000000001164 2.41000000000349 2.49400000000605 2.46800000002258 3.08900000000722 2.48999999999069 2.94500000000698 2.43299999998999 45.0819999999949
 0 0 0 0 0 0 0 0 0 0
 0 0 0 0 0 0 0 0 0 0
 27.1330000000016 27.6270000000077 28.5710000000108 28.81700000001 29.3340000000026 30.1699999999983 26.195000000007 27.9950000000244 26.5659999999916 10.7730000000156
 0.281999999999243 0.283000000001266 0.341999999998734 9.24299999999857 0.308999999999287 0.346999999999753 6.69599999999991 0.343000000000757 9.17999999999847 134.67
 25.0679999999993 25.7300000000105 26.5750000000116 28.054999999993 27.7160000000149 28.8269999999902 33.8550000000105 26.4649999999965 36.8999999999942 172.200000000012
 0 0 0 0 0 0 0 0 0 0
 0 0 0 0 0 0 0 0 0 0
 1448.86799999999 1476.63499999999 1505.961 1521.238 1402.53199999999 884.233000000007 1136.31700000001 1164.09599999999 1480.72099999999 738.017999999982
 14.4400000000005 15.1239999999998 16.5420000000013 16.755000000001 278.287 1851.365 937.047999999999 937.209999999999 121.080000000002 1701.478
 1352.30500000001 1376.21599999999 1425.639 1451.39299999998 1721.39600000001 3422.20000000001 2457.92199999999 2423.30099999998 1564.834 3284.16899999999
 0 0 0.0169999999999995 0 0 0 0 0 0 0
 0 0 0.243 0 0 0 0 0 0 0
