V1 V2 V3 V4 V5 V6 V7 V8 V9 V10
sam 6.57400000000052 5.66399999999885 6.21100000000115 5.74499999999898 5.9989999999998 5.46600000000035 5.52100000000064 6.24099999999817 5.85199999999895 5.37800000000061
geode 0.00499999999999545 0.00100000000000477 0 0 0 0 0 0.00100000000000477 0 0
ref 6.58500000000095 5.67000000000007 6.21600000000035 5.7510000000002 6.00399999999718 5.47000000000116 5.52499999999782 6.24599999999919 5.85800000000017 5.38099999999758
infog 0 0 0 0 0 0 0 0 0 0
func 0 0 0 0 0 0 0 0 0 0
EFSIS 6.40699999999924 6.31099999999969 5.70099999999911 5.82300000000032 6.08100000000195 5.85200000000259 5.7390000000014 5.9989999999998 5.62299999999959 5.64199999999983
 0.162000000000006 0.159999999999997 0.123999999999995 0.132999999999981 0.152999999999992 0.152999999999992 0.156000000000006 0.169000000000011 0.119 0.147999999999996
 6.57499999999891 6.47799999999916 5.82999999999993 5.96099999999933 6.23800000000119 6.0099999999984 5.89900000000125 6.17299999999886 5.74599999999919 5.79500000000189
 0 0 0 0 0 0 0 0 0 0
 0 0 0 0 0 0 0 0 0 0
 11.0400000000009 10.1360000000004 10.2810000000009 11.4359999999979 9.84999999999854 9.85999999999694 9.39799999999741 10.5470000000023 10.9099999999999 9.25200000000041
 0.0240000000000009 0.00899999999998613 0.0360000000000014 0.00499999999999545 0.007000000000005 0.0040000000000191 0.0279999999999916 0.0260000000000105 0.00600000000000023 0.0269999999999868
 9.2450000000008 8.42000000000007 8.54500000000007 9.54900000000089 7.91300000000047 7.90000000000146 7.54299999999785 8.72100000000137 9.10299999999916 7.44800000000032
 0 0 0 0 0 0 0 0 0 0
 0 0 0 0 0 0 0 0 0 0
 2.58799999999974 2.52200000000084 2.36299999999937 2.44700000000012 2.42900000000009 2.32200000000012 2.35200000000259 2.52200000000084 2.51699999999983 2.56899999999951
 0.0819999999999936 0.0810000000000173 0.0649999999999977 0.0640000000000214 0.078000000000003 0.0769999999999982 0.0800000000000125 0.0619999999999834 0.0640000000000214 0.0620000000000118
 2.67399999999907 2.60400000000118 2.42900000000009 2.51300000000083 2.50799999999799 2.40099999999802 2.4330000000009 2.58699999999953 2.58200000000215 2.63199999999779
 0 0 0 0 0 0 0 0 0 0
 0 0 0 0 0 0 0 0 0 0
 27.8310000000001 25.7899999999991 25.773000000001 26.7239999999983 25.5290000000023 24.6500000000015 24.1530000000021 26.5449999999983 26.1049999999996 24.0620000000017
 0.272999999999996 0.252999999999986 0.225999999999999 0.203999999999979 0.239999999999981 0.235000000000014 0.265000000000015 0.25800000000001 0.189000000000021 0.236999999999995
 26.3009999999995 24.3320000000003 24.2389999999996 25.0500000000011 23.8359999999993 22.9320000000007 22.5469999999987 24.9639999999999 24.4929999999986 22.4799999999996
 0 0 0 0 0 0 0 0 0 0
 0 0 0 0 0 0 0 0 0 0
 1262.458 1251.165 1242.703 1223.89 1225.82 1211.656 1218.943 1233.022 1235.263 1219.251
 10.695 10.806 11.014 11.409 10.947 11.026 12.752 10.569 10.411 10.88
 1182.842 1171.197 1166.19 1143.265 1143.982 1131.895 1143.661 1155.386 1156.167 1142.15
 0 0 0 0 0 0 0 0 0 0
 0 0 0 0 0 0 0 0 0 0
