V1 V2 V3 V4 V5 V6 V7 V8 V9 V10
sam 9.08199999999852 8.4369999999999 6.08899999999994 5.70999999999913 5.40800000000127 5.59100000000035 5.50799999999981 5.95100000000093 5.5669999999991 5.89099999999962
geode 0.0440000000000111 0.0409999999999968 0.0109999999999957 0.0180000000000007 0.0300000000000011 0.0180000000000007 0.0240000000000009 0.0150000000000148 0.0130000000000052 0.0309999999999775
ref 9.13400000000001 8.48600000000079 6.10499999999956 5.73199999999997 5.4429999999993 5.61300000000119 5.53600000000006 5.97099999999773 5.58499999999913 5.92599999999948
infog 0 0 0 0 0 0 0 0 0 0
func 0 0 0 0 0 0 0 0 0 0
EFSOS 9.14800000000105 9.06400000000031 5.65099999999984 5.88400000000001 5.6929999999993 5.86399999999958 5.52800000000025 5.96800000000076 5.67100000000028 5.58700000000135
EFSIS 0.171999999999997 0.157999999999987 0.121000000000009 0.126999999999981 0.126000000000005 0.117999999999995 0.121999999999986 0.13300000000001 0.126999999999981 0.119000000000028
 9.32699999999932 9.22799999999916 5.77599999999984 6.01599999999962 5.82400000000052 5.98599999999897 5.65500000000065 6.10599999999977 5.80299999999988 5.71099999999933
 0 0 0 0 0 0 0 0 0 0
 0 0 0 0 0 0 0 0 0 0
 11.9989999999998 12.3169999999991 8.51100000000042 8.32300000000032 8.04299999999967 8.72700000000077 9.0510000000013 8.61299999999937 8.39099999999962 8.20899999999892
 0.181999999999988 0.0910000000000082 0.0519999999999925 0.0750000000000171 0.0409999999999968 0.0819999999999936 0.0409999999999968 0.0989999999999895 0.0740000000000123 0.0509999999999877
 12.1910000000007 12.4189999999999 8.56999999999971 8.40300000000025 8.08899999999994 8.81600000000071 9.09900000000016 8.71900000000096 8.47100000000137 8.26699999999983
 0 0 0 0 0 0 0 0 0 0
 0 0 0 0 0 0 0 0 0 0
 3.26800000000003 2.8119999999999 2.39700000000084 2.37199999999939 2.31100000000151 2.41099999999824 2.34999999999854 2.38400000000001 2.35500000000138 2.3080000000009
 0.070999999999998 0.0699999999999932 0.061000000000007 0.0629999999999882 0.061000000000007 0.061000000000007 0.061000000000007 0.0600000000000023 0.063999999999993 0.0629999999999882
 3.34100000000035 2.88199999999961 2.45900000000074 2.4380000000001 2.3739999999998 2.47400000000016 2.41399999999885 2.44499999999971 2.42099999999846 2.37199999999939
 0 0 0 0 0 0 0 0 0 0
 0 0 0 0 0 0 0 0 0 0
 35.119999999999 34.0429999999997 23.8220000000001 23.518 22.6230000000014 23.7710000000006 23.6149999999998 24.1110000000008 23.5789999999997 23.1830000000009
 0.471000000000004 0.361999999999995 0.245000000000005 0.284999999999997 0.260999999999996 0.278999999999996 0.248999999999995 0.310000000000002 0.277999999999992 0.266999999999996
 35.6200000000008 34.4320000000007 24.0859999999993 23.8220000000001 22.9030000000002 24.0680000000011 23.884 24.4409999999989 23.8760000000002 23.4680000000008
 0 0 0 0 0 0 0 0 0 0
 0 0 0 0 0 0 0 0 0 0
 107.698 103.59 87.7520000000004 84.598 88.2609999999986 93.3709999999992 90.0860000000011 91.1910000000007 90.2860000000001 88.2330000000002
 2.672 2.41499999999999 2.02100000000002 1.93699999999998 5.55700000000002 1.99000000000001 2.04399999999998 2.08100000000002 2.13300000000001 2.04999999999998
 240.295999999998 239.136999999999 143.561 139.600999999999 242.425999999999 146.011999999999 140.727000000001 139.936999999998 141.522999999997 136.826999999997
 1907.49099999998 2248.823 1819.86900000001 1961.71799999999 5944.36300000001 2078.62099999998 1988.084 2014.45500000002 1980.58299999998 2014.95000000001
 2472.886 2638.701 357.210999999996 252.518000000004 465.851000000002 93.4229999999952 96.2989999999991 101.001000000004 85.5420000000013 111.173999999999
