V1 V2 V3 V4 V5 V6 V7 V8 V9 V10
sam 5.47900000000027 5.5659999999998 5.48300000000017 5.55799999999999 5.45799999999872 5.50800000000163 5.4369999999999 5.50299999999879 5.48699999999917 6.0010000000002
geode 0.00999999999999091 0.0169999999999959 0.039999999999992 0.0180000000000007 0.0270000000000152 0.035000000000025 0.0339999999999918 0.0159999999999627 0.00200000000000955 0.007000000000005
ref 5.49300000000039 5.58899999999994 5.52800000000025 5.58100000000013 5.48999999999978 5.54600000000028 5.47499999999854 5.52200000000084 5.4940000000006 6.01100000000042
infog 0 0 0 0 0 0 0 0 0 0
func 0 0 0 0 0 0 0 0 0 0
EFSOS 5.78099999999995 5.74499999999989 5.4970000000003 5.73300000000017 5.76200000000063 5.71699999999873 5.58799999999974 5.56000000000131 5.67000000000007 5.46900000000096
EFSIS 0.153999999999996 0.120999999999981 0.122000000000014 0.128000000000014 0.120000000000005 0.111999999999966 0.120000000000005 0.149000000000001 0.125999999999976 0.111000000000047
 5.93999999999869 5.8690000000006 5.62299999999959 5.86499999999978 5.88500000000022 5.83399999999892 5.71200000000135 5.71500000000015 5.80199999999968 5.58499999999913
 0 0 0 0 0 0 0 0 0 0
 0 0 0 0 0 0 0 0 0 0
 8.39400000000023 8.11500000000069 8.45799999999963 8.63399999999911 8.15799999999945 8.13500000000022 7.98199999999997 8.08999999999833 8.04299999999967 7.88299999999981
 0.085000000000008 0.126000000000005 0.0889999999999986 0.102000000000004 0.114000000000004 0.151999999999987 0.15300000000002 0.115000000000009 0.0869999999999891 0.09699999999998
 8.48600000000079 8.2489999999998 8.55400000000009 8.7440000000006 8.27999999999884 8.29299999999967 8.14099999999962 8.21099999999933 8.13500000000022 7.98600000000079
 0 0 0 0 0 0 0 0 0 0
 0 0 0 0 0 0 0 0 0 0
 2.36999999999989 2.72800000000007 2.33399999999983 2.375 2.38800000000083 2.3809999999994 2.34900000000016 2.32600000000093 2.32899999999972 2.33200000000033
 0.0720000000000027 0.061000000000007 0.0629999999999882 0.0609999999999786 0.0609999999999786 0.063000000000045 0.0629999999999882 0.0780000000000314 0.0640000000000214 0.0649999999999977
 2.4429999999993 2.79299999999967 2.39899999999943 2.4369999999999 2.45100000000093 2.44700000000012 2.41599999999926 2.40599999999904 2.39599999999882 2.40099999999984
 0 0 0 0 0 0 0 0 0 0
 0 0 0 0 0 0 0 0 0 0
 23.7890000000007 23.3189999999995 22.982 23.4860000000008 22.9459999999999 22.9190000000017 22.5259999999998 22.6610000000001 22.7150000000001 22.8700000000008
 0.328000000000003 0.326999999999998 0.317000000000007 0.308999999999997 0.323000000000008 0.362000000000023 0.371000000000038 0.35899999999998 0.279999999999973 0.282000000000039
 24.1360000000004 23.6669999999995 23.3170000000009 23.8130000000001 23.2870000000003 23.2989999999991 22.9149999999991 23.0380000000005 23.0149999999994 23.1700000000001
 0 0 0 0 0 0 0 0 0 0
 0 0 0 0 0 0 0 0 0 0
 85.9229999999998 88.076 92.3710000000001 88.4920000000002 85.0679999999993 86.3229999999985 85.6790000000001 85.7639999999992 85.3559999999998 86.5750000000007
 2.43600000000001 2.76499999999999 2.69399999999999 2.786 2.483 4.87399999999997 2.74099999999999 2.63999999999999 2.53899999999999 2.59100000000001
 154.624 151.573 154.099999999999 153.65 153.24 215.961000000001 151.996999999999 148.592000000001 154.657000000001 152.51
 2428.46900000001 2285.99299999999 2246.97399999999 2409.255 2494.033 4744.59900000002 2466.405 2207.17299999998 2443.03400000001 2365.60200000001
 108.911 95.1700000000001 101.514999999999 99.5760000000009 104.029999999999 200.657999999999 89.4630000000016 103.152999999998 103.322 104.853000000001
