V1 V2 V3 V4 V5 V6 V7 V8 V9 V10
sam 5.48999999999978 6.28800000000047 5.5570000000007 5.91599999999926 6.12199999999939 5.96299999999974 5.23099999999977 7.26100000000224 5.63799999999901 6.54900000000271
geode 0.0010000000000332 0.000999999999976353 0.000999999999976353 0.000999999999976353 0.000999999999976353 0.0010000000000332 0.000999999999976353 0.0169999999999959 0.000999999999976353 0.000999999999976353
ref 5.49699999999939 6.29299999999967 5.56200000000172 5.92299999999886 6.12700000000041 5.96899999999732 5.23400000000038 7.28299999999945 5.64400000000023 6.55600000000049
infog 0 0 0 0 0 0 0 0 0 0
func 0 0 0 0 0 0 0 0 0 0
EFSOS 6.07999999999993 5.78499999999985 5.47899999999936 5.69200000000092 6.98099999999977 5.78499999999985 5.40300000000207 6.96199999999953 6.29499999999825 6.9519999999975
EFSIS 0.140999999999963 0.140000000000043 0.129000000000019 0.129000000000019 0.149000000000001 0.13900000000001 0.124000000000024 0.15500000000003 0.161000000000001 0.162000000000035
 6.22900000000118 5.93100000000049 5.61299999999937 5.82400000000052 7.13700000000244 5.92900000000009 5.53199999999924 7.12199999999939 6.45999999999913 7.11799999999857
 0 0 0 0 0 0 0 0 0 0
 0 0 0 0 0 0 0 0 0 0
 8.15200000000004 9.04099999999926 7.88899999999921 7.95299999999952 9.97200000000157 8.3660000000018 8.16200000000026 9.78099999999904 7.90300000000207 8.56200000000172
 0.0409999999999968 0.0139999999999532 0.0399999999999636 0.0129999999999768 0.0289999999999964 0.00399999999996226 0.00200000000000955 0.00499999999999545 0.0040000000000191 0.00399999999996226
 8.19999999999891 9.0619999999999 7.93399999999929 7.97500000000036 10.007999999998 8.37700000000041 8.17099999999846 9.79400000000169 7.91500000000087 8.57400000000052
 0 0 0 0 0 0 0 0 0 0
 0 0 0 0 0 0 0 0 0 0
 2.23300000000017 2.31400000000031 2.2489999999998 2.21399999999994 2.69399999999951 2.34899999999834 2.30600000000049 2.68500000000131 2.20799999999872 2.51599999999962
 0.07000000000005 0.063000000000045 0.0620000000000118 0.0620000000000118 0.0760000000000218 0.0740000000000123 0.0639999999999645 0.0769999999999982 0.0639999999999645 0.07000000000005
 2.30400000000009 2.38000000000102 2.31400000000031 2.27900000000045 2.77300000000105 2.42599999999948 2.37100000000282 2.76399999999921 2.27299999999741 2.58699999999953
 0 0 0 0 0 0 0 0 0 0
 0 0 0 0 0 0 0 0 0 0
 23.1450000000004 24.530999999999 22.384 22.8850000000002 27.132999999998 23.6490000000013 22.2410000000018 28.023000000001 23.1549999999988 25.7970000000023
 0.254999999999995 0.218000000000018 0.233000000000004 0.206000000000017 0.257000000000005 0.220000000000027 0.190999999999974 0.254999999999995 0.231999999999971 0.237000000000023
 23.4210000000003 24.768 22.6360000000004 23.1129999999994 27.4110000000001 23.8889999999992 22.4480000000003 28.2989999999991 23.4049999999988 26.0540000000001
 0 0 0 0 0 0 0 0 0 0
 0 0 0 0 0 0 0 0 0 0
 1271.999 1073.282 1082.447 1241.941 1155.899 1103.152 1245.399 1100.071 1058.703 1118.801
 51.744 10.712 10.902 11.509 11.098 10.211 13.074 11.403 11.093 646.312
 1338.375 1084.853 1094.219 1254.45 1167.925 1114.247 1259.476 1112.357 1070.642 2120.368
 0 0 0 0 0 0 0 0 0 0
 0 0 0 0 0 0 0 0 0 0
