V1 V2 V3 V4 V5 V6 V7 V8 V9 V10
sam 7.08699999999953 6.34700000000885 6.04099999999744 6.47400000000198 5.48099999999977 5.53900000000431 5.88300000000163 5.89999999999418 6.48399999999674 5.77100000000792
geode 0 0 0.00100000000009004 0 0 0 0 0 0 0
ref 7.09600000000501 6.35100000000966 6.04700000000594 6.47800000000279 5.48500000000058 5.54399999999441 5.88700000000244 5.90599999998813 6.48799999999756 5.77499999999418
infog 0 0 0 0 0 0 0 0 0 0
func 0 0 0 0 0 0 0 0 0 0
EFSIS 6.15499999999884 6.02199999999721 5.66999999999825 6.02599999999802 5.64299999999639 5.90600000000268 5.80199999999604 5.90899999999965 6.28600000000733 5.62699999999313
 0.151000000000067 0.121999999999957 0.126999999999953 0.137000000000057 0.12399999999991 0.158000000000015 0.128999999999905 0.162000000000035 0.129999999999995 0.145999999999958
 6.31099999998696 6.14999999999418 5.80000000000291 6.16799999999057 5.77099999999336 6.0679999999993 5.93400000000838 6.07500000001164 6.4210000000021 5.7780000000057
 0 0 0 0 0 0 0 0 0 0
 0 0 0 0 0 0 0 0 0 0
 12.5610000000015 11.2430000000022 11.1080000000075 10.9410000000062 10.3059999999969 9.74699999998847 10.6370000000024 9.77900000000955 13.2450000000099 9.78800000000047
 0.0130000000000337 0.00499999999999545 0.02800000000002 0.0109999999999673 0.00600000000008549 0.00599999999997181 0.0250000000000909 0.0220000000000482 0.0109999999999673 0.0190000000000055
 10.5850000000064 9.37799999999697 9.09899999998743 9.1420000000071 8.39500000000407 7.88000000000466 8.83599999999569 7.96099999999569 11.3669999999984 7.99899999999616
 0 0 0 0 0 0 0 0 0 0
 0 0 0 0 0 0 0 0 0 0
 2.45100000000093 2.47299999999814 2.44400000000314 2.71899999999732 2.35300000000279 2.41800000000512 2.50800000000163 2.47099999999045 3.24499999999534 2.45799999999872
 0.0639999999999645 0.0660000000000309 0.0629999999999882 0.0679999999999836 0.0629999999999882 0.0790000000000646 0.0639999999999645 0.0849999999999227 0.0670000000000073 0.0670000000000073
 2.51799999999639 2.54099999999744 2.5109999999986 2.7899999999936 2.41800000000512 2.49799999999232 2.57200000000012 2.5570000000007 3.31399999999849 2.52700000000186
 0 0 0 0 0 0 0 0 0 0
 0 0 0 0 0 0 0 0 0 0
 29.5349999999889 27.3510000000097 26.5 27.4330000000045 24.935999999987 24.7560000000085 26.0800000000017 25.3040000000037 30.5770000000048 24.846000000005
 0.230000000000018 0.192999999999984 0.219000000000051 0.216000000000008 0.19399999999996 0.243000000000052 0.217999999999961 0.271000000000072 0.20799999999997 0.233999999999924
 27.7939999999944 25.6870000000054 24.6940000000031 25.8530000000028 23.224000000002 23.1370000000024 24.4809999999998 23.7459999999992 28.9079999999958 23.2839999999997
 0 0 0 0 0 0 0 0 0 0
 0 0 0 0 0 0 0 0 0 0
 1260.87800000001 1318.95999999999 1250.952 1264.874 1239.712 1289.22199999999 1237.97899999999 1216.60799999999 1253.57699999999 1272.00199999999
 10.5940000000001 10.16 11.395 10.0790000000001 10.987 11.634 12.987 12.255 10.797 10.8950000000001
 1178.788 1236.144 1173.69099999999 1183.20599999999 1158.951 1206.908 1159.845 1140.749 1171.13499999999 1195.33499999999
 0 0 0 0 0 0 0 0 0 0
 0 0 0 0 0 0 0 0 0 0
