V1 V2 V3 V4 V5 V6 V7 V8 V9 V10
sam 9.18399999999383 7.92999999999302 9.42799999999988 9.44000000000233 9.86699999999837 8.34900000000198 7.5740000000078 7.60399999999208 7.82200000000012 8.68400000000838
geode 0 0 0 0 0 0 0 0 0 0.000999999999976353
ref 9.19099999999162 7.93799999999464 9.43499999999767 9.44600000001083 9.875 8.35499999999593 7.58000000000175 7.60900000001129 7.8289999999979 8.69200000001001
infog 0 0 0 0 0 0 0 0 0 0
func 0 0 0 0 0 0 0 0 0 0
EFSIS 5.75100000000384 5.93400000000838 5.86999999999534 6.06299999999464 5.82399999999325 6.23200000000361 5.51199999998789 5.40400000000955 5.56999999999243 5.52799999999115
 0.132000000000062 0.153999999999996 0.152000000000044 0.163000000000011 0.119000000000142 0.159999999999854 0.153999999999996 0.158000000000129 0.159000000000106 0.113000000000056
 5.88700000000244 6.09100000000035 6.0280000000057 6.23099999999977 5.94700000000012 6.39800000000105 5.66999999999825 5.56699999999546 5.73300000000745 5.64599999999336
 0 0 0 0 0 0 0 0 0 0
 0 0 0 0 0 0 0 0 0 0
 9.92799999999988 9.24300000000221 10.5060000000085 10.1490000000049 11.1570000000065 8.54099999999744 8.78699999999662 8.27399999999034 9.04899999999907 9.14800000000105
 0.380999999999858 0.084999999999809 0.0860000000000127 0.479000000000042 0.0509999999999309 0.0589999999999691 0.0869999999999891 0.535999999999831 0.0819999999998799 0.0889999999999418
 8.3070000000007 7.41800000000512 8.68899999999849 8.37300000000687 9.2390000000014 6.91700000000128 7.06299999999464 6.75 7.29200000000128 7.62399999999616
 0 0 0 0 0 0 0 0 0 0
 0 0 0 0 0 0 0 0 0 0
 2.27700000000186 2.33199999999488 2.4429999999993 3.14800000000105 2.37699999999313 2.23599999998987 2.45300000000861 2.36000000000058 2.24900000001071 2.52100000000792
 0.0630000000001019 0.0980000000001837 0.0630000000001019 0.0860000000000127 0.0599999999999454 0.0769999999999982 0.0769999999999982 0.0769999999999982 0.0679999999999836 0.0620000000001255
 2.34300000000803 2.4320000000007 2.50800000000163 3.23600000000442 2.43899999999849 2.31500000000233 2.53300000001036 2.43899999999849 2.3179999999993 2.58400000000256
 0 0 0 0 0 0 0 0 0 0
 0 0 0 0 0 0 0 0 0 0
 28.4369999999908 26.6389999999956 29.551999999996 30.3879999999917 30.5179999999964 26.5080000000016 25.4640000000072 24.8679999999877 25.8509999999951 27.1860000000015
 0.577999999999975 0.338999999999942 0.301000000000158 0.730000000000018 0.230000000000018 0.298000000000002 0.319999999999936 0.770999999999958 0.308999999999969 0.266000000000076
 27.0279999999912 25.0819999999949 27.9650000000111 28.8790000000008 28.7920000000013 25.1379999999917 23.9860000000044 23.5920000000042 24.3340000000026 25.8540000000066
 0 0 0 0 0 0 0 0 0 0
 0 0 0 0 0 0 0 0 0 0
 724.168000000005 728.627000000008 770.65400000001 761.266000000003 771.338999999993 742.375 701.869999999995 679.278000000006 711.839000000007 727.847999999998
 11.3620000000001 11.7159999999999 12.0369999999998 11.229 9.98500000000013 10.809 12.1949999999999 11.7670000000001 11.644 11.434
 713.034 717.613000000012 760.361999999994 750.048999999999 758.464999999997 730.830000000002 691.884999999995 668.940000000002 701.038 717.173999999999
 0 0 0 0 0 0 0 0 0 0
 0 0 0 0 0 0 0 0 0 0
