V1 V2 V3 V4 V5 V6 V7 V8 V9 V10
sam 0 0 6.354000000003 5.95699999999852 6.47999999999956 6.14700000000084 5.22200000000157 5.87199999999939 6.72300000000178 5.43100000000049
geode 0 0 0.111000000000786 0.148000000000138 0.15099999999984 0.132999999999811 0.110999999999876 0.121000000000095 0.131000000000313 0.100999999999658
ref 5.56700000000274 5.47500000000218 6.47000000000116 6.11000000000058 6.63699999999517 6.28600000000006 5.33700000000681 5.99700000000303 6.86000000000058 5.5370000000039
infog 0 0 0 0 0 0 0 0 0 0
func 0 0 0 0 0 0 0 0 0 0
EFSOS 0 0 7.05500000000029 5.45799999999872 7.17699999999968 5.92599999999948 5.35399999999936 5.47499999999854 5.89199999999983 5.48099999999977
EFSIS 161.702 0 0.286999999999352 0.256999999999607 0.302999999999884 0.281000000000859 0.231999999999971 0.257999999999811 0.238000000000284 0.216000000000349
 84.3769999999968 80.5879999999997 7.34700000000157 5.72100000000501 7.48500000000058 6.21099999999569 5.59099999999307 5.7390000000014 6.13500000000204 5.69999999999709
 0 0 0 0 0 0 0 0 0 0
 0 0 0 0 0 0 0 0 0 0
 0 0 10.018 8.15799999999945 9.84999999999854 8.21299999999974 8.59400000000096 8.17900000000009 8.23999999999796 7.95000000000073
 0 0 0.181999999999789 0.204999999999927 0.231000000000677 0.196999999999207 0.197999999999411 0.21100000000024 0.179000000000087 0.15099999999984
 8.75300000000061 8.28700000000026 10.2079999999987 8.36899999999878 10.0889999999999 8.416999999994 8.79699999999866 8.39600000000064 8.42599999999948 8.11000000000058
 0 0 0 0 0 0 0 0 0 0
 0 0 0 0 0 0 0 0 0 0
 0 0 2.7980000000025 2.24800000000323 2.63000000000102 2.30000000000291 2.21800000000076 2.28100000000268 2.32600000000093 2.27399999999761
 0 67.8340000000003 0.966000000000349 0.11200000000008 0.125999999999294 0.125 0.105000000000473 0.106999999999971 0.103000000000065 0.103000000000065
 84.1850000000013 18.8189999999995 3.76799999999639 2.36200000000099 2.75800000000163 2.42599999999948 2.32400000000052 2.38999999999942 2.43000000000029 2.37700000000041
 0 0 0 0 0 0 0 0 0 0
 0 0 0 0 0 0 0 0 0 0
 0 0 27.5840000000026 22.8939999999966 27.3859999999986 23.7910000000011 22.5490000000027 23.030999999999 24.4730000000018 22.3709999999992
 161.702 67.8340000000003 1.56900000000041 0.748999999999796 0.840000000000146 0.76299999999992 0.670999999999367 0.722999999999956 0.678000000000793 0.595999999999549
 184.072 114.370999999999 29.1739999999991 23.6620000000039 28.2479999999996 24.5739999999932 23.2380000000048 23.7740000000049 25.1720000000059 22.984000000004
 0 0 0 0 0 0 0 0 0 0
 0 0 0 0 0 0 0 0 0 0
 0 224.449000000001 570.837 1129.736 1332.557 1009.386 1095.879 1155.438 1189.882 1142.892
 2404.63 1780.57 1387.482 38.0569999999998 44.29 203.382000000001 118.111 57.7640000000001 56.5289999999995 50.9120000000003
 3742.651 3202.366 2874.798 1168.716 1378.933 1350.832 1267.442 1228.79399999999 1259.554 1203.423
 0 0 0 0 0 0 0 0 0 0
 0 0 0 0 0 0 0 0 0 0
