V1 V2 V3 V4 V5 V6 V7 V8 V9 V10
sam 5.79699999999866 6.34999999999854 5.23600000000442 5.34999999999854 4.96600000000035 5.19499999999971 5.11799999999494 5.75699999999779 5.86800000000221 5.15800000000309
geode 0.462999999999738 0.488000000001193 0.388999999999214 0.381999999997788 0.341000000000349 0.345000000001164 0.329000000001543 0.358000000000175 0.352999999999156 0.299999999999272
ref 6.26499999999942 6.84399999999732 5.63000000000466 5.73600000000442 5.31100000000151 5.54500000001281 5.45100000000093 6.11900000000605 6.22500000000582 5.46300000000338
infog 0 0 0 0 0 0 0 0 0 0
func 0 0 0 0 0 0 0 0 0 0
EFSIS 5.64500000000407 5.62200000000303 5.33299999999872 5.50200000000041 5.33599999999569 5.39299999999639 5.25200000000041 5.38800000000629 5.59599999999773 5.1929999999993
 0.580000000001746 0.540999999997439 0.51299999999901 0.513999999999214 0.466000000000349 0.474000000001979 0.44800000000032 0.454000000001543 0.451000000000931 0.408999999999651
 6.23000000001048 6.16900000000896 5.84899999998743 6.02000000000407 5.8070000000007 5.87299999999232 5.7039999999979 5.84799999999814 6.05199999999604 5.60599999999977
 0 0 0 0 0 0 0 0 0 0
 0 0 0 0 0 0 0 0 0 0
 9.68799999999464 11.375 10.0130000000063 9.9429999999993 8.65600000000268 9.12099999999919 9.22100000000501 9.53600000000006 10.2710000000006 8.62200000000303
 0.778999999998632 0.881000000001222 0.760999999998603 0.716000000000349 0.63799999999901 0.609999999996944 0.622999999999593 0.623999999999796 0.63799999999901 0.525000000001455
 8.63999999999942 10.551999999996 9.15200000000186 8.88299999998708 7.61999999999534 8.14100000000326 8.1820000000007 8.62199999998847 9.25900000000547 7.49000000000524
 0 0 0 0 0 0 0 0 0 0
 0 0 0 0 0 0 0 0 0 0
 2.28300000000309 2.25 2.22499999999854 2.35300000000279 2.08200000000215 2.1730000000025 2.07999999999447 2.15899999999965 2.25600000000122 2.10899999999674
 0.239000000001397 0.229999999999563 0.224000000001979 0.22899999999936 0.200000000000728 0.19800000000032 0.187999999998283 0.187999999998283 0.193999999999505 0.181999999997061
 2.52399999999034 2.48099999999977 2.45100000000093 2.58400000000256 2.28500000000349 2.37399999999616 2.27000000000407 2.35000000000582 2.45199999999022 2.29299999999057
 0 0 0 0 0 0 0 0 0 0
 0 0 0 0 0 0 0 0 0 0
 24.5529999999999 26.8199999999997 24.0300000000061 24.3190000000031 22.0999999999985 22.9589999999953 22.7969999999987 23.9040000000023 25.1520000000019 22.1680000000051
 2.15099999999802 2.23500000000058 1.97799999999916 1.92699999999968 1.71900000000096 1.70100000000093 1.66200000000026 1.69099999999889 1.70599999999831 1.47999999999956
 24.8899999999994 27.3660000000091 24.4180000000051 24.4809999999998 22.1589999999997 23.0850000000064 22.8080000000045 24.0690000000031 25.2189999999973 22.002999999997
 0 0 0 0 0 0 0 0 0 0
 0 0 0 0 0 0 0 0 0 0
 1120.288 1150.845 1079.874 1108.59899999999 1114.321 1103.412 1096.785 1092.897 1126.583 1106.098
 97.0840000000026 96.3090000000011 88.0689999999995 87.4159999999974 85.0359999999964 81.6870000000017 79.6650000000009 77.5740000000005 76.1909999999989 73.364999999998
 1132.36900000001 1161.36499999999 1088.03899999999 1111.33 1115.41499999999 1101.121 1094.761 1091.735 1121.95300000001 1099.421
 0 0 0 0 0 0 0 0 0 0
 0 0 0 0 0 0 0 0 0 0
