V1 V2 V3 V4 V5 V6 V7 V8 V9 V10
sam 7.23799999999983 6.9409999999998 6.45400000000018 6.56700000000001 7.99299999999994 6.42900000000009 6.90299999999979 8.13599999999997 5.41200000000026 5.32699999999977
geode 0.0390000000000015 0.0330000000000013 0.0439999999999969 0.0589999999999975 0.0600000000000023 0.0549999999999997 0.0589999999999975 0.109999999999999 0.0319999999999965 0.0489999999999924
ref 7.2829999999999 6.97899999999981 6.50300000000016 6.63200000000006 8.05999999999949 6.48900000000049 6.96700000000055 8.2529999999997 5.44700000000012 5.38199999999961
infog 0 0 0 0 0 0 0 0 0 0
func 0 0 0 0 0 0 0 0 0 0
EFSOS 7.64600000000019 7.55099999999993 6.90000000000009 7.26099999999997 8.78699999999981 7.26499999999987 7.33899999999994 7.0329999999999 5.52199999999993 5.35900000000038
EFSIS 0.144999999999996 0.159999999999997 0.157000000000004 0.147000000000006 0.163999999999994 0.147999999999996 0.140000000000001 0.147000000000006 0.128 0.120000000000005
 7.79700000000003 7.7170000000001 7.06100000000015 7.41399999999976 8.95800000000054 7.41899999999987 7.48499999999967 7.18599999999969 5.65500000000065 5.48300000000017
 0 0 0 0 0 0 0 0 0 0
 0 0 0 0 0 0 0 0 0 0
 10.0790000000002 11.2950000000001 9.96599999999989 11.4029999999998 12.1550000000002 10.395 10.7129999999997 8.64600000000019 8.44499999999971 8.38099999999986
 0.142000000000003 0.0549999999999997 0.144999999999996 0.106999999999999 0.131 0.0570000000000022 0.061000000000007 0.0679999999999978 0.061000000000007 0.0529999999999973
 10.2289999999998 11.3599999999997 10.1199999999999 11.52 12.2959999999994 10.4589999999998 10.7820000000002 8.72200000000066 8.51299999999992 8.44000000000051
 0 0 0 0 0 0 0 0 0 0
 0 0 0 0 0 0 0 0 0 0
 3.46399999999994 2.90900000000011 2.81500000000005 3.2140000000004 2.92099999999982 2.83699999999999 3.19399999999996 2.39399999999978 2.41300000000001 2.59000000000015
 0.0760000000000005 0.0670000000000002 0.078000000000003 0.080999999999996 0.0770000000000053 0.0769999999999982 0.0689999999999884 0.063999999999993 0.0649999999999977 0.0600000000000023
 3.54300000000012 2.97700000000032 2.89399999999978 3.29800000000023 3 2.91799999999967 3.26599999999962 2.45899999999983 2.47899999999936 2.65299999999934
 0 0 0 0 0 0 0 0 0 0
 0 0 0 0 0 0 0 0 0 0
 29.8470000000002 30.1019999999999 27.473 30.0770000000002 33.2619999999997 28.261 29.9749999999999 27.3710000000001 22.9580000000001 23.0360000000001
 0.403999999999996 0.315999999999995 0.427 0.395000000000003 0.436 0.341000000000001 0.329999999999998 0.391999999999996 0.286999999999992 0.283999999999992
 30.2750000000001 30.442 27.9210000000003 30.4969999999998 33.7240000000002 28.6239999999998 30.3280000000004 27.7860000000001 23.2620000000006 23.3400000000001
 0 0 0 0 0 0 0 0 0 0
 0 0 0 0 0 0 0 0 0 0
 79.9119999999998 80.241 90.009 86.2599999999998 76.8360000000002 88.087 88.8209999999999 74.0709999999999 71.9209999999998 72.4209999999998
 2.242 1.904 2.031 2.15 2.155 2.202 2.20100000000001 3.45100000000001 5.19900000000001 1.895
 148.761 150.552 156.81 186.477 144.686 159.909000000001 161.547 177.9 220.402 123.192
 2824.947 2900.185 2846.162 2626.773 2591.679 2924.79299999999 2823.52900000001 3903.11599999999 5967.757 2021.75200000001
 123.336 139.211 147.974 1318.422 250.157999999999 210.674 223.986 244.305 381.047 126.807
