V1 V2 V3 V4 V5 V6 V7 V8 V9 V10
sam 5.76900000000023 6.27699999999822 5.69300000000294 5.48199999999997 6.14099999999962 5.6830000000009 5.56599999999889 5.42899999999645 6.51699999999983 5.54200000000128
geode 0 0 0 0 0.0010000000000332 0 0 0.0010000000000332 0 0
ref 5.77299999999741 6.28299999999945 5.69800000000032 5.48600000000079 6.14700000000084 5.68499999999767 5.56999999999971 5.43599999999788 6.52100000000064 5.54699999999866
infog 0 0 0 0 0 0 0 0 0 0
func 0 0 0 0 0 0 0 0 0 0
EFSIS 5.53600000000006 5.73199999999997 6.12899999999718 5.85900000000038 6.40599999999904 5.92699999999968 5.68500000000131 5.39199999999983 6.02900000000227 5.56399999999849
 0.150000000000006 0.122000000000014 0.15100000000001 0.158999999999992 0.163000000000011 0.128999999999962 0.132000000000005 0.123999999999967 0.135999999999967 0.120999999999981
 5.69000000000233 5.85699999999997 6.28499999999985 6.02500000000146 6.57400000000052 6.06100000000151 5.82099999999991 5.52000000000044 6.16999999999825 5.68799999999464
 0 0 0 0 0 0 0 0 0 0
 0 0 0 0 0 0 0 0 0 0
 10.9900000000016 10.6970000000001 9.27000000000044 10.5250000000015 9.65899999999965 10.7479999999996 11.007999999998 9.84000000000378 10.9890000000014 10.1880000000019
 0.00899999999998613 0.00199999999998113 0.0279999999999916 0.00999999999999091 0.00399999999996226 0.0029999999999859 0.0300000000000296 0.0260000000000105 0.0040000000000191 0.0289999999999964
 9.25799999999799 8.90199999999822 7.60199999999895 8.59199999999691 7.90200000000186 8.68500000000131 9.12700000000041 8.13200000000143 9.18100000000413 8.38900000000285
 0 0 0 0 0 0 0 0 0 0
 0 0 0 0 0 0 0 0 0 0
 2.40299999999843 2.51599999999962 2.40499999999884 2.71099999999933 2.3660000000018 2.47999999999956 2.39600000000064 2.3179999999993 2.52599999999802 2.32299999999668
 0.0770000000000266 0.0630000000000166 0.0769999999999982 0.0819999999999936 0.0780000000000314 0.0640000000000214 0.061999999999955 0.0629999999999882 0.0640000000000214 0.0609999999999786
 2.48099999999977 2.58100000000195 2.48300000000017 2.7960000000021 2.44699999999648 2.54599999999846 2.45899999999892 2.38100000000122 2.59199999999691 2.38699999999517
 0 0 0 0 0 0 0 0 0 0
 0 0 0 0 0 0 0 0 0 0
 25.8780000000006 26.4300000000003 24.6390000000029 25.7210000000014 25.7139999999999 26.0339999999997 25.851999999999 24.1299999999974 27.3159999999989 24.8240000000005
 0.238 0.187000000000012 0.256 0.250999999999976 0.249000000000024 0.197999999999979 0.22399999999999 0.215000000000032 0.204000000000008 0.212999999999965
 24.3839999999982 24.8309999999983 23.2119999999995 24.0450000000019 24.2139999999999 24.1779999999999 24.1739999999991 22.6229999999996 25.7209999999977 23.2209999999977
 0 0 0 0 0 0 0 0 0 0
 0 0 0 0 0 0 0 0 0 0
 1260.625 1243.987 1197.635 1235.901 1245.913 1233.507 1176.302 1195.034 1211.497 1202.872
 10.804 10.467 11.717 10.723 9.983 10.335 11.259 10.943 10.062 11.064
 1180.524 1162.822 1120.44 1155.555 1163.598 1153.482 1101.371 1120.85 1134.151 1132.069
 0 0 0 0 0 0 0 0 0 0
 0 0 0 0 0 0 0 0 0 0
