V1 V2 V3 V4 V5 V6 V7 V8 V9 V10
sam 9.6449999999968 9.16900000000169 7.48699999999371 7.66000000000349 7.62600000000384 7.76400000000285 7.6710000000021 7.78600000000006 7.74500000000262 9.10599999999977
geode 0 0 0 0 0 0 0 0 0 0
ref 9.65299999999843 9.17500000000291 7.49300000000221 7.666999999994 7.63200000000506 7.77000000000407 7.67699999999604 7.79200000000128 7.75200000000041 9.11399999999412
infog 0 0 0 0 0 0 0 0 0 0
func 0 0 0 0 0 0 0 0 0 0
EFSIS 5.69700000000012 5.66999999999825 5.27300000000105 5.52400000000489 5.52799999999843 5.68299999999726 5.3859999999986 5.27100000000064 5.59199999999691 5.58899999999994
 0.117999999999995 0.129999999999995 0.119000000000028 0.121000000000095 0.127999999999929 0.121999999999957 0.12399999999991 0.127999999999929 0.135999999999967 0.128000000000043
 5.81999999999971 5.80399999999645 5.39699999999721 5.64900000000489 5.66100000000006 5.81099999999424 5.51400000000285 5.40299999999843 5.73099999999977 5.72200000000157
 0 0 0 0 0 0 0 0 0 0
 0 0 0 0 0 0 0 0 0 0
 10.5720000000001 10.2869999999966 8.69000000000233 8.62399999999616 8.99899999999616 9.02300000000105 9.31900000000314 8.72099999999773 8.76000000000204 10.028999999995
 0.310000000000002 0.0970000000000368 0.0720000000000027 0.650999999999954 0.0830000000000837 0.06899999999996 0.0740000000000691 0.593000000000075 0.09699999999998 0.0929999999999609
 8.20200000000477 8.21700000000419 6.6710000000021 6.80799999999726 6.86499999999796 6.99300000000221 7.21499999999651 6.708000000006 6.96399999999994 8.10800000000017
 0 0 0 0 0 0 0 0 0 0
 0 0 0 0 0 0 0 0 0 0
 2.28300000000309 2.24200000000565 2.23099999999977 2.24900000000343 2.2239999999947 2.23600000000442 2.22800000000279 2.25699999999779 2.24599999999919 2.24200000000565
 0.061999999999955 0.0589999999999691 0.0629999999999882 0.0610000000000355 0.0629999999999882 0.0620000000000118 0.0639999999999645 0.0599999999999454 0.0620000000000118 0.0620000000000118
 2.3489999999947 2.30299999999988 2.29499999999825 2.30999999999767 2.28899999999703 2.30099999999948 2.29299999999785 2.31899999999587 2.30900000000111 2.30500000000029
 0 0 0 0 0 0 0 0 0 0
 0 0 0 0 0 0 0 0 0 0
 29.4639999999999 28.6579999999958 24.8169999999955 25.1970000000001 25.5149999999994 25.8830000000016 25.7440000000061 25.1829999999973 25.4830000000002 28.275999999998
 0.489999999999952 0.288000000000011 0.254999999999995 0.835000000000036 0.275999999999954 0.253999999999905 0.26299999999992 0.782999999999902 0.294999999999959 0.284999999999968
 27.2909999999974 26.7920000000013 22.9950000000026 23.5769999999975 23.5869999999995 24.0529999999999 23.8409999999931 23.3729999999996 23.898000000001 26.5629999999946
 0 0 0 0 0 0 0 0 0 0
 0 0 0 0 0 0 0 0 0 0
 727.468999999997 709.056000000004 668.065999999999 667.887999999999 669.281000000003 665.214999999997 667.506999999998 668.255000000005 681.911999999997 712.021000000001
 9.51999999999998 9.55700000000002 9.78099999999995 9.65200000000004 9.67100000000005 9.85600000000011 9.71800000000007 9.65000000000009 9.822 9.79700000000003
 703.728999999999 685.042000000001 643.336000000003 643.256999999998 645.760000000002 642.499000000003 642.590000000004 645.849000000002 663.75 693.115000000005
 0 0 0 0 0 0 0 0 0 0
 0 0 0 0 0 0 0 0 0 0
