V1 V2 V3 V4 V5 V6 V7 V8 V9 V10
sam 7.91900000000169 8.06300000000192 8.19000000000233 8.24799999999959 8.40200000000186 9.01399999999558 8.72699999999895 8.95599999999831 8.89800000000105 7.97200000000157
geode 0.081000000000131 0.0770000000002256 0.0760000000000218 0.0770000000002256 0.0820000000003347 0.0900000000001455 0.0870000000004438 0.0890000000008513 0.0950000000011642 0.0879999999997381
ref 8.00400000000081 8.14300000000367 8.26900000000023 8.32700000000477 8.48599999999715 9.10699999999633 8.81700000000274 9.05000000000291 8.99799999999959 8.06100000000151
infog 0 0 0 0 0 0 0 0 0 0
func 0 0 0 0 0 0 0 0 0 0
EFSIS 5.74899999999616 5.8640000000014 5.57200000000012 5.88600000000588 5.99499999999534 5.79100000000471 4.86899999999878 5.84600000000501 5.87400000000343 5.50999999999476
 0.159999999999854 0.164999999999964 0.166000000000167 0.174999999999272 0.183999999999287 0.201999999999316 18.4549999999999 0.207000000000335 0.203999999999724 0.17200000000048
 5.9120000000039 6.02999999999884 5.74000000000524 6.06399999999849 6.18100000000413 5.99400000000605 33.5679999999993 6.0570000000007 6.08099999999831 5.68400000000111
 0 0 0 0 0 0 0 0 0 0
 0 0 0 0 0 0 0 0 0 0
 9.93800000000192 9.3839999999982 9.60800000000017 9.87199999999575 9.76000000000204 9.9539999999979 1.24899999999616 10.3829999999944 10.5819999999949 9.00200000000041
 0.113000000000284 0.0979999999999563 0.118999999999687 0.104000000000269 0.100000000000364 0.111000000000786 6.30199999999968 0.135000000000218 0.111999999999171 0.127000000000407
 7.93299999999726 7.44499999999971 7.74399999999878 7.89899999999761 7.62599999999657 7.98399999999674 7.25 8.52499999999418 8.53600000000006 7.05400000000373
 0 0 0 0 0 0 0 0 0 0
 0 0 0 0 0 0 0 0 0 0
 2.54699999999866 2.34900000000198 2.33600000000297 2.75699999999779 2.43800000000192 2.35700000000361 2.34500000000116 2.50700000000506 2.458000000006 2.34100000000035
 0.0879999999997381 0.0820000000003347 0.0770000000002256 0.0990000000001601 0.0850000000000364 0.0959999999995489 0.0820000000003347 0.0949999999993452 0.0979999999999563 0.080999999998312
 2.63700000000244 2.43100000000413 2.41500000000087 2.85599999999977 2.52500000000146 2.4539999999979 2.42799999999988 2.60399999999936 2.55800000000454 2.42199999999866
 0 0 0 0 0 0 0 0 0 0
 0 0 0 0 0 0 0 0 0 0
 27.3770000000004 26.9239999999991 26.9220000000059 28.2079999999987 27.8600000000006 28.3739999999962 18.4479999999967 28.9859999999971 29.135000000002 26.0349999999962
 0.459000000000742 0.436999999999898 0.449999999999818 0.470000000000255 0.462999999999738 0.514000000000124 24.9390000000003 0.540000000000873 0.523999999999432 0.483000000000175
 25.7289999999994 25.3300000000017 25.3960000000006 26.6050000000032 26.0939999999973 26.8119999999981 53.3340000000026 27.5429999999978 27.5109999999986 24.4479999999967
 0 0 0 0 0 0 0 0 0 0
 0 0 0 0 0 0 0 0 0 0
 1283.604 1252.036 1173.442 1264.40900000001 1232.804 1209.95400000001 1238.64 1172.59 1121.818 1154.423
 23.2379999999994 88.1050000000005 290.764 255.231 225.576 353.308999999999 205.598 361.544 581.472000000002 437.922999999999
 1206.63200000001 1285.543 1512.673 1532.245 1468.99800000001 1649.96 1433.76 1612.442 1904.396 1728.37
 0 0 0 0 0 0 0 0 0 0
 0 0 0 0 0 0 0 0 0 0
