V1 V2 V3 V4 V5 V6 V7 V8 V9 V10
sam 5.53500000000008 5.30400000000009 5.48500000000013 5.59099999999989 5.59799999999996 5.60500000000002 5.47200000000021 5.44599999999991 5.53400000000011 5.4079999999999
geode 0.0229999999999961 0.0200000000000102 0.0580000000000069 0.0289999999999964 0.0290000000000106 0.0120000000000005 0.0230000000000103 0.0370000000000061 0.00600000000000023 0.0360000000000014
ref 5.5630000000001 5.32900000000018 5.54599999999982 5.625 5.63099999999986 5.62100000000009 5.49800000000005 5.48900000000049 5.54300000000057 5.44900000000052
infog 0 0 0 0 0 0 0 0 0 0
func 0 0 0 0 0 0 0 0 0 0
EFSOS 5.7679999999998 5.62799999999993 5.46500000000015 5.72299999999996 5.69500000000016 5.68299999999999 5.56399999999985 5.50399999999991 5.75399999999991 5.45200000000023
EFSIS 0.135000000000005 0.125999999999991 0.128 0.113 0.123999999999995 0.123000000000005 0.128999999999991 0.126999999999995 0.144000000000005 0.12299999999999
 5.9069999999997 5.75900000000001 5.59900000000016 5.84000000000015 5.82299999999987 5.81100000000015 5.69799999999941 5.63400000000001 5.90299999999934 5.57999999999993
 0 0 0 0 0 0 0 0 0 0
 0 0 0 0 0 0 0 0 0 0
 8.39500000000021 7.98700000000008 9.17499999999973 8.78400000000011 9.25700000000006 8.70899999999983 8.05099999999993 8.5300000000002 8.34100000000035 7.89099999999962
 0.11999999999999 0.119 0.0690000000000026 0.108000000000004 0.0640000000000072 0.117000000000004 0.0889999999999986 0.063999999999993 0.123000000000005 0.0760000000000076
 8.52199999999993 8.11299999999983 9.25099999999975 8.90000000000009 9.32799999999997 8.83199999999988 8.14700000000084 8.60099999999966 8.47000000000025 7.97199999999975
 0 0 0 0 0 0 0 0 0 0
 0 0 0 0 0 0 0 0 0 0
 2.47999999999979 2.39400000000001 2.38300000000027 2.33800000000019 2.41400000000021 2.40900000000011 2.36200000000008 2.35100000000011 2.32999999999993 2.32700000000023
 0.0670000000000073 0.0600000000000023 0.0609999999999928 0.0600000000000023 0.0599999999999881 0.0630000000000024 0.0640000000000072 0.061000000000007 0.0769999999999982 0.0600000000000023
 2.55000000000018 2.45499999999993 2.44500000000016 2.39899999999989 2.47699999999986 2.47400000000016 2.42799999999988 2.41399999999976 2.40999999999985 2.38900000000012
 0 0 0 0 0 0 0 0 0 0
 0 0 0 0 0 0 0 0 0 0
 23.395 22.4300000000001 23.7090000000003 23.6620000000003 24.1820000000002 23.6299999999997 22.6300000000001 23.027 23.1420000000003 22.2629999999999
 0.346999999999994 0.325000000000003 0.317999999999998 0.313999999999993 0.277000000000001 0.321000000000012 0.305000000000007 0.293000000000006 0.353999999999999 0.298999999999992
 23.761 22.7750000000001 24.0459999999998 23.9950000000003 24.4769999999999 23.9690000000001 22.953 23.3379999999997 23.5129999999999 22.5799999999999
 0 0 0 0 0 0 0 0 0 0
 0 0 0 0 0 0 0 0 0 0
 66.8599999999999 70.0170000000001 69.6369999999997 68.7889999999998 70.6759999999999 68.6370000000002 69.2669999999998 67.951 69.1799999999998 66.5729999999999
 2.47200000000001 2.431 2.417 2.402 2.577 2.36399999999999 2.556 2.42299999999999 2.41900000000001 2.358
 128.832 132.443 127.9 133.101 132.03 126.686 127.456 128.019 127.316000000001 123.412
 2337.543 2387.217 2209.606 2381.358 2299.645 2193.863 2249.897 2281.255 2204.238 2193.22499999999
 104.673 113.229 99.491 96.4229999999998 104.804 86.2669999999998 96.6080000000002 101.45 87.3960000000002 97.0529999999999
