V1 V2 V3 V4 V5 V6 V7 V8 V9 V10
sam 5.48500000000058 5.48199999999633 5.83200000000215 6.07299999999668 5.6730000000025 6.15899999999965 5.7589999999982 5.94400000000314 5.3949999999968 5.63700000000244
geode 0 0 0.000999999999976353 0 0 0 0 0.0040000000000191 0 0
ref 5.48799999999756 5.48600000000442 5.83699999999953 6.0769999999975 5.67599999999948 6.16299999999319 5.76299999999901 5.9539999999979 5.40000000000146 5.64099999999598
infog 0 0 0 0 0 0 0 0 0 0
func 0 0 0 0 0 0 0 0 0 0
EFSIS 5.79299999999785 6.05000000000291 5.67699999999604 5.74200000000565 5.78399999999965 5.78399999999965 5.65800000000309 5.82500000000437 5.72500000000582 5.57299999999668
 0.149999999999977 0.166999999999973 0.158000000000015 0.120000000000005 0.12299999999999 0.132000000000005 0.129000000000019 0.163999999999987 0.146000000000015 0.125
 5.94799999999668 6.22099999999773 5.84100000000035 5.8660000000018 5.91300000000047 5.92000000000553 5.79200000000128 5.99399999999878 5.875 5.70300000000134
 0 0 0 0 0 0 0 0 0 0
 0 0 0 0 0 0 0 0 0 0
 10.0710000000036 9.71699999999691 10.4959999999992 11.1679999999978 11.0239999999976 11.0740000000005 11.041999999994 10.0599999999977 10.0169999999998 9.98700000000099
 0.00999999999999091 0.00600000000002865 0.0319999999999823 0.0120000000000005 0.0029999999999859 0.00600000000002865 0.0279999999999632 0.0240000000000009 0.00900000000001455 0.0270000000000437
 8.34300000000076 7.8859999999986 8.77000000000407 9.48700000000099 9.28499999999622 9.27300000000105 9.23799999999756 8.31400000000576 8.14900000000489 8.28100000000268
 0 0 0 0 0 0 0 0 0 0
 0 0 0 0 0 0 0 0 0 0
 2.33699999999953 2.33899999999994 2.42900000000373 2.38900000000285 2.38600000000588 2.51900000000023 2.47500000000582 2.53100000000268 2.36199999999371 2.39899999999761
 0.0780000000000314 0.0769999999999982 0.0810000000000173 0.0620000000000118 0.0600000000000023 0.0679999999999836 0.0660000000000309 0.0810000000000173 0.0749999999999886 0.061999999999955
 2.41599999999744 2.41700000000128 2.51199999999517 2.45299999999406 2.44600000000355 2.59000000000378 2.54400000000169 2.61299999999756 2.43899999999849 2.46399999999994
 0 0 0 0 0 0 0 0 0 0
 0 0 0 0 0 0 0 0 0 0
 24.8340000000026 24.7249999999985 25.5950000000012 26.5469999999987 26.0900000000038 26.7319999999963 26.1399999999994 25.5429999999978 24.676999999996 24.8289999999979
 0.240000000000009 0.251999999999953 0.271999999999991 0.194999999999993 0.187000000000012 0.206000000000017 0.223000000000013 0.273000000000025 0.230000000000018 0.213999999999999
 23.3470000000016 23.1520000000019 24.1229999999996 25.0609999999942 24.5459999999948 25.1429999999964 24.5429999999978 24.0579999999973 23.0410000000047 23.3220000000001
 0 0 0 0 0 0 0 0 0 0
 0 0 0 0 0 0 0 0 0 0
 1211.101 1227.896 1164.328 1290.502 1226.59800000001 1256.951 1194.77800000001 1195.54 1180.738 1189.782
 10.745 10.2 12.001 10.03 9.82599999999996 10.25 11.692 11.541 11.744 11.021
 1134.314 1150.081 1091.66800000001 1213.031 1145.432 1178.751 1121.819 1121.625 1104.499 1116.63
 0 0 0 0 0 0 0 0 0 0
 0 0 0 0 0 0 0 0 0 0
