V1 V2 V3 V4 V5 V6 V7 V8 V9 V10
sam 8.10699999999633 8.79400000000169 8.71699999999691 8.8859999999986 8.86699999999837 8.73200000000361 8.7780000000057 8.63300000000163 8.89300000000367 8.7190000000046
geode 0.0939999999991414 0.100000000000364 0.0960000000013679 0.0930000000007567 0.0900000000001455 0.0870000000013533 0.0840000000007421 0.0819999999985157 0.0789999999997235 0.0740000000005239
ref 8.20500000000175 8.89800000000105 8.8179999999993 8.9829999999929 8.95799999999872 8.82200000000012 8.86500000000524 8.71699999998964 8.97599999999511 8.7960000000021
infog 0 0 0 0 0 0 0 0 0 0
func 0 0 0 0 0 0 0 0 0 0
EFSIS 5.72800000000279 5.80599999999686 5.58400000000256 5.92700000000332 5.73700000000099 5.74199999999837 5.80099999999948 5.49900000000343 5.79999999999563 5.5089999999982
 0.174999999999272 0.193999999999505 0.18999999999869 0.209000000000742 0.207999999998719 0.197999999998501 0.194999999999709 0.203000000001339 0.197999999998501 0.184999999999491
 5.9059999999954 6.00299999999697 5.7760000000053 6.13900000001013 5.94700000000012 5.94199999999546 6.00099999998929 5.70300000000861 5.99900000001071 5.69499999999243
 0 0 0 0 0 0 0 0 0 0
 0 0 0 0 0 0 0 0 0 0
 9.47899999999936 9.88700000000244 10.5009999999966 10.3139999999985 9.81500000000233 9.8550000000032 9.83899999999994 9.58399999999529 9.79700000000594 9.66799999999785
 0.122000000001208 0.135000000000218 0.149000000001251 0.125999999998385 0.111000000000786 0.108000000000175 0.119000000000597 0.125 0.102000000000771 0.114999999999782
 7.48400000000402 7.93100000000413 8.43599999999424 8.16399999998976 7.93400000000838 7.89400000000023 7.93700000000536 7.68099999999686 7.90799999999581 7.70200000000477
 0 0 0 0 0 0 0 0 0 0
 0 0 0 0 0 0 0 0 0 0
 2.55900000000111 2.32100000000355 2.38799999999901 2.70900000000256 2.31999999999971 2.56199999999808 2.33499999999913 2.30999999999767 2.31599999999889 2.35700000000361
 0.0900000000001455 0.0990000000001601 0.0889999999999418 0.0910000000003492 0.0969999999997526 0.0979999999999563 0.0899999999983265 0.0929999999989377 0.0949999999993452 0.0879999999997381
 2.64800000000105 2.4210000000021 2.47800000000279 2.80100000000675 2.41899999999441 2.66199999999662 2.42600000000675 2.40399999999499 2.41199999999662 2.44799999998941
 0 0 0 0 0 0 0 0 0 0
 0 0 0 0 0 0 0 0 0 0
 27.125 28.0920000000042 28.4619999999995 29.112000000001 27.9639999999999 28.6680000000051 27.9990000000034 27.2220000000016 28.0550000000003 27.4749999999985
 0.496999999999389 0.542999999999665 0.540000000000873 0.53400000000147 0.520999999998821 0.510000000000218 0.501000000000204 0.513999999999214 0.486999999999171 0.472999999999956
 25.512999999999 26.5520000000033 26.7949999999983 27.3790000000008 26.4980000000069 27.1169999999984 26.4869999999937 25.7129999999888 26.5580000000045 25.8739999999962
 0 0 0 0 0 0 0 0 0 0
 0 0 0 0 0 0 0 0 0 0
 1284.875 1363.855 1349.43799999999 1363.845 1363.264 1380.172 1346.107 1328.434 1349.041 1337.503
 184.992 30.744999999999 25.4259999999995 26.0809999999983 25.4150000000009 25.1640000000007 24.5280000000002 24.0169999999998 23.3780000000006 23.4880000000012
 1460.717 1292.839 1269.21200000001 1291.03 1282.87199999999 1304.323 1276.539 1254.63400000001 1270.033 1262.97199999999
 0 0 0 0 0 0 0 0 0 0
 0 0 0 0 0 0 0 0 0 0
