V1 V2 V3 V4 V5 V6 V7 V8 V9 V10
sam 5.48399999999992 5.63200000000006 5.4680000000003 5.55799999999999 5.60199999999986 5.51900000000023 5.46300000000019 5.48000000000002 5.47800000000007 5.67399999999998
geode 0.0370000000000061 0.000999999999990564 0.00600000000000023 0.0339999999999918 0.0180000000000007 0.0180000000000007 0.0280000000000058 0.0169999999999959 0.019999999999996 0.0350000000000108
ref 5.52499999999964 5.63799999999992 5.47800000000007 5.59699999999975 5.62400000000071 5.54200000000037 5.49599999999919 5.5010000000002 5.50399999999991 5.71399999999994
infog 0 0 0 0 0 0 0 0 0 0
func 0 0 0 0 0 0 0 0 0 0
EFSOS 5.8130000000001 5.72699999999986 5.50399999999991 5.71599999999989 5.72600000000011 5.70199999999977 5.63200000000006 5.49200000000019 5.65099999999984 5.63700000000017
EFSIS 0.152000000000001 0.132000000000005 0.121000000000009 0.119 0.122 0.128999999999991 0.155000000000001 0.122 0.123999999999995 0.134
 5.97000000000025 5.86300000000028 5.63100000000031 5.83799999999974 5.85300000000007 5.83500000000004 5.79200000000037 5.61799999999948 5.77999999999975 5.77600000000075
 0 0 0 0 0 0 0 0 0 0
 0 0 0 0 0 0 0 0 0 0
 8.99900000000025 8.75 8.4369999999999 9.2470000000003 8.625 8.22499999999991 8.96099999999979 7.90599999999995 8.58300000000008 9.26499999999987
 0.070999999999998 0.116 0.0969999999999942 0.0550000000000068 0.0840000000000032 0.061000000000007 0.054000000000002 0.097999999999999 0.0760000000000076 0.0509999999999877
 9.07700000000023 8.8739999999998 8.53999999999996 9.3100000000004 8.71600000000035 8.29299999999967 9.02199999999993 8.01200000000063 8.66600000000017 9.32299999999941
 0 0 0 0 0 0 0 0 0 0
 0 0 0 0 0 0 0 0 0 0
 2.36899999999969 2.42599999999993 2.32900000000018 2.32499999999982 2.38499999999976 2.37800000000016 2.36599999999999 2.35899999999992 2.32700000000023 2.44599999999991
 0.0750000000000028 0.061000000000007 0.0589999999999975 0.0619999999999976 0.0600000000000023 0.0649999999999977 0.0729999999999933 0.061000000000007 0.0600000000000023 0.061000000000007
 2.44700000000012 2.48900000000049 2.39099999999962 2.38900000000012 2.44700000000012 2.44599999999991 2.4409999999998 2.42099999999937 2.38900000000012 2.50799999999981
 0 0 0 0 0 0 0 0 0 0
 0 0 0 0 0 0 0 0 0 0
 23.8510000000001 23.748 22.9470000000001 24.0520000000001 23.5329999999999 23.0190000000002 23.6280000000002 22.4360000000001 23.2339999999999 24.2640000000001
 0.335999999999999 0.319000000000003 0.288000000000011 0.272999999999996 0.288000000000011 0.272999999999996 0.311999999999998 0.302999999999997 0.280999999999992 0.282000000000011
 24.2060000000001 24.0870000000004 23.2539999999999 24.3449999999993 23.8389999999999 23.3109999999997 23.9599999999991 22.7560000000003 23.5349999999999 24.5650000000005
 0 0 0 0 0 0 0 0 0 0
 0 0 0 0 0 0 0 0 0 0
 72.1289999999999 69.1129999999998 72.9250000000002 69.1099999999997 70.424 71.6369999999997 69.8879999999999 69.203 71.0900000000001 69.9400000000001
 2.24600000000001 2.40799999999999 2.39 2.59999999999999 2.57899999999999 2.556 2.62 2.64100000000001 2.625 2.48099999999999
 136.156000000001 124.932 132.154 132.019 129.328 133.052000000001 133.46 125.736 129.129 125.022
 2362.57800000001 2206.39899999999 2182.42000000001 2315.49099999999 2215.02800000001 2367.34699999999 2332.478 2063.916 2215.636 2185.73
 99.8360000000002 85.346 95.7289999999998 101.253 86.973 99.8919999999998 101.851 88.3139999999999 95.5160000000001 98.9829999999997
