V1 V2 V3 V4 V5 V6 V7 V8 V9 V10
sam 9.25399999999354 9.7699999999968 8.99900000000343 9.08099999999831 9.20900000000256 10.0069999999978 9.07300000000396 7.48599999999715 8.09100000000035 8.77199999999721
geode 0 0.00200000000006639 0 0 0 0 0 0 0 0
ref 9.26200000000244 9.77899999999499 9.00699999999779 9.08899999999994 9.21699999999691 10.0149999999994 9.0789999999979 7.49200000000565 8.09700000000157 8.77900000000227
infog 0 0 0 0 0 0 0 0 0 0
func 0 0 0 0 0 0 0 0 0 0
EFSIS 5.19000000000233 5.88500000000204 5.46199999999953 5.67799999999988 5.70999999999913 5.67499999999563 5.49899999999616 5.77999999999884 5.68599999999424 4.89600000000064
 0.132000000000062 0.0989999999999327 0.116999999999962 0.125999999999976 0.116000000000099 0.119000000000028 0.119000000000028 0.132999999999925 0.129999999999995 0.120000000000005
 5.32600000000093 5.9890000000014 5.58299999999872 5.80899999999383 5.83000000000175 5.7980000000025 5.62300000000687 5.91799999999785 5.81999999999971 5.01799999999639
 0 0 0 0 0 0 0 0 0 0
 0 0 0 0 0 0 0 0 0 0
 11.7739999999976 10.3969999999972 9.80299999999988 9.75900000000547 10.148000000001 9.85800000000017 9.80000000000291 10.086000000003 10.4340000000011 10.2669999999998
 0.599999999999909 0.131000000000085 0.0800000000000409 0.629999999999995 0.1099999999999 0.105999999999995 0.09699999999998 0.534000000000106 0.0910000000000082 0.08400000000006
 9.71699999999691 8.54400000000169 8.00699999999779 8.13000000000466 8.36699999999837 8.11000000000058 8.0769999999975 8.39299999999639 8.5260000000053 8.60100000000239
 0 0 0 0 0 0 0 0 0 0
 0 0 0 0 0 0 0 0 0 0
 2.51699999999983 2.2980000000025 2.3660000000018 2.26699999999983 2.25699999999779 2.26800000000367 2.30599999999686 2.22299999999814 2.54100000000471 2.29200000000128
 0.0610000000000355 0.0629999999999882 0.0629999999999882 0.0629999999999882 0.0610000000000355 0.0660000000000309 0.0649999999999409 0.0599999999999454 0.0610000000000355 0.0599999999999454
 2.58099999999831 2.3640000000014 2.43100000000413 2.33299999999872 2.32100000000355 2.3379999999961 2.37299999999959 2.28399999999965 2.60499999999593 2.35399999999936
 0 0 0 0 0 0 0 0 0 0
 0 0 0 0 0 0 0 0 0 0
 30.0190000000002 29.6209999999992 27.9290000000037 28.0930000000008 28.6330000000016 29.1199999999953 27.9820000000036 26.7050000000017 27.8790000000008 27.538999999997
 0.793999999999983 0.296000000000049 0.260999999999967 0.821000000000026 0.288000000000011 0.29200000000003 0.281999999999925 0.726999999999975 0.282000000000039 0.26400000000001
 28.1710000000021 27.9479999999967 26.3289999999979 26.6719999999987 27.0449999999983 27.5749999999971 26.4579999999987 25.2180000000008 26.1740000000063 26.0670000000027
 0 0 0 0 0 0 0 0 0 0
 0 0 0 0 0 0 0 0 0 0
 722.109999999993 723.595999999998 726.682999999997 732.300999999999 732.453999999998 715.955000000002 726.510000000002 674.466 680.082999999999 723.731
 9.62400000000002 9.83100000000002 9.899 9.74899999999991 9.68600000000004 9.63499999999999 9.66000000000008 9.72199999999998 9.80999999999995 9.61800000000005
 701.460999999996 705.737000000001 707.921999999999 715.059999999998 714.016000000003 698.636000000006 710.655000000006 657.184000000001 662.057999999997 706.625
 0 0 0 0 0 0 0 0 0 0
 0 0 0 0 0 0 0 0 0 0
