V1 V2 V3 V4 V5 V6 V7 V8 V9 V10
sam 5.72000000000116 5.52900000000227 5.95400000000518 7.42399999999907 5.48400000000402 5.43899999999849 7.40699999999924 0 5.40899999999965 6.96500000000378
geode 0.0999999999994543 0.0959999999995489 0.0979999999999563 0.16399999999976 0.0839999999998327 0.0859999999993306 0.113999999999578 0 0.147000000000844 0.215000000000146
ref 5.82300000000396 5.62999999999738 6.05699999999342 7.59300000000076 5.57200000000012 5.52900000000227 7.52699999999459 5.80399999999645 5.55999999999767 7.18699999999808
infog 0 0 0 0 0 0 0 0 0 0
func 0 0 0 0 0 0 0 0 0 0
EFSOS 5.69700000000012 5.6359999999986 8.73700000000099 7.41999999999825 5.69399999999587 5.62200000000303 3.43600000000151 2.94499999999971 2.22000000000116 6.8269999999975
EFSIS 0.22400000000016 0.213999999999942 1.2489999999998 0.33600000000024 0.228000000000065 0.211999999999534 11.4060000000009 1.37199999999939 48.5849999999991 0.345000000001164
 5.92699999999604 5.85599999999977 11.1130000000048 7.76299999999901 5.92499999999563 5.8379999999961 22.1779999999999 6.22200000000157 84.0689999999959 7.17700000000332
 0 0 0 0 0 0 0 0 0 0
 0 0 0 0 0 0 0 0 0 0
 12.125 8.08499999999913 7.65999999999622 18.5 8.06700000000274 7.95700000000215 9.67900000000373 8.26499999999942 0 9.55099999999948
 0.261999999999716 0.199000000000524 0.130000000000109 0.295000000000073 0.125 0.126000000000204 0.15099999999984 0.194999999999709 13.7900000000009 0.317999999999302
 12.4619999999995 8.29000000000087 7.79599999999482 18.8110000000015 8.20000000000437 8.09100000000035 9.83699999999953 8.46800000000076 8.19600000000355 9.87700000000041
 0 0 0 0 0 0 0 0 0 0
 0 0 0 0 0 0 0 0 0 0
 2.26200000000244 2.23799999999756 2.71700000000419 4.24799999999959 2.19499999999971 2.27699999999459 3.02499999999418 2.59100000000035 0 2.95300000000134
 0.0970000000006621 0.0969999999997526 0.105999999999767 0.17200000000048 0.105999999999767 0.0969999999997526 0.117000000000189 0.134000000000015 0 0.153000000000247
 2.36100000000442 2.33699999999953 2.82500000000437 4.4230000000025 2.30199999999604 2.375 3.14500000000407 2.72600000000239 2.27799999999843 3.10899999999674
 0 0 0 0 0 0 0 0 0 0
 0 0 0 0 0 0 0 0 0 0
 27.0069999999978 22.6959999999963 26.2680000000037 40.5459999999948 22.614999999998 22.4460000000036 25.0250000000015 15.0740000000005 7.62900000000081 27.8479999999981
 0.704999999999927 0.627999999999702 1.60499999999956 1.01699999999983 0.563000000000102 0.540999999999258 11.8109999999997 1.73199999999997 62.5220000000008 1.07900000000154
 27.7969999999987 23.3439999999973 29.012999999999 41.5970000000016 23.1959999999963 23.0050000000047 44.1879999999946 24.5249999999942 101.281999999999 28.9519999999975
 0 0 0 0 0 0 0 0 0 0
 0 0 0 0 0 0 0 0 0 0
 1397.691 1233.608 1169.158 1174.737 942.098000000005 1063.314 237.133000000002 596.860999999997 667.529999999999 658.910000000003
 245.307 59.3550000000005 34.3280000000004 106.993 277.789 157.824000000001 2398.897 1358.926 1103.166 1114.08
 1785.666 1315.708 1208.661 1339.483 1400.729 1297.842 4111.11700000001 2834.135 2515.588 2599.886
 0 0 0 0 0 0 0 0 0 0
 0 0 0 0 0 0 0 0 0 0
