V1 V2 V3 V4 V5 V6 V7 V8 V9 V10
sam 5.40600000000268 5.06599999999889 5.76799999999639 5.53399999999965 5.07200000000012 5.58699999999953 5.625 5.25499999999738 7.18499999999767 5.3289999999979
geode 0.306000000000495 0.277000000001863 0.305999999996857 0.284999999999854 0.251999999996769 0.269000000000233 0.260999999998603 0.23700000000099 0.313999999998487 0.225999999998749
ref 5.71700000000419 5.3469999999943 6.0789999999979 5.82499999999709 5.32799999999406 5.86000000000058 5.89099999998871 5.49599999999919 7.5060000000085 5.55899999999383
infog 0 0 0 0 0 0 0 0 0 0
func 0 0 0 0 0 0 0 0 0 0
EFSIS 5.90299999999843 5.47499999999854 5.35300000000279 5.59399999999732 5.43600000000151 5.58699999999953 5.50499999999738 5.60899999999674 8.59200000000419 5.37399999999616
 0.445999999999913 0.411999999996624 0.402000000001863 0.399000000001251 0.386000000002241 0.386000000002241 0.370000000002619 0.375 0.494999999998981 0.332000000002154
 6.35400000000664 5.8920000000071 5.76000000000931 5.99599999999919 5.82700000000477 5.97699999999895 5.88000000000466 5.99000000000524 9.1299999999901 5.71199999999953
 0 0 0 0 0 0 0 0 0 0
 0 0 0 0 0 0 0 0 0 0
 9.80400000000373 9.51200000000244 10.0969999999943 9.96800000000076 9.48099999999977 10.5930000000008 9.84200000000419 9.57800000000134 17.5489999999991 9.54300000000512
 0.584000000002561 0.519000000000233 0.562999999998283 0.538000000000466 0.475999999998749 0.508999999998196 0.47899999999936 0.474000000001979 0.775000000001455 0.434999999997672
 8.70199999999022 8.33099999999104 8.9829999999929 8.77099999999336 8.20100000000093 9.41999999999825 8.6310000000085 8.40699999999197 16.2160000000003 8.32200000000012
 0 0 0 0 0 0 0 0 0 0
 0 0 0 0 0 0 0 0 0 0
 2.21899999999732 2.14999999999418 2.22299999999814 2.1820000000007 2.3859999999986 2.3660000000018 2.25400000000081 2.50699999999779 2.45899999999529 2.13799999999901
 0.180000000000291 0.174000000002707 0.177999999999884 0.170999999998457 0.17699999999968 0.171000000002095 0.161000000000058 0.170999999998457 0.166000000001077 0.147000000000844
 2.40000000000873 2.32600000000093 2.4030000000057 2.35500000001048 2.56599999999162 2.53900000000431 2.41699999998673 2.68000000000757 2.62600000000384 2.28800000000047
 0 0 0 0 0 0 0 0 0 0
 0 0 0 0 0 0 0 0 0 0
 24.4720000000016 23.275999999998 24.6599999999962 24.4709999999977 23.573000000004 25.3400000000038 24.3960000000006 24.0489999999991 37.1199999999953 23.538999999997
 1.58100000000195 1.44099999999889 1.51399999999921 1.45500000000175 1.34999999999854 1.39500000000044 1.32500000000073 1.30600000000049 1.81099999999788 1.19099999999889
 24.3790000000008 23.028999999995 24.5090000000055 24.2019999999902 23.179999999993 25.0639999999985 24.0439999999944 23.7229999999981 36.875 23.0879999999888
 0 0 0 0 0 0 0 0 0 0
 0 0 0 0 0 0 0 0 0 0
 1115.758 1125.735 1171.327 1261.886 1251.966 1337.634 1282.306 1275.002 1198.56600000001 1268.494
 71.8729999999996 69.9250000000029 71.7609999999986 73.2619999999988 70.6630000000005 72.875 69.2710000000006 66.724000000002 60.8520000000026 62.8450000000012
 1104.338 1112.64 1163.219 1246.36300000001 1245.36200000001 1342.65399999999 1278.288 1266.359 1171.838 1246.099
 0 0 0 0 0 0 0 0 0 0
 0 0 0 0 0 0 0 0 0 0
