V1 V2 V3 V4 V5 V6 V7 V8 V9 V10
sam 5.45900000000029 5.42399999999998 5.54599999999982 5.6239999999998 5.3760000000002 5.43100000000004 5.76600000000008 5.72499999999991 6.28600000000006 5.32400000000007
geode 0.0290000000000106 0.0370000000000061 0.0310000000000059 0.0169999999999959 0.0900000000000034 0.102999999999994 0.0449999999999875 0.0390000000000015 0.0219999999999914 0.0370000000000061
ref 5.49199999999928 5.46500000000015 5.58200000000033 5.64600000000064 5.47199999999975 5.53899999999976 5.8159999999998 5.77000000000044 6.3130000000001 5.36499999999978
infog 0 0 0 0 0 0 0 0 0 0
func 0 0 0 0 0 0 0 0 0 0
EFSOS 5.70499999999993 6.00800000000027 5.60699999999997 5.74800000000005 5.82999999999993 5.65999999999985 5.83500000000004 5.9670000000001 5.53699999999981 6.06700000000001
EFSIS 0.116 0.126000000000005 0.126999999999995 0.126000000000005 0.123999999999995 0.129000000000005 0.137 0.140000000000001 0.131 0.132999999999996
 5.82500000000073 6.13799999999992 5.73799999999937 5.87899999999991 5.95799999999963 5.79299999999967 5.97800000000007 6.11099999999988 5.67199999999957 6.20299999999952
 0 0 0 0 0 0 0 0 0 0
 0 0 0 0 0 0 0 0 0 0
 8.85500000000002 8.25999999999976 8.69200000000001 8.52300000000014 8.58899999999994 8.846 8.67999999999984 8.75999999999976 8.51400000000012 7.99200000000019
 0.0279999999999916 0.0959999999999894 0.0750000000000028 0.168999999999997 0.13300000000001 0.0570000000000022 0.123000000000005 0.113 0.13600000000001 0.106999999999999
 8.88900000000012 8.36300000000028 8.77400000000034 8.69899999999961 8.72900000000027 8.91100000000006 8.8090000000002 8.8809999999994 8.65599999999995 8.10800000000017
 0 0 0 0 0 0 0 0 0 0
 0 0 0 0 0 0 0 0 0 0
 2.36899999999969 2.4079999999999 2.39100000000008 2.39300000000003 2.76000000000022 2.36900000000014 2.49000000000024 2.33800000000019 2.79600000000028 2.30899999999974
 0.061000000000007 0.061000000000007 0.0629999999999882 0.0640000000000072 0.0659999999999883 0.0609999999999928 0.0640000000000072 0.0590000000000117 0.0600000000000023 0.0630000000000024
 2.4320000000007 2.47099999999955 2.45700000000033 2.45800000000054 2.82800000000043 2.43299999999999 2.55599999999959 2.39900000000034 2.85900000000038 2.3730000000005
 0 0 0 0 0 0 0 0 0 0
 0 0 0 0 0 0 0 0 0 0
 23.5520000000001 23.2649999999999 23.431 23.4809999999998 23.7440000000001 23.444 24.027 23.9659999999999 24.4009999999998 22.8250000000003
 0.234000000000009 0.323000000000008 0.296999999999997 0.376999999999995 0.412999999999997 0.350999999999999 0.369 0.354000000000013 0.350999999999999 0.341000000000008
 23.8040000000001 23.607 23.7470000000003 23.8780000000006 24.1769999999997 23.8139999999994 24.4170000000004 24.3410000000003 24.7719999999999 23.1839999999993
 0 0 0 0 0 0 0 0 0 0
 0 0 0 0 0 0 0 0 0 0
 70.7379999999998 74.2810000000004 72.6500000000001 72.5 74.3870000000002 72.1109999999999 73.4540000000002 70.6759999999999 71.3010000000004 73.4459999999999
 3.42099999999999 3.476 1.925 1.786 1.879 1.754 3.52399999999999 1.88799999999999 1.80499999999999 1.831
 181.626999999999 182.598 125.571 130.242999999999 131.566 124.932000000001 203.955 125.327 123.376 124.492
 4122.35799999999 3899.985 1994.228 2134.34299999999 2196.465 2051.83600000001 3515.94799999999 2093.845 2079.072 1989.14
 496.626 507.424 263.331999999999 192.585 159.604 189.013 1311.631 106.031999999999 122.947 200.699000000001
