V1 V2 V3 V4 V5 V6 V7 V8 V9 V10
sam 10.619 9.55500000000006 8.57600000000002 8.14500000000044 8.09200000000055 8.52999999999975 8.42699999999968 8.51299999999992 8.53299999999945 8.23999999999978
geode 0.143 0.163 0.475000000000136 0.84900000000016 0.756999999999607 0.697000000000116 0.619999999999891 0.53899999999976 0.448999999999614 0.372000000000298
ref 10.7660000000001 9.721 9.05300000000079 8.99699999999939 8.85299999999916 9.23000000000138 9.04899999999907 9.05500000000029 8.98500000000058 8.61499999999796
infog 0 0 0 0 0 0 0 0 0 0
func 0 0 0 0 0 0 0 0 0 0
EFSIS 6.06 5.88400000000001 5.17700000000013 5.30399999999963 5.31800000000021 5.32099999999991 5.44200000000001 4.84499999999935 5.12200000000121 5.32699999999932
 0.156 0.220000000000002 2.54199999999992 0.675999999999931 0.623000000000047 0.567999999999756 0.516999999999825 0.430999999999585 2.00799999999981 0.375999999999294
 6.23899999999981 6.10600000000022 8.98599999999988 5.97999999999956 5.94200000000092 5.89099999999962 5.96099999999933 5.27700000000004 8.43600000000151 5.70400000000154
 0 0 0 0 0 0 0 0 0 0
 0 0 0 0 0 0 0 0 0 0
 11.092 10.1979999999999 9.74900000000025 9.93100000000004 9.14999999999964 9.42699999999968 9.33100000000013 10.9210000000003 9.878999999999 9.19599999999991
 1.259 0.238999999999997 0.576000000000022 1.06500000000005 0.872000000000298 0.798999999999978 0.720000000000255 0.726999999999862 0.778000000000247 0.446000000000822
 9.52800000000002 8.33899999999994 8.17199999999957 8.73099999999977 7.89300000000003 7.84499999999935 7.91000000000167 9.48899999999958 8.41499999999724 7.65599999999904
 0 0 0 0 0 0 0 0 0 0
 0 0 0 0 0 0 0 0 0 0
 2.86600000000001 2.38400000000001 2.30699999999979 2.4670000000001 2.1869999999999 2.14200000000073 2.25399999999991 2.23799999999937 2.29999999999927 2.24300000000039
 0.004 0.0750000000000028 0.18100000000004 0.31899999999996 0.263999999999669 0.238000000000284 0.22899999999936 0.206000000000131 0.184000000000196 0.167999999999665
 2.87300000000005 2.46099999999979 2.48900000000049 2.78700000000026 2.45199999999932 2.3809999999994 2.48399999999856 2.44499999999971 2.48600000000079 2.41300000000047
 0 0 0 0 0 0 0 0 0 0
 0 0 0 0 0 0 0 0 0 0
 31.92 29.2639999999999 27.1000000000004 27.0120000000002 25.8920000000007 26.5549999999994 26.6419999999998 27.7449999999999 27.0300000000007 26.1679999999997
 1.564 0.700000000000003 3.84699999999998 3.0300000000002 2.625 2.39699999999993 2.17399999999998 1.98300000000017 3.48299999999927 1.41399999999976
 30.694 27.873 30.0650000000005 27.780999999999 26.3940000000002 26.5770000000011 26.6799999999985 27.5730000000003 29.5820000000022 25.601999999999
 0 0 0 0 0 0 0 0 0 0
 0 0 0 0 0 0 0 0 0 0
 1319.233 979.559 917.999 1132.305 1162.798 1193.679 1232.028 1263.223 1268.668 1203.265
 14.742 1314.051 1439.443 603.732 461.622 452.335 250.517999999999 84.7719999999999 91.7650000000003 224.068
 1223.228 2837.013 3218.216 1984.368 1753.445 1764.773 1474.148 1246.969 1272.151 1441.518
 0 0 0 0 0 0 0 0 0 0
 0 0 0 0 0 0 0 0 0 0
