V1 V2 V3 V4 V5 V6 V7 V8 V9 V10
sam 7.82099999999991 7.58999999999833 9.17900000000009 9.08799999999974 9.11000000000058 9.09800000000178 9.00300000000061 8.8650000000016 8.9529999999977 8.90299999999843
geode 0.0229999999999961 0 0 0 0 0 0 0 0 0
ref 7.85100000000057 7.59499999999935 9.18600000000151 9.09500000000116 9.11699999999837 9.10499999999956 9.0099999999984 8.87199999999939 8.96099999999933 8.91100000000006
infog 0 0 0 0 0 0 0 0 0 0
func 0 0 0 0 0 0 0 0 0 0
EFSIS 5.09000000000015 5.54400000000169 5.54900000000089 5.66400000000067 5.14099999999962 5.7019999999975 5.52100000000064 5.54099999999744 5.62100000000282 5.45400000000154
 0.126000000000005 0.121999999999986 0.126000000000005 0.119 0.119999999999976 0.123000000000019 0.120000000000005 0.122000000000014 0.127999999999986 0.120999999999981
 5.21999999999935 5.67100000000028 5.67900000000009 5.78700000000026 5.26499999999942 5.83000000000175 5.64600000000064 5.66800000000148 5.75400000000081 5.57900000000154
 0 0 0 0 0 0 0 0 0 0
 0 0 0 0 0 0 0 0 0 0
 9.57200000000012 8.76800000000003 10.1489999999994 10.2990000000027 10.9809999999998 10.3260000000009 10.1080000000002 9.96099999999933 10.6819999999971 10.0349999999999
 0.21599999999998 0.0889999999999986 0.100999999999999 0.563999999999993 0.0710000000000264 0.0970000000000084 0.103000000000009 0.578000000000031 0.0720000000000027 0.0930000000000177
 7.93600000000151 6.88500000000022 8.33399999999892 8.28600000000006 8.94900000000052 8.24699999999939 8.08599999999933 8.05599999999686 8.6820000000007 7.98699999999735
 0 0 0 0 0 0 0 0 0 0
 0 0 0 0 0 0 0 0 0 0
 2.23500000000058 2.2489999999998 2.27200000000084 2.29799999999886 2.25900000000183 2.27100000000064 2.26699999999983 2.51300000000265 2.28000000000247 2.3839999999982
 0.0620000000000118 0.0640000000000214 0.0630000000000166 0.0629999999999882 0.0599999999999739 0.0599999999999739 0.0640000000000214 0.0600000000000023 0.0620000000000118 0.061999999999955
 2.29799999999886 2.31400000000031 2.33599999999933 2.36300000000119 2.32099999999991 2.33099999999831 2.33399999999892 2.57500000000073 2.34400000000096 2.44800000000032
 0 0 0 0 0 0 0 0 0 0
 0 0 0 0 0 0 0 0 0 0
 25.8529999999992 25.2829999999994 28.4639999999999 28.7039999999979 28.7990000000027 28.737000000001 28.2360000000008 28.1650000000009 28.8400000000001 28.0949999999975
 0.429000000000002 0.275000000000006 0.290999999999997 0.746999999999986 0.252999999999986 0.281000000000006 0.288000000000011 0.760000000000048 0.262 0.275999999999954
 24.4430000000011 23.598 26.8520000000026 26.8870000000024 26.9639999999999 26.8559999999998 26.4149999999972 26.4569999999985 27.0460000000021 26.244999999999
 0 0 0 0 0 0 0 0 0 0
 0 0 0 0 0 0 0 0 0 0
 655.552000000001 722.32 731.235000000002 736.579000000002 738.476999999999 729.407999999999 736.466 729.808999999997 738.046999999999 733.208000000002
 9.67099999999999 9.87099999999998 9.54600000000002 9.84300000000002 9.71799999999999 9.767 9.62599999999998 9.76299999999998 9.61200000000002 9.67900000000003
 637.5 704.473999999998 712.113999999998 713.671999999999 715.369999999999 706.529999999999 713.103000000003 706.592000000001 715.218000000001 710.420000000002
 0 0 0 0 0 0 0 0 0 0
 0 0 0 0 0 0 0 0 0 0
