V1 V2 V3 V4 V5 V6 V7 V8 V9 V10
sam 5.799 6.54200000000014 5.93100000000004 6.20699999999988 6.14699999999993 6.49300000000039 5.80799999999999 5.80099999999948 5.74700000000121 6.1880000000001
geode 0.312 0 0 0.00100000000000477 0.01400000000001 0.499000000000251 0.770999999999731 0.906999999999243 0.977000000000771 1.09900000000016
ref 6.115 6.54700000000003 5.9369999999999 6.21299999999974 6.16499999999996 6.99699999999939 6.58300000000054 6.71299999999974 6.72899999999936 7.29200000000128
infog 0 0 0 0 0 0 0 0 0 0
func 0 0 0 0 0 0 0 0 0 0
EFSIS 5.827 6.65200000000004 4.42899999999963 6.19799999999987 6.10099999999966 0.94800000000032 1.12899999999991 2.34699999999975 1.35899999999856 2.70299999999952
 0.143 0.135999999999999 3.318 0.132000000000005 0.143000000000029 52.7139999999999 22.3980000000001 23.8649999999998 19.1039999999994 16.3739999999998
 5.977 6.79399999999987 9.28099999999995 6.33500000000004 6.2489999999998 86.0660000000007 40.1790000000001 41.497000000003 38.4229999999989 35.5900000000001
 0 0 0 0 0 0 0 0 0 0
 0 0 0 0 0 0 0 0 0 0
 10.939 10.8019999999999 11.431 11.0920000000001 11.5410000000002 2.09399999999914 10.143 9.48199999999997 10.4160000000011 8.57699999999932
 0.865 0.0109999999999992 0.0350000000000037 0.00900000000000034 0.0459999999999923 5.25199999999995 1.47699999999986 1.53900000000067 1.94700000000012 1.71399999999994
 9.622 8.96800000000007 9.47699999999986 9.0619999999999 9.72400000000016 9.04099999999926 9.89200000000164 9.15299999999843 10.9900000000016 8.44399999999951
 0 0 0 0 0 0 0 0 0 0
 0 0 0 0 0 0 0 0 0 0
 2.448 2.80099999999993 2.44200000000001 2.41100000000006 2.43499999999949 1.39700000000084 1.35699999999997 1.10000000000036 1.35499999999956 1.29600000000028
 0.0630000000000002 0.178000000000001 0.0779999999999959 0.0659999999999883 0.0670000000000073 12.21 10.6999999999998 13.75 10.5470000000005 22.7080000000005
 2.513 2.98199999999997 2.52199999999993 2.47899999999981 2.50399999999991 18.4150000000009 18.991 22.8990000000013 20.1699999999983 43.0370000000003
 0 0 0 0 0 0 0 0 0 0
 0 0 0 0 0 0 0 0 0 0
 26.197 28.0220000000002 25.7049999999999 27.212 27.4439999999995 11.7620000000006 18.5150000000003 19.4309999999996 18.898000000001 18.7639999999992
 1.383 0.324999999999999 3.433 0.209000000000003 0.273000000000025 70.797 35.5689999999995 40.5149999999994 32.844000000001 44.5460000000003
 25.412 26.5170000000001 28.694 25.3959999999997 25.866 122.005000000001 77.0869999999995 81.5720000000001 77.6810000000005 95.5830000000024
 0 0 0 0 0 0 0 0 0 0
 0 0 0 0 0 0 0 0 0 0
 1308.38 1275.008 1277.561 1147.408 338.976000000001 750.897 941.545999999999 959.939 1232.536 903.614
 15.108 38.108 32.327 319.24 3266.44 2902.552 2387.218 2167.715 1781.944 2321.622
 1228.655 1227.812 1221.196 1537.952 5319.942 5339.287 4627.874 4327.997 4271.014 4545.918
 0 0 0 0 0 0 0 0 0 0
 0 0 0 0 0 0 0 0 0 0
