V1 V2 V3 V4 V5 V6 V7 V8 V9 V10
sam 11.1820000000007 9.00200000000768 11.9310000000114 10.7790000000095 10.9310000000114 9.31100000001607 9.6710000000021 11.3440000000119 10.2259999999951 10.3559999999998
geode 0.121999999999389 0.147000000000844 0.136999999998807 0.114000000001397 0.121000000002823 0.0939999999973224 0.0949999999975262 0.129000000000815 0.138999999999214 0.138999999995576
ref 11.3130000000237 9.15799999999581 12.0779999999795 10.9020000000019 11.060999999987 9.41200000001118 9.77400000000489 11.4820000000182 10.3739999999816 10.5040000000154
infog 0 0 0 0 0 0 0 0 0 0
func 0 0 0 0 0 0 0 0 0 0
EFSIS 16.1539999999804 15.2430000000168 16.2010000000009 15.0620000000054 15.8339999999735 14.9709999999905 15.0360000000219 15.5649999999732 11.1309999999939 14.9580000000133
 0.290000000000873 0.270999999997002 2.35299999999916 0.269000000000233 0.27299999999741 0.263000000002648 0.259000000001834 0.27100000000064 17.773000000001 0.260000000002037
 16.4569999999949 15.5249999999942 18.9619999999995 15.3429999999935 16.1210000000137 15.2460000000137 15.3070000000007 15.8479999999981 34.9100000000035 15.2289999999921
 0 0 0 0 0 0 0 0 0 0
 0 0 0 0 0 0 0 0 0 0
 28.6750000000175 25.4829999999783 30.7870000000112 24.2489999999816 29.4310000000114 23.1549999999988 23.9079999999958 28.7940000000235 21.7630000000063 22.5950000000012
 0.425999999999476 0.540000000000873 0.45600000000195 0.389999999999418 0.45600000000195 0.39799999999741 0.327000000001135 0.354999999999563 0.570999999999913 0.338999999999942
 24.1330000000016 21.125 26.2290000000212 19.7750000000233 24.9400000000023 18.9599999999919 19.6820000000007 24.5380000000005 18.1069999999891 18.2229999999981
 0 0 0 0 0 0 0 0 0 0
 0 0 0 0 0 0 0 0 0 0
 2.375 2.35300000000279 2.39999999999418 2.29899999999907 2.38099999999395 2.32800000000861 2.41199999998207 2.41899999999441 2.59400000001187 2.4089999999851
 0.0750000000007276 0.0780000000013388 0.0760000000009313 0.0779999999977008 0.0779999999977008 0.0790000000015425 0.0730000000003201 0.0780000000013388 0.0829999999987194 0.0670000000027358
 2.45000000001164 2.43300000001909 2.48099999999977 2.37700000000768 2.45999999999185 2.40799999999581 2.48699999999371 2.49899999998161 2.67900000000373 2.48000000001048
 0 0 0 0 0 0 0 0 0 0
 0 0 0 0 0 0 0 0 0 0
 59.4049999999988 53.0869999999995 62.3450000000012 53.2780000000203 59.5929999999935 50.6630000000005 52.0070000000123 59.1160000000091 46.7149999999965 51.3289999999979
 0.924999999999272 1.04799999999886 3.04200000000128 0.861000000000786 0.939000000002125 0.843999999997322 0.76299999999901 0.843000000000757 18.5809999999983 0.817999999999302
 55.3880000000063 49.2609999999986 60.8009999999776 49.2980000000098 55.6100000000151 46.9370000000054 48.2400000000198 55.372000000003 67.0849999999919 47.4610000000102
 0 0 0 0 0 0 0 0 0 0
 0 0 0 0 0 0 0 0 0 0
 2566.255 2468.266 2577.37700000001 2533.27599999998 2584.69099999999 2660.177 2127.924 2345.50699999998 2034.23500000002 2501.46900000001
 45.5540000000001 451.052 205.935999999998 98.6470000000008 67.1100000000006 83.4060000000027 1289.33 775.252 1168.387 45.7960000000021
 2379.20999999999 2938.30100000001 2649.49900000001 2422.97500000001 2431.42099999997 2528.41400000002 3803.19099999999 3217.005 3625.43799999999 2311.93799999999
 0 0 0 0 0 0 0 0 0 0
 0 0 0 0 0 0 0 0 0 0
