V1 V2 V3 V4 V5 V6 V7 V8 V9 V10
sam 12.577 12.8879999999999 9.1230000000005 11.1760000000013 8.77999999999884 10.1669999999995 9.97699999999895 10.260000000002 8.77800000000207 9.9429999999993
geode 0.699 0.247999999999998 0.0830000000000055 0.034000000000006 0.0299999999999727 0.0960000000000036 0.0289999999999964 0.0250000000000909 0.0169999999998254 0.147000000000162
ref 13.288 13.145 9.21399999999994 11.219000000001 8.81600000000071 10.273000000001 10.0150000000031 10.2949999999983 8.80299999999988 10.0980000000018
infog 0 0 0 0 0 0 0 0 0 0
func 0 0 0 0 0 0 0 0 0 0
EFSIS 36.154 36.6469999999999 15.3490000000002 15.3239999999987 15.0550000000003 14.9629999999997 15.1080000000002 15.3809999999976 16.1739999999991 15.007999999998
 0.147 0.118000000000002 0.0959999999999965 0.116 0.0950000000000273 0.135999999999967 0.134999999999991 0.135999999999967 0.117000000000189 0.132999999999811
 36.333 36.7960000000003 15.4569999999994 15.4519999999993 15.1630000000005 15.1090000000004 15.2539999999972 15.5280000000021 16.3029999999999 15.1519999999982
 0 0 0 0 0 0 0 0 0 0
 0 0 0 0 0 0 0 0 0 0
 33.839 38.7310000000002 27.7449999999999 29.2250000000004 23.0040000000008 27.8899999999994 26.1669999999976 26.2380000000012 27.1589999999997 26.5509999999995
 2.853 0.311999999999998 0.329000000000001 0.286999999999992 0.198999999999955 0.277000000000044 0.22400000000016 0.119999999999891 0.188999999999851 0.397000000000162
 29.146 32.2819999999997 23.1109999999999 23.5570000000007 17.9599999999991 21.5510000000013 21.4140000000007 21.6139999999978 21.9540000000015 21.461000000003
 0 0 0 0 0 0 0 0 0 0
 0 0 0 0 0 0 0 0 0 0
 3.39699999999999 3.45400000000018 2.44899999999961 2.59200000000055 2.6260000000002 2.81800000000112 2.55400000000009 2.43500000000131 2.36300000000119 2.39900000000125
 0.056 0.0620000000000012 0.0450000000000017 0.00200000000000955 0.05600000000004 0.0539999999998599 0.0599999999999454 0.0520000000001346 0.0509999999999309 0.0570000000000164
 3.456 3.51900000000023 2.49600000000009 2.59699999999975 2.68400000000111 2.875 2.61700000000201 2.48800000000119 2.41400000000067 2.45899999999892
 0 0 0 0 0 0 0 0 0 0
 0 0 0 0 0 0 0 0 0 0
 87.553 92.817 55.6940000000004 59.3330000000005 50.3599999999988 56.9089999999997 54.8429999999971 55.2220000000016 55.494999999999 54.875
 3.756 0.739999999999998 0.554000000000002 0.439000000000007 0.380999999999972 0.575000000000045 0.451999999999998 0.336000000000013 0.375 0.735000000000127
 83.822 86.8400000000001 51.308 53.8400000000001 45.518 50.8919999999998 50.3420000000006 50.8379999999997 50.4989999999998 50.1460000000006
 0 0 0 0 0 0 0 0 0 0
 0 0 0 0 0 0 0 0 0 0
 3414.741 3261.213 2682.811 2757.882 2155.241 2551.763 2554.639 2599.055 2478.864 2540.994
 18.918 21.765 21.077 257.242 1364.366 26.05 24.5790000000002 21.674 23.1859999999999 21.9379999999999
 3106.857 2982.818 2436.381 2841.785 3768.538 2282.48 2323.28 2357.946 2255.467 2305.991
 0 0 0 0 0 0 0 0 0 0
 0 0 0 0 0 0 0 0 0 0
