V1 V2 V3 V4 V5 V6 V7 V8 V9 V10
sam 10.8450000000012 9.42799999998533 12.4740000000165 10.5439999999944 10.4510000000009 11.1289999999863 12.8830000000016 11.2200000000012 8.92399999999907 11.1059999999998
geode 0.0840000000025611 0.0760000000009313 0.132000000001426 0.119999999998981 0.111000000000786 0.116000000001804 0.139999999999418 0.129000000000815 0.10200000000259 0.128000000000611
ref 10.9379999999946 9.5109999999986 12.6140000000014 10.6719999999914 10.5689999999886 11.2559999999939 13.0329999999958 11.3590000000258 9.03299999999581 11.2419999999984
infog 0 0 0 0 0 0 0 0 0 0
func 0 0 0 0 0 0 0 0 0 0
EFSIS 8.54099999999744 7.77900000000955 15.9539999999979 15.0290000000095 15.3279999999795 15.4010000000126 8.01900000000023 15.3369999999995 3.26900000000023 15.2239999999874
 37.3839999999982 83.643 0.260999999998603 0.27100000000064 0.273000000001048 0.252000000000407 19.2040000000015 0.272000000000844 75.9499999999971 0.269000000000233
 75.1110000000044 128.165999999997 16.2350000000151 15.314000000013 15.6150000000198 15.6630000000005 40.5599999999977 15.6199999999953 127.898000000016 15.5070000000123
 0 0 0 0 0 0 0 0 0 0
 0 0 0 0 0 0 0 0 0 0
 20.2939999999944 0 33.2069999999949 30.2240000000165 32.6590000000142 29.7630000000063 19.9049999999988 29.1689999999944 3.50899999999092 26.9429999999993
 11.2910000000011 10.8659999999982 0.403999999998632 0.556000000000495 0.436999999998079 0.315999999998894 0.265999999999622 0.342000000000553 20.0060000000012 0.337999999999738
 28.5009999999893 26.3960000000079 26.0289999999804 23.8579999999783 26.1269999999786 25.2890000000189 17.8460000000196 24.8769999999786 20.1380000000063 22.5099999999802
 0 0 0 0 0 0 0 0 0 0
 0 0 0 0 0 0 0 0 0 0
 2.75399999998626 0 2.7840000000142 2.42699999999604 2.46199999999953 2.40399999998044 2.45199999999022 2.49700000000303 1.0340000000142 3.08999999999651
 0.0769999999974971 0 0.0830000000023574 0.077000000001135 0.0800000000017462 0.0679999999993015 0.0260000000016589 0.0289999999986321 42.8329999999987 0.0370000000002619
 2.83200000002398 2.55399999997462 2.86900000000605 2.50599999999395 2.54399999999441 2.47399999998743 2.47999999998137 2.52600000001257 52.0989999999874 3.12899999998626
 0 0 0 0 0 0 0 0 0 0
 0 0 0 0 0 0 0 0 0 0
 43.426999999996 17.2069999999949 65.4650000000256 59.179999999993 61.9159999999974 59.6969999999856 44.207000000024 59.2160000000149 16.7360000000044 57.3500000000058
 48.844000000001 94.5849999999991 0.889999999999418 1.03499999999985 0.913000000000466 0.764000000002852 19.6460000000006 0.783000000003085 138.891 0.783000000003085
 118.385000000009 167.631999999983 58.8030000000144 53.3179999999993 55.8819999999832 55.695000000007 74.8770000000077 55.387000000017 210.219000000012 53.3880000000063
 0 0 0 0 0 0 0 0 0 0
 0 0 0 0 0 0 0 0 0 0
 2556.36499999999 2255.951 1748.04999999999 2852.69700000001 2612.878 2396.125 1927.761 2596 2548.16099999999 2688.77499999999
 823.652000000002 1391.067 2966.274 49.0169999999998 340.782999999999 527.027999999998 1546.617 290.685999999998 196.089 37.1719999999987
 3555.41799999998 4181.09400000001 6032.18799999999 2597.26300000001 2877.02800000002 2920.83499999999 3964.87400000001 2789.671 2603.75 2478.72099999999
 0 0 0 0 0 0 0 0 0 0
 0 0 0 0 0 0 0 0 0 0
