V1 V2 V3 V4 V5 V6 V7 V8 V9 V10
sam 8.88000000000466 10.3050000000221 11.7580000000016 9.21700000000419 15.4860000000044 15.2149999999965 11.8699999999953 10.695000000007 10.8519999999844 11.112999999983
geode 0.0949999999938882 0.156999999999243 0.233000000000175 0.129999999997381 0.174000000006345 0.370000000002619 0.177000000003318 1.1530000000057 0.181000000004133 0.192999999999302
ref 8.98199999998906 10.4700000000012 11.9989999999816 9.35599999999977 15.6749999999884 15.5979999999981 12.0580000000191 12.5929999999935 11.0430000000051 11.3129999999946
infog 0 0 0 0 0 0 0 0 0 0
func 0 0 0 0 0 0 0 0 0 0
EFSIS 14.8509999999951 15.8469999999797 17.627999999997 14.7339999999967 42.1909999999916 49.439000000013 11.7129999999888 7.01399999999558 10.5350000000035 15.5470000000205
 0.255000000004657 0.266999999999825 0.283000000003085 0.256999999997788 0.601999999998952 0.70499999999447 7.77300000000105 57.2389999999941 109.043999999994 0.372000000003027
 15.1169999999984 16.125 17.9260000000068 15.0020000000077 42.8270000000193 50.2309999999998 24.0639999999839 99.2300000000105 157.116000000009 15.9330000000191
 0 0 0 0 0 0 0 0 0 0
 0 0 0 0 0 0 0 0 0 0
 22.7220000000088 27.2280000000028 28.1270000000077 22.997000000003 36.9680000000226 42.8439999999828 29.8570000000182 5.86199999999371 0 26.3549999999814
 0.371999999995751 0.660000000003492 0.443999999995867 0.476000000002387 0.642999999996391 0.788000000000466 0.467000000004191 9.22600000000239 0 0.585999999995693
 18.6350000000093 23.2759999999835 23.4700000000012 18.8979999999865 31.5769999999902 37.4890000000014 25.4170000000158 24.9929999999877 25.0149999999849 22.2969999999914
 0 0 0 0 0 0 0 0 0 0
 0 0 0 0 0 0 0 0 0 0
 2.33299999998417 2.39100000000326 2.43599999998696 2.41899999999441 4.42399999999907 4.30999999999767 2.41300000000047 2.40200000000186 0 2.42800000001444
 0.0690000000031432 0.0829999999987194 0.0260000000052969 0.0720000000001164 0.0959999999977299 0.0970000000015716 0.0789999999979045 0.0910000000003492 0 0.0900000000037835
 2.40200000000186 2.47599999999511 2.46399999997811 2.49199999999837 4.66500000000815 4.41000000000349 2.49299999998766 2.49400000000605 4.43700000000536 2.51900000000023
 0 0 0 0 0 0 0 0 0 0
 0 0 0 0 0 0 0 0 0 0
 49.6630000000005 56.762000000017 60.9290000000037 50.390000000014 102.248000000021 113.489000000001 56.9349999999977 26.9750000000058 21.3869999999879 56.4130000000005
 0.799999999995634 1.18600000000151 0.997000000003027 0.94999999999709 1.56300000000192 1.98099999999977 8.51200000000244 67.7280000000028 109.224999999999 1.25800000000163
 46.0240000000049 53.3590000000258 56.8509999999951 46.7859999999928 97.9739999999874 109.430999999982 65.1309999999939 140.333000000013 198.660999999993 53.0499999999884
 0 0 0 0 0 0 0 0 0 0
 0 0 0 0 0 0 0 0 0 0
 2338.05599999998 2703.07699999999 1670.89799999999 3177.48499999999 3984.299 1787.68799999999 1845.66 1766.13499999998 1751.823 2042.74899999998
 43.0930000000008 85.6929999999993 2816.092 51.5180000000037 2333.269 3718.193 2359.548 1838.494 2341.391 1277.515
 2156.60999999999 2579.09399999998 5613.264 2968.05600000001 7264.361 7265.05100000001 5170.505 4539.595 5255.92800000001 3880.30300000001
 0 0 0 0 0 0 0 0 0 0
 0 0 0 0 0 0 0 0 0 0
