V1 V2 V3 V4 V5 V6 V7 V8 V9 V10
sam 10.0100000000093 10.4809999999998 11.3209999999963 10.9469999999856 9.01100000002771 10.9780000000028 8.69500000000698 10.3150000000023 13.6810000000114 12.6490000000049
geode 0.179000000003725 0.184000000001106 0.199000000000524 0.185000000004948 0.150000000001455 0.180000000000291 0.141999999999825 0.161999999996624 0.211999999999534 0.190999999998894
ref 10.1970000000147 10.6730000000098 11.5290000000386 11.1410000000033 9.16799999994691 11.1659999999683 8.84499999997206 10.4839999999967 13.9070000000065 12.8489999999874
infog 0 0 0 0 0 0 0 0 0 0
func 0 0 0 0 0 0 0 0 0 0
EFSIS 15.1840000000084 14.7930000000051 15.1369999999879 14.872000000003 14.792999999976 15.0130000000063 14.6009999999951 14.8669999999984 15.8029999999853 29.2639999999956
 0.48700000000099 0.370999999999185 0.36699999999837 0.352999999995518 0.354999999995925 0.335999999995693 0.336999999999534 0.349000000001979 0.332999999998719 0.525000000001455
 15.6849999999977 15.1759999999776 15.5160000000033 15.2370000000228 15.1610000000219 15.3600000000442 14.9490000000224 15.2289999999921 16.1489999999758 29.814000000013
 0 0 0 0 0 0 0 0 0 0
 0 0 0 0 0 0 0 0 0 0
 26.7969999999914 27.3889999999956 27.7380000000121 27.679999999993 22.377999999997 29.2239999999874 22.8660000000091 27.7019999999902 32.9180000000051 37.3129999999946
 0.671999999998661 0.485999999997148 0.553999999996449 0.576999999997497 0.457999999998719 0.483000000000175 0.39100000000326 0.434000000001106 0.501000000003842 0.569000000003143
 22.9260000000068 23.1130000000121 23.6459999999497 23.5339999999851 18.1220000000321 25.1039999999921 18.4979999999632 23.1620000000112 28.3070000000298 30.99099999998
 0 0 0 0 0 0 0 0 0 0
 0 0 0 0 0 0 0 0 0 0
 2.41599999999744 2.32600000000093 2.33999999999651 2.387000000017 2.30400000000373 2.38800000000629 2.3640000000014 2.43900000001304 2.45999999999185 2.70100000000093
 0.0899999999965075 0.0950000000011642 0.0910000000003492 0.0900000000037835 0.0900000000037835 0.0829999999987194 0.0829999999987194 0.091999999996915 0.0799999999944703 0.0859999999956926
 2.50899999999092 2.42300000000978 2.43499999999767 2.47800000000279 2.39599999994971 2.47200000000885 2.45000000001164 2.53299999999581 2.54099999996834 2.78800000000047
 0 0 0 0 0 0 0 0 0 0
 0 0 0 0 0 0 0 0 0 0
 55.429999999993 55.9899999999907 57.5389999999898 56.8879999999772 49.765000000014 58.5970000000088 49.4979999999923 56.3150000000023 66.0760000000009 83.0400000000081
 1.44800000000396 1.15499999999884 1.22999999999593 1.22200000000157 1.07600000000093 1.0989999999947 0.968999999997322 1.05399999999645 1.14400000000023 1.38799999999901
 52.3589999999967 52.4049999999697 54.1480000000447 53.4100000000326 46.1489999999758 55.1140000000014 45.73199999996 52.4179999999469 62.1379999999772 77.5749999999534
 0 0 0 0 0 0 0 0 0 0
 0 0 0 0 0 0 0 0 0 0
 2565.80900000001 2531.21400000001 2587.66700000002 2580.35200000001 2471.96900000001 2618.198 2633.666 2755.804 3227.03899999999 2973.99799999999
 70.5570000000007 55.4049999999988 59.7969999999987 59.1089999999967 57.0639999999985 51.211000000003 49.948000000004 50.3859999999986 58.5119999999952 55.0809999999983
 2407.50599999999 2355.49400000001 2416.59499999997 2409.06199999998 2297.71500000003 2434.821 2452.38 2548.53500000003 2986.761 2749.674
 0 0 0 0 0 0 0 0 0 0
 0 0 0 0 0 0 0 0 0 0
