V1 V2 V3 V4 V5 V6 V7 V8 V9 V10
sam 9.88899999999921 11.2309999999998 10.3910000000033 9.51000000000204 9.59599999999773 10.7960000000021 10.8000000000029 11.1339999999982 8.66599999999744 1.27399999999761
geode 0.0259999999998399 0.0119999999999436 0.0209999999999582 0.305000000000064 0.0319999999999254 0.264000000000124 0.0349999999998545 0.00599999999985812 0.00700000000006185 43.1779999999999
ref 9.92399999999907 11.2530000000006 10.4199999999983 9.82299999999668 9.6359999999986 11.0669999999955 10.8440000000046 11.1489999999976 8.68000000000029 56.3830000000016
infog 0 0 0 0 0 0 0 0 0 0
func 0 0 0 0 0 0 0 0 0 0
EFSIS 15.5269999999982 17.2410000000018 15.5720000000001 15.1779999999999 16.4540000000052 17.0099999999948 16.7449999999953 15.2330000000002 15.2930000000051 0
 0.138000000000147 0.126999999999953 0.128000000000156 0.111999999999853 0.115000000000009 0.128999999999905 0.123000000000047 0.114000000000033 0.0999999999999091 70.6640000000002
 15.6769999999997 17.3810000000012 15.7119999999995 15.3020000000033 16.5809999999983 17.1540000000023 16.8819999999978 15.3600000000006 15.4040000000023 153.279999999999
 0 0 0 0 0 0 0 0 0 0
 0 0 0 0 0 0 0 0 0 0
 26.0410000000011 21.2029999999977 25.6829999999973 20.9040000000023 22.5269999999946 28.5760000000009 27.6310000000012 26.6219999999958 22.0669999999955 0
 0.13799999999992 0.338999999999942 0.302999999999884 0.301000000000158 0.187000000000126 0.284000000000106 0.186999999999898 0.238000000000056 0.192000000000007 69.1239999999998
 21.5360000000001 16.2789999999986 21.2030000000013 16.224000000002 17.7139999999999 23.3059999999969 22.3700000000026 22.2229999999981 17.0449999999983 56.9719999999943
 0 0 0 0 0 0 0 0 0 0
 0 0 0 0 0 0 0 0 0 0
 2.5 2.33400000000256 2.5480000000025 2.47799999999552 2.85000000000582 2.56900000000314 2.99700000000303 2.63100000000122 2.48500000000058 0
 0.0579999999999927 0.0489999999999782 0.0589999999999691 0.0459999999998217 0.0550000000000637 0.0589999999999691 0.0490000000002055 0.0550000000000637 0.0489999999999782 0
 2.56100000000151 2.38500000000204 2.60900000000038 2.52599999999802 2.90699999999924 2.63100000000122 3.04699999999866 2.68899999999849 2.53500000000349 48.8540000000066
 0 0 0 0 0 0 0 0 0 0
 0 0 0 0 0 0 0 0 0 0
 54.9519999999975 52.8870000000024 55.2230000000018 48.9720000000016 52.3790000000008 59.9579999999987 59.385000000002 56.6199999999953 49.3839999999982 1.27399999999761
 0.36200000000008 0.52800000000002 0.511999999999944 0.764999999999873 0.394000000000005 0.736000000000104 0.396999999999935 0.413000000000011 0.348999999999933 182.966
 50.6949999999997 48.1790000000001 50.9749999999985 44.7790000000023 47.7959999999948 55.1659999999974 54.3600000000006 52.4219999999987 44.5400000000009 316.483
 0 0 0 0 0 0 0 0 0 0
 0 0 0 0 0 0 0 0 0 0
 2502.732 2429.162 2489.407 2396.132 2604.81 2646.154 2647.381 2437.091 1677.732 394.968999999997
 21.1759999999999 23.6189999999999 21.7440000000001 38.7650000000001 23.663 20.6899999999998 34.8720000000001 31.809 1362.612 5068.451
 2264.311 2196.602 2251.617 2184.623 2371.924 2407.008 2416.039 2217.175 3568.219 7856.52899999999
 0 0 0 0 0 0 0 0 0 0
 0 0 0 0 0 0 0 0 0 0
