V1 V2 V3 V4 V5 V6 V7 V8 V9 V10
sam 13.6080000000002 9.91799999999785 12.760000000002 12.1500000000015 12.0420000000013 9.94800000000396 10.7430000000022 10.0500000000029 10.2160000000003 9.96300000000338
geode 0.153000000000247 0.0959999999995489 0.110000000000582 0.106999999999971 0.0940000000009604 0.0900000000001455 0.0929999999989377 0.081000000000131 0.0779999999995198 0.0720000000001164
ref 13.7709999999934 10.0220000000045 12.8810000000012 12.2670000000071 12.1440000000002 10.0460000000021 10.8439999999973 10.1389999999956 10.3029999999999 10.0420000000013
infog 0 0 0 0 0 0 0 0 0 0
func 0 0 0 0 0 0 0 0 0 0
EFSIS 12.2620000000024 16.6080000000002 26.6900000000023 16.7200000000012 16.4729999999981 15.0239999999976 15.1929999999993 15.3220000000001 15.1880000000092 15.4159999999974
 18.5730000000003 0.247999999999593 0.324999999998909 0.252000000000407 3.60999999999876 0.217000000000553 0.238000000001193 0.215000000000146 0.207000000000335 0.195999999999913
 37.1650000000009 16.8689999999988 27.0369999999966 16.9839999999967 20.153999999995 15.2540000000008 15.4419999999955 15.5489999999991 15.406999999992 15.6240000000107
 0 0 0 0 0 0 0 0 0 0
 0 0 0 0 0 0 0 0 0 0
 30.6859999999942 25.0619999999981 35.3689999999988 30.3989999999976 29.8120000000054 25.8810000000012 23.752999999997 24.4619999999995 25.0159999999887 25.7130000000034
 0.338999999999942 0.315000000000509 0.558000000000902 0.41399999999885 0.438000000000102 0.256999999999607 0.297999999998865 0.229999999999563 0.204999999999927 0.278000000000247
 25.5370000000039 20.1370000000024 30.073000000004 25.0359999999928 24.872000000003 21.0729999999894 19.1160000000091 20.0019999999931 20.6410000000033 21.4479999999894
 0 0 0 0 0 0 0 0 0 0
 0 0 0 0 0 0 0 0 0 0
 2.64900000000489 2.49700000000303 2.69499999999971 2.88999999999942 2.73099999999977 2.38999999999942 2.8469999999943 2.3070000000007 2.35500000001048 2.42399999999907
 0.0779999999995198 0.0720000000001164 0.0679999999993015 0.0830000000005384 0.077000000001135 0.022000000000844 0.0780000000013388 0.0650000000005093 0.0630000000001019 0.0580000000009022
 2.72799999999552 2.57200000000012 2.76499999999942 2.97500000000582 2.81100000000151 2.41400000000431 2.9259999999922 2.37300000000687 2.4210000000021 2.48400000001129
 0 0 0 0 0 0 0 0 0 0
 0 0 0 0 0 0 0 0 0 0
 60.3009999999995 55.0330000000031 78.5789999999979 63.2309999999998 62.5250000000015 54.2910000000047 53.580999999991 53.0360000000073 53.6630000000005 54.523000000001
 19.1550000000007 0.739999999999782 1.07099999999991 0.865999999999985 4.23000000000138 0.595000000001164 0.716000000000349 0.59900000000016 0.559999999999491 0.613000000001193
 80.3099999999977 50.5590000000011 73.8300000000017 58.3470000000088 61.4599999999919 49.8439999999973 49.3849999999948 48.9669999999896 49.6670000000013 50.6150000000052
 0 0 0 0 0 0 0 0 0 0
 0 0 0 0 0 0 0 0 0 0
 2695.649 2797.75999999999 2887.517 2832.123 2242.154 2432.077 2461.02500000001 2445.613 2309.43299999999 2444.061
 262.052 37.8610000000008 145.981 249.852999999999 1263.385 178.120999999999 41.9569999999985 30.6380000000008 30.5709999999999 35.482
 2746.235 2561.682 2803.76 2920.72100000001 3793.19 2412.32400000001 2274.681 2239.05 2092.625 2238.129
 0 0 0 0 0 0 0 0 0 0
 0 0 0 0 0 0 0 0 0 0
