V1 V2 V3 V4 V5 V6 V7 V8 V9 V10
sam 10.5500000000029 9.75699999999779 8.74599999999919 12.2989999999991 11.0190000000002 11.9929999999877 10.4449999999924 11.4619999999995 10.8179999999993 10.9760000000097
geode 0.0779999999995198 0.102999999999156 0.0540000000000873 0.0720000000001164 0.0619999999998981 0.0669999999990978 0.0519999999996799 0.0540000000000873 0.0489999999990687 0.0470000000004802
ref 10.6369999999879 9.86999999999534 8.8070000000007 12.3809999999939 11.0920000000042 12.0690000000031 10.5069999999978 11.5249999999942 10.8769999999931 11.0329999999958
infog 0 0 0 0 0 0 0 0 0 0
func 0 0 0 0 0 0 0 0 0 0
EFSIS 15.2090000000026 15.3709999999992 15.6169999999984 16.1840000000084 16.0050000000047 15.4230000000098 17.0210000000079 21.5300000000134 16.3119999999908 15.7149999999965
 0.207999999998719 0.197000000000116 0.191000000000713 0.182000000000698 0.190000000000509 0.175000000001091 0.184000000001106 0.213000000001557 0.174000000000888 0.163000000000466
 15.4290000000037 15.5789999999979 15.820000000007 16.3790000000008 16.2069999999949 15.6100000000006 17.218000000008 21.7600000000093 16.4980000000069 15.8910000000033
 0 0 0 0 0 0 0 0 0 0
 0 0 0 0 0 0 0 0 0 0
 26.2719999999972 24.2299999999959 26.846000000005 33.8579999999929 29.3119999999908 31.4989999999962 29.0509999999922 34.8589999999967 24.4309999999969 33.9119999999966
 0.277000000000044 0.327000000001135 0.261999999998807 0.248999999999796 0.179000000000087 0.167999999999665 0.162999999998647 0.170000000000073 0.283999999999651 0.22400000000016
 21.7170000000042 20.0500000000029 21.906999999992 28.9130000000005 23.7850000000035 23.851999999999 24.2700000000041 29.6049999999959 19.3659999999945 26.3260000000009
 0 0 0 0 0 0 0 0 0 0
 0 0 0 0 0 0 0 0 0 0
 2.42299999999523 2.70900000000256 2.58899999999267 2.44599999999627 2.44100000000617 3.44999999999709 2.38900000001013 2.74799999999232 2.41000000000349 2.66700000000128
 0.0650000000005093 0.0639999999984866 0.0600000000013097 0.0560000000004948 0.0560000000004948 0.0180000000000291 0.0609999999996944 0.0130000000008295 0.0580000000009022 0.0560000000004948
 2.4890000000014 2.77599999999802 2.65099999999802 2.50400000000081 2.49800000000687 3.4719999999943 2.45100000000093 2.76299999999173 2.47100000000501 2.72400000000198
 0 0 0 0 0 0 0 0 0 0
 0 0 0 0 0 0 0 0 0 0
 55.4850000000006 53.1100000000006 54.7939999999944 65.8369999999995 59.8080000000045 63.6699999999983 59.8469999999943 72.2190000000119 54.8689999999915 64.2750000000087
 0.634999999998399 0.69800000000032 0.574000000000524 0.565000000000509 0.494000000000597 0.434999999999491 0.466000000000349 0.459000000000742 0.568999999999505 0.4950000000008
 51.3119999999908 49.3249999999971 50.1880000000092 61.2350000000006 54.6200000000099 56.3160000000062 55.3930000000109 67.281999999992 50.1140000000014 56.9850000000006
 0 0 0 0 0 0 0 0 0 0
 0 0 0 0 0 0 0 0 0 0
 2409.678 2457.88699999999 2514.58200000001 2870.944 2975.92499999999 2900.29699999999 2942.35800000001 2974.11 2919.23300000001 2941.37699999999
 33.732 32.7659999999996 30.723 34.3119999999999 25.7060000000001 25.2379999999994 23.253999999999 21.2450000000008 28.7540000000008 27.9930000000004
 2204.942 2243.89999999999 2298.2 2597.79299999999 2701.22199999999 2636.323 2686.545 2707.568 2656.84199999999 2682.996
 0 0 0 0 0 0 0 0 0 0
 0 0 0 0 0 0 0 0 0 0
