V1 V2 V3 V4 V5 V6 V7 V8 V9 V10
sam 11.801999999996 12.2859999999928 9.78699999999662 10.2229999999981 9.88999999999942 13.8559999999998 14.2749999999942 15.7719999999972 10.2340000000113 11.7520000000077
geode 0.163000000000466 0.0470000000004802 0.159999999999854 0.0370000000002619 0.032999999999447 0.043999999999869 0.0450000000000728 0.0590000000011059 0.0829999999987194 0.0859999999993306
ref 11.9749999999913 12.3420000000042 9.95500000000175 10.2679999999964 9.9320000000007 13.9120000000112 14.3300000000017 15.8470000000088 10.3249999999825 11.8459999999905
infog 0 0 0 0 0 0 0 0 0 0
func 0 0 0 0 0 0 0 0 0 0
EFSIS 17.6820000000007 19.3300000000017 15.4709999999905 15.6160000000091 16.8279999999941 15.6750000000029 21.0250000000087 9.83100000000559 15.5059999999939 24.9820000000036
 0.162000000000262 0.174999999999272 0.14600000000064 0.149999999999636 0.17200000000048 0.149000000001251 0.186999999999898 94.7279999999992 3.625 0.306000000000495
 17.8580000000075 19.5209999999934 15.6290000000008 15.7799999999988 17.0120000000024 15.8359999999957 21.2299999999959 154.98000000001 21.387000000017 25.30799999999
 0 0 0 0 0 0 0 0 0 0
 0 0 0 0 0 0 0 0 0 0
 36.5219999999972 34.1619999999966 24.7540000000008 31.8830000000016 23.9279999999999 31.6260000000038 34.8429999999935 0 29.7079999999987 30.9689999999973
 0.560999999999694 0.149000000001251 0.278000000000247 0.119999999998981 0.174000000000888 0.210999999999331 0.129000000000815 24.6940000000013 0.299999999999272 0.316999999999098
 30.4909999999945 28.5080000000016 19.6440000000002 26.3709999999992 18.8470000000088 25.9529999999941 28.7540000000008 34.3029999999853 24.627999999997 25.5320000000065
 0 0 0 0 0 0 0 0 0 0
 0 0 0 0 0 0 0 0 0 0
 3.96400000000722 2.71800000000803 2.45500000000175 2.79899999999907 2.40499999999884 3.68600000000151 2.84200000000419 0 2.34300000000803 2.72800000000279
 0.0789999999997235 0.0559999999986758 0.0560000000004948 0.0540000000000873 0.0649999999986903 0.0779999999995198 0.0779999999995198 0 0.0669999999990978 0.077000000001135
 4.04499999999825 2.7780000000057 2.51399999999558 2.85500000001048 2.4719999999943 3.76600000000326 2.9210000000021 2.61600000000908 2.41099999999278 2.8070000000007
 0 0 0 0 0 0 0 0 0 0
 0 0 0 0 0 0 0 0 0 0
 73.3389999999927 69.5910000000003 53.3849999999948 61.5339999999997 53.9349999999977 65.8859999999986 74.1150000000052 26.3260000000009 58.8040000000037 71.4870000000083
 0.978000000000975 0.432000000000698 0.644000000000233 0.364999999999782 0.447000000000116 0.486000000000786 0.444000000001324 119.694000000001 4.08399999999892 0.794000000001688
 67.7599999999948 64.25 48.6639999999898 56.2929999999906 49.1500000000087 60.5160000000033 68.372000000003 209.111000000004 59.7740000000049 66.55799999999
 0 0 0 0 0 0 0 0 0 0
 0 0 0 0 0 0 0 0 0 0
 3274.81299999999 2948.25499999999 2927.325 2930.088 2847.179 2939.36200000001 2736.54299999999 879.682000000001 2896.52500000001 2712.33199999998
 32.7259999999987 30.9229999999989 28.6540000000005 28.4539999999997 26.0779999999995 22.6610000000001 1519.903 6380.42 92.9330000000009 820.249
 3025.83900000001 2691.394 2659.92600000001 2666.466 2591.079 2674.34700000001 4877.556 9913.777 2715.747 3708.55299999999
 0 0 0 0 0 0 0 0 0 0
 0 0 0 0 0 0 0 0 0 0
