@relation it15
@attribute D14664_at numeric
@attribute D42043_at numeric
@attribute D49950_at numeric
@attribute D63880_at numeric
@attribute D86967_at numeric
@attribute D88270_at numeric
@attribute D88422_at numeric
@attribute HG1612-HT1612_at numeric
@attribute HG3494-HT3688_at numeric
@attribute J05243_at numeric
@attribute L07633_at numeric
@attribute L09717_at numeric
@attribute L21954_at numeric
@attribute L47738_at numeric
@attribute M11147_at numeric
@attribute M11722_at numeric
@attribute M13792_at numeric
@attribute M14636_at numeric
@attribute M16038_at numeric
@attribute M19507_at numeric
@attribute M22960_at numeric
@attribute M23197_at numeric
@attribute M27891_at numeric
@attribute M29474_at numeric
@attribute M29696_at numeric
@attribute M31166_at numeric
@attribute M31303_rna1_at numeric
@attribute M33195_at numeric
@attribute M33680_at numeric
@attribute M55150_at numeric
@attribute M62762_at numeric
@attribute M63138_at numeric
@attribute M63379_at numeric
@attribute M63959_at numeric
@attribute M80254_at numeric
@attribute M84526_at numeric
@attribute M92287_at numeric
@attribute M93056_at numeric
@attribute M96326_rna1_at numeric
@attribute S82470_at numeric
@attribute U05259_rna1_at numeric
@attribute U16954_at numeric
@attribute U46499_at numeric
@attribute U50136_rna1_at numeric
@attribute U57721_at numeric
@attribute U62136_at numeric
@attribute U70063_at numeric
@attribute U79285_at numeric
@attribute U97105_at numeric
@attribute X07743_at numeric
@attribute X17042_at numeric
@attribute X51521_at numeric
@attribute X52056_at numeric
@attribute X59417_at numeric
@attribute X61587_at numeric
@attribute X62320_at numeric
@attribute X62654_rna1_at numeric
@attribute X63469_at numeric
@attribute X66401_cds1_at numeric
@attribute X70297_at numeric
@attribute X74262_at numeric
@attribute X76648_at numeric
@attribute X90858_at numeric
@attribute X95735_at numeric
@attribute X98411_at numeric
@attribute Y07604_at numeric
@attribute Z29067_at numeric
@attribute Z49194_at numeric
@attribute J02783_at numeric
@attribute Z15115_at numeric
@attribute X06182_s_at numeric
@attribute U22376_cds2_s_at numeric
@attribute U05572_s_at numeric
@attribute M32304_s_at numeric
@attribute L09209_s_at numeric
@attribute U89922_s_at numeric
@attribute M12959_s_at numeric
@attribute M13690_s_at numeric
@attribute X64072_s_at numeric
@attribute M28130_rna1_s_at numeric
@attribute Y00787_s_at numeric
@attribute M19508_xpt3_s_at numeric
@attribute M27783_s_at numeric
@attribute M31211_s_at numeric
@attribute M63838_s_at numeric
@attribute M83652_s_at numeric
@attribute M83667_rna1_s_at numeric
@attribute X85116_rna1_s_at numeric
@attribute U49020_cds2_s_at numeric
@attribute X97267_rna1_s_at numeric
@attribute X14008_rna1_f_at numeric
@attribute M31523_at numeric
@attribute X16546_at numeric
@attribute M28170_at numeric
@attribute U29175_at numeric
@attribute CLASS {'ALL','AML'}
@data
82,2558,129,476,2554,198,588,2890,1074,927,4802,100,1948,2893,17348,1627,10954,52,624,-29,811,101,1358,6,511,76,3021,822,5318,1283,3072,2325,286,1121,109,-65,2700,921,368,926,895,252,146,1062,158,516,171,183,432,204,3460,2774,421,3424,667,1074,739,151,1097,186,1184,237,520,307,727,1555,20,-10,488,1920,-4,1118,162,908,540,5003,1585,276,2120,2062,5345,833,-166,435,329,364,322,169,121,1238,2716,898,309,-39,624,'ALL'
114,1909,218,1211,912,4881,82,2810,-53,425,3301,-27,763,731,7070,1544,5364,70,873,-62,584,288,-304,123,6127,71,3780,109,11689,915,935,1132,409,527,-111,-367,5403,483,882,907,5314,27,86,942,116,285,136,490,930,239,392,3637,5,3821,-100,370,352,314,982,467,1051,992,21,693,813,696,-13,166,-66,4261,-15,5467,-542,763,786,-724,2358,244,173,-2,241,996,171,472,799,34,-297,199,605,3947,1143,1644,151,363,743,'ALL'
128,1718,110,820,1019,3383,337,2206,353,529,4524,51,2197,649,9017,1896,2837,151,686,938,1018,395,-86,95,2547,15,3563,409,10308,732,1665,1269,216,1125,139,290,3440,1385,949,1447,5354,331,104,928,243,782,257,498,2097,360,7972,3245,484,5216,918,1242,2028,632,1097,146,1370,1233,216,713,613,755,45,405,1106,3425,12,3469,24,201,968,-4,1985,93,802,138,93,678,315,661,888,218,302,334,606,3324,2917,1322,672,251,626,'ALL'
58,686,33,485,1184,3,200,3881,421,1682,3378,-19,179,1858,6221,2372,16135,-14,302,88,206,58,1168,51,1804,30,4890,264,2647,691,499,1854,279,538,46,-40,3179,-3,910,677,282,439,10,842,106,298,81,264,476,-56,597,2272,-743,4194,321,736,17,181,1134,26,1306,401,-140,247,499,1033,-19,-14,120,1790,33,3309,-216,620,368,1264,887,245,1984,23,215,851,-104,337,490,401,-10,117,46,1710,3300,787,353,74,1157,'ALL'
84,1831,115,734,873,1507,55,3723,102,386,2629,-21,1829,280,4746,613,6067,18,325,-78,655,84,-233,221,1129,48,3330,5,9428,853,764,2735,586,554,-77,-366,3978,488,826,951,5146,-38,105,1066,243,230,67,416,737,85,403,3321,-189,5528,-220,811,245,213,851,275,1339,821,-151,52,904,322,31,-11,1,3810,42,3936,-362,672,344,-1204,478,411,221,107,159,1033,-250,309,641,255,-194,378,988,1488,830,946,114,280,552,'ALL'
107,1057,32,223,2118,1248,121,4072,28,629,2287,116,253,1716,7881,4066,3103,-38,244,-257,-187,251,-247,85,1412,-22,4213,-169,4742,1238,1323,1962,335,608,-214,-656,3293,-142,1302,967,4048,196,104,1668,185,266,173,343,422,61,140,4253,-247,2073,-215,371,281,227,1160,535,655,1012,145,-215,667,1130,-47,524,-46,6153,122,4745,-70,1478,-196,-1054,1061,601,130,-19,455,914,-110,263,878,-100,-320,571,419,2215,1683,1917,122,235,572,'ALL'
0,1239,9,686,3045,41,127,7439,272,2760,4423,88,246,2388,9431,1391,15235,-46,273,-35,1176,155,336,-4,5817,20,7230,320,5522,822,1741,2900,516,1082,94,-231,7324,1240,1337,1052,423,2779,103,966,119,466,-17,321,1661,101,848,8351,-548,7782,691,1002,621,362,663,269,3593,929,99,-223,616,2042,98,-4,2728,3303,53,4081,-445,1184,310,8979,5668,-160,1709,104,445,802,118,978,700,521,-57,-8,272,3420,1965,1440,48,24,1776,'ALL'
1,855,54,721,2118,365,272,4791,367,1722,4220,38,414,913,5092,972,8982,16,144,392,100,167,498,-35,769,45,5052,128,3093,885,1188,1855,288,409,45,-36,2676,254,82,1250,585,550,64,1175,115,280,-16,-70,1002,68,1094,4430,-408,5204,320,711,381,47,916,223,1058,330,265,492,190,1355,43,-26,458,1329,55,1658,-490,1142,260,484,1763,118,414,-35,522,829,344,752,386,-169,19,176,79,723,1781,442,282,-54,756,'ALL'
-1,787,38,551,2520,39,37,4406,88,1587,3408,65,233,2147,6027,780,8630,-3,34,16,164,140,-376,-124,1704,16,3352,-1,4194,680,1870,1471,312,633,40,-152,6134,851,737,872,147,2178,93,626,127,155,95,247,609,62,1343,7186,-504,6541,140,366,373,225,130,203,953,512,-55,-25,282,1264,27,66,2261,2525,41,2853,-145,615,210,1879,2685,99,272,189,1278,761,14,897,330,-276,-233,139,117,703,833,617,215,-16,1972,'ALL'
99,1554,7,198,970,712,306,1379,426,169,2021,63,411,140,15280,2433,1695,191,399,1452,446,287,107,-80,363,70,2290,524,4101,412,1030,1763,298,633,267,41,2056,712,1296,1093,2504,-27,33,747,73,140,89,40,285,474,5252,2951,-159,846,879,362,626,43,725,142,209,90,478,408,602,300,12,44,517,1277,-45,551,-235,889,146,208,1638,227,-99,1855,3684,617,22,334,96,252,-122,530,21,672,4009,474,135,84,219,'ALL'
31,2608,103,550,4856,7509,44,6964,220,719,5470,104,717,556,6183,9811,4765,-4,281,22,196,152,-97,351,1515,-3,4751,-4,7747,548,1482,786,263,991,70,-104,10669,409,160,1075,5075,316,61,706,83,660,21,711,3347,292,2408,4956,495,7743,200,973,712,495,2575,114,1624,827,124,724,324,540,23,530,834,6216,62,4746,-58,875,825,323,822,121,660,3,116,518,20,668,1760,4,-184,182,645,3260,93,1969,111,87,1322,'ALL'
71,1075,72,694,571,26,328,2056,213,859,3623,0,1022,1483,13077,257,3529,14,589,93,1216,145,820,-146,3854,35,2346,1361,3076,1157,892,2337,377,623,136,-140,1912,88,838,553,155,1267,986,864,123,513,106,124,589,34,2525,1806,-298,1756,946,878,800,442,1776,196,2050,679,232,360,1628,145,18,0,301,3382,24,1534,-405,453,513,6109,4194,28,2327,9,94,557,26,265,1156,493,694,452,214,5964,3576,686,236,155,732,'ALL'
46,1291,158,1287,927,5394,128,3688,130,661,7313,50,2320,1505,8506,6270,9000,35,854,333,664,81,76,726,4436,40,3347,132,10614,387,1306,2035,179,1079,135,-198,9211,789,520,1057,5767,241,46,515,70,695,118,543,1576,153,2133,4438,818,7288,408,933,704,522,3898,110,1995,1426,108,938,653,1130,26,443,602,5831,-11,5311,106,751,440,1469,3420,61,983,91,29,444,-16,898,1432,114,-199,304,912,6147,637,2572,159,371,1636,'ALL'
586,1698,117,883,2592,-68,71,3182,323,447,5103,336,942,643,12676,1234,8469,1214,534,1441,1080,286,375,-260,754,20,6633,184,4371,1822,2376,4215,311,2028,184,-158,2360,3786,7,5157,218,82,3107,1837,213,812,154,402,199,1136,1150,3782,400,2455,2127,1647,648,485,1456,199,3139,660,235,926,1551,2084,84,-161,597,3714,2165,7155,-203,852,3755,3471,1300,261,4348,17,282,1894,149,374,1222,78,-91,1263,710,3511,817,989,811,-217,917,'ALL'
28,4297,99,1281,1641,19,-7,2209,-38,252,1752,87,528,669,9783,-135,2091,10,540,184,327,141,22,-32,27,58,2143,35,3990,738,542,711,193,505,10,-76,1316,225,-144,581,3339,142,85,883,339,239,26,102,394,4,1232,3429,-445,1273,463,1017,345,472,1605,180,882,541,20,390,250,547,102,1110,498,1616,-2,1178,-38,59,173,353,1331,147,549,41,136,510,179,516,503,-163,-106,203,209,1654,1631,1186,124,195,453,'ALL'
47,885,43,613,1341,-11,77,3710,117,397,2669,68,-58,813,3729,807,12805,24,9,-36,131,108,425,66,2103,43,4677,-30,4316,803,672,1297,391,469,30,-275,3796,-93,1177,530,870,362,53,731,56,307,72,210,438,30,178,1480,-896,2443,-7,509,85,172,359,260,862,303,127,-108,398,830,60,-123,24,1601,53,3085,-454,351,311,161,1320,210,319,148,146,689,28,376,528,121,-226,417,75,834,1525,590,22,53,1377,'ALL'
151,2362,168,298,932,4110,177,5079,-132,642,4011,25,1603,899,6023,1628,5981,15,515,59,534,102,-205,48,1478,-19,3182,6,14682,803,1235,1343,374,706,209,-263,4093,908,734,1333,5955,158,64,899,91,481,45,476,1604,97,1687,4330,604,3840,445,624,773,494,1189,179,1409,1463,188,222,929,785,39,117,495,6110,9,5815,-122,712,593,-790,2071,214,288,-146,185,944,26,531,853,-183,-133,300,1114,1826,108,1823,292,418,1456,'ALL'
-12,1411,9,231,2274,5119,17,2302,395,295,4293,35,326,223,13278,2790,2425,161,50,135,271,203,-229,18,5653,74,2910,-12,3233,842,933,1371,305,568,13,-203,1689,366,502,1070,5070,-15,83,1171,118,263,41,72,786,610,3711,2358,-138,3878,140,623,245,162,614,202,489,416,117,700,562,541,-31,349,-15,2242,56,1872,-279,272,104,801,339,453,-28,4271,9270,949,1,481,977,-49,-195,559,138,1168,512,553,132,391,404,'ALL'
-20,2099,117,306,3045,7600,78,2106,290,1122,4515,-14,871,759,4718,5455,3323,37,268,196,305,128,66,111,2281,29,2648,56,5779,514,1114,1330,140,802,19,-53,5204,129,29,1408,8219,-28,70,805,119,252,-35,364,1724,55,1750,3872,64,3262,507,759,814,348,2147,231,716,1134,113,433,508,706,45,1529,492,3074,-4,3265,5,278,741,10253,1444,140,209,29,183,602,75,647,736,-65,-142,342,339,4314,441,1909,217,495,1982,'ALL'
-4,1242,12,433,793,3780,137,3307,-39,209,2326,131,546,899,4110,2495,2617,20,483,-93,251,84,34,70,503,31,2818,68,7410,561,-9,2127,433,301,-100,-398,2581,-143,176,979,4184,-23,114,1286,281,333,76,-64,422,-75,291,2065,-1118,1810,-621,331,384,217,608,35,500,477,-161,-674,380,314,48,39,-563,5374,26,2877,-890,388,-15,-1092,898,452,-433,-233,150,1026,154,145,301,-239,-311,7,283,1813,1976,1076,75,219,949,'ALL'
101,1532,214,166,2928,2006,62,4057,38,786,5453,43,1052,837,6288,8700,4142,-48,164,490,-178,168,-65,506,939,91,5308,-2,3005,627,1738,951,403,444,-135,-323,3633,125,627,876,12968,79,91,1122,255,195,77,106,813,77,33,1870,-574,4646,62,282,649,321,1815,299,176,637,178,178,576,702,79,757,-21,4101,48,2037,-328,584,7,1779,753,176,0,335,741,1182,108,475,490,135,-135,41,222,1178,803,1484,284,67,2112,'ALL'
74,1459,234,-23,1057,1803,84,1585,36,994,2295,-7,682,180,3412,4614,1462,46,797,-49,30,244,68,54,502,-40,2364,95,2881,503,708,1008,276,426,45,-524,522,1181,827,1487,1813,36,70,1016,212,144,238,406,566,124,1269,2771,-348,2141,273,1092,671,225,1585,373,490,860,393,105,491,531,219,0,1095,2427,102,1497,-745,1226,360,-377,2941,456,194,166,200,493,169,251,865,1030,-166,286,386,708,480,606,188,437,1323,'ALL'
84,1253,-4,867,1056,3883,226,3367,36,615,2917,23,812,770,4639,1487,4714,48,491,18,597,73,-125,175,7097,-14,2678,111,11962,181,1188,1208,245,432,31,-111,6400,597,699,887,3627,175,45,428,42,291,78,455,1106,56,1183,4422,252,3686,216,505,306,184,1192,6,1258,668,25,252,212,907,17,302,754,4306,17,4240,461,369,565,-392,2380,103,148,150,3,344,383,616,640,-239,-54,411,469,3714,1167,1479,117,84,1033,'ALL'
1,1501,35,376,2947,3110,189,3600,225,233,4595,1,666,273,10245,4357,2208,63,265,989,207,154,250,102,559,-8,2158,99,5451,1565,2274,1107,233,832,179,-124,5358,164,344,522,4750,102,24,64,167,208,105,206,897,258,1045,4818,-244,3090,500,503,586,157,1237,-16,678,539,183,92,342,973,-117,291,872,2003,37,2105,-87,586,911,819,412,273,313,222,1012,1002,1162,362,409,6,-103,2682,207,919,2635,1751,362,-22,826,'ALL'
62,2009,43,586,2011,4059,502,2271,189,853,1776,-28,1687,439,8790,7540,3922,129,223,1213,648,88,-96,874,1144,43,2023,543,4283,1165,951,1502,326,249,26,-120,3598,307,2235,608,3115,36,165,646,19,324,117,218,1156,132,7064,1206,-298,3619,288,999,687,115,1100,122,699,629,182,-52,209,639,-132,509,896,2600,-40,3821,-62,701,216,836,2894,124,1288,-28,93,1242,7110,329,877,-31,326,1745,353,2004,4451,2148,680,420,937,'ALL'
-74,1089,97,560,4824,3939,51,5083,283,773,4192,-11,1916,579,5841,8791,1850,51,252,-60,699,128,502,2189,1695,13,4112,-180,4247,441,1393,1169,263,338,29,-38,5600,62,330,458,11999,845,-87,188,-2,272,-59,541,1294,-151,155,1516,-1,5420,72,364,361,287,2947,-42,1236,800,-37,-152,474,1414,66,892,492,3423,-10,3686,-2,240,289,5345,342,191,-65,109,16,409,157,710,1042,-177,-56,121,348,1934,1529,1955,185,180,1691,'ALL'
18,1826,142,462,2046,6955,86,2621,352,382,3673,-9,564,444,9981,12307,4662,120,87,-146,601,117,78,309,1479,23,2462,-155,6024,309,1062,1551,216,334,-2,-31,7477,100,621,818,4200,121,14,470,32,665,25,236,938,142,1327,2349,53,3770,-298,1034,721,228,2072,-37,555,679,-94,-61,337,1781,34,150,329,2886,-4,2943,80,455,1110,-341,389,168,1918,80,149,493,104,467,1468,48,4847,400,417,2532,310,1275,185,32,479,'ALL'
47,1799,80,368,997,3498,7,2388,72,443,2515,24,931,570,10026,5433,2931,10,173,-30,776,37,49,63,1594,2,1520,-8,5586,385,586,1750,267,613,66,-83,6841,257,173,615,3403,82,-15,591,11,283,-12,477,779,213,283,3234,-124,3972,-4,1416,399,194,1878,98,384,457,50,28,368,346,5,166,446,2955,67,2809,116,436,291,1146,464,213,886,-60,11,437,164,475,586,106,-118,18,281,3331,701,980,174,313,438,'ALL'
302,1065,191,741,1193,1924,105,2425,285,510,3992,54,701,575,6421,7369,3681,163,313,706,367,287,107,105,508,134,3042,203,3250,767,1828,1405,491,588,-29,203,1338,745,851,1281,2559,197,63,1141,77,481,-29,498,481,575,2450,941,336,3198,75,699,506,380,1758,107,1903,546,14,399,287,1271,-52,107,561,2893,39,2805,-142,582,605,147,361,630,579,16,197,811,277,493,777,252,73,678,346,1836,983,1052,111,2,613,'ALL'
-132,1189,128,391,1340,7721,88,2787,121,861,4027,-4,524,763,3219,6603,4813,-2,390,1293,256,390,394,37,6273,45,5423,212,8630,894,417,2622,608,814,-74,-190,4174,76,217,696,9288,-71,92,1390,226,313,-19,443,917,-31,690,3649,-588,5279,-515,762,589,172,2229,165,424,464,-133,-428,562,102,85,353,-569,4020,78,2753,-692,504,-62,1839,1582,307,-17,-309,198,1037,22,356,726,-400,-464,450,274,2114,2081,1467,393,457,1353,'ALL'
112,1370,74,449,554,1465,187,2626,159,421,2673,-19,1031,287,6448,1595,2506,12,217,2269,374,159,359,42,664,64,2374,319,4608,781,1170,768,297,751,32,-77,3375,222,1767,981,1642,19,27,861,112,182,39,339,549,459,2057,1907,277,2833,247,1178,649,269,781,62,723,431,112,878,391,2057,-79,224,441,2219,49,1188,37,352,646,-49,1088,207,818,-69,32,958,2102,439,509,142,-14,359,421,3282,3360,821,511,184,751,'ALL'
-36,1290,2,494,1194,3635,169,3229,61,1359,2420,118,478,1009,5598,4537,3777,54,185,296,239,252,553,875,1060,18,3038,12,7622,669,1246,1815,337,576,43,-2,2417,56,839,947,4941,144,167,973,79,224,30,216,350,-131,1102,1609,-33,648,90,543,391,221,862,270,834,502,56,162,561,198,-18,319,84,2603,149,2075,-339,296,417,929,857,95,33,74,25,1151,991,190,824,-226,-23,401,314,2989,1977,1297,455,620,1127,'ALL'
76,2582,205,691,2821,8205,406,2620,-30,739,2724,43,1019,310,6456,7480,5104,38,147,2681,343,122,180,165,376,109,2714,244,5452,261,1769,2577,332,856,78,-33,7867,569,2724,752,2282,127,38,571,167,170,-35,556,640,218,4509,2503,579,4913,241,899,508,30,2432,15,818,754,104,373,444,683,20,393,688,3739,-119,4961,208,630,338,-78,366,160,648,-15,-104,848,8693,592,1156,147,43,378,231,3983,3764,1087,610,231,846,'ALL'
290,4034,145,734,2045,7873,204,4787,89,1226,6682,142,908,1235,8556,5653,9487,128,462,87,1021,74,163,2,1968,17,3691,301,11146,859,1618,1576,240,934,218,115,6203,3077,575,1516,6101,212,1,1049,115,592,135,719,2357,628,2282,5318,406,6609,507,958,1269,400,2009,-54,1700,1690,34,1931,646,641,5,425,1064,5549,52,8402,-97,370,1053,-393,503,126,504,245,257,740,43,580,1106,338,-117,1763,1532,3650,2068,3923,318,67,1088,'ALL'
163,2195,84,545,1994,6504,178,5499,326,765,6179,88,1548,1284,11688,4830,5149,57,505,777,456,252,-166,193,5448,-15,1700,131,10196,623,1760,2065,204,1158,236,16,9155,1102,271,721,4634,195,34,1496,116,693,71,742,1767,568,2128,6247,266,6622,1086,1279,1935,599,2049,102,808,1211,66,395,648,981,-13,453,777,5098,23,5032,56,514,799,5325,5009,532,1619,68,151,1060,464,573,1417,358,-110,316,592,8399,969,1794,229,155,1187,'ALL'
61,802,12,440,1016,3302,117,1768,153,344,2134,-1,765,853,6574,1644,3765,21,426,917,631,111,239,122,1169,38,1229,139,6205,360,1025,1243,247,366,4,-321,1814,126,703,736,4896,-3,43,682,71,208,117,157,293,69,348,1896,-102,2962,140,361,434,213,770,20,490,533,-159,43,301,945,-21,615,49,2490,32,2178,-61,238,210,3649,3688,241,700,154,236,631,628,348,826,142,-148,167,114,5598,2052,1277,162,266,1002,'ALL'
-1,1618,105,113,2188,310,101,2097,371,1164,4550,65,984,1213,8020,1671,1826,3,190,-139,182,130,-39,43,2810,35,822,117,3753,310,1494,1297,229,792,157,-28,1608,172,623,901,4317,79,-2,931,84,199,-36,87,915,193,1128,1924,3,1076,378,681,661,232,911,116,149,471,422,509,410,435,0,404,131,1427,34,306,11,141,187,7970,2630,133,1441,1036,2525,678,72,218,352,-128,-47,183,213,1789,876,828,249,142,1504,'ALL'
50,1823,146,78,4227,2047,26,5088,355,894,4345,166,1247,586,8259,1327,2694,-22,406,311,265,230,453,190,2486,31,4559,226,6570,665,2122,558,235,811,-27,-21,2420,231,185,1243,6517,267,94,1029,137,214,125,134,1757,173,1357,3837,-130,3102,1247,417,1339,262,767,159,583,986,234,417,334,993,51,838,551,3263,25,1374,83,345,435,3015,2636,241,439,125,257,839,154,493,457,-189,279,474,127,746,343,1361,193,119,1926,'ALL'
72,1242,297,279,450,168,262,2194,2972,102,2857,114,708,449,16705,-252,2493,119,679,429,866,316,1073,-64,485,312,2176,301,3768,1929,2702,4214,381,816,373,-21,1283,940,548,1959,-2,178,208,1641,264,149,108,-14,84,754,7858,2345,225,1203,531,1582,1121,28,596,346,596,214,308,2224,966,2497,39,-54,79,1238,567,794,-635,626,1355,-379,569,1162,1316,10476,15202,1493,303,300,383,1179,1696,2274,102,739,1953,353,226,-64,429,'AML'
209,646,190,277,383,59,1567,460,1017,237,2695,141,3218,65,11012,297,487,110,1305,2204,1092,555,6962,2,185,115,1486,591,947,1647,1736,2558,255,1236,550,6569,1525,2422,19615,1218,412,-31,1049,2545,157,213,227,-29,143,431,8859,792,1359,1561,2128,1582,1755,178,370,2328,309,514,412,3348,455,1423,-34,-38,1939,967,651,1312,406,717,2219,-555,241,171,1964,1653,3104,711,10778,237,101,868,827,2195,74,574,4063,279,1561,35,314,'AML'
483,981,326,136,982,51,9600,1874,3369,238,3532,466,5609,172,18372,412,769,367,2694,353,4079,1130,14555,-57,281,712,730,4073,4576,2112,3553,8793,8769,5464,425,7372,811,2364,9994,1862,343,-60,1304,3818,415,187,913,-88,336,2733,11003,2580,2147,1628,2240,11369,7589,12,558,749,313,147,3705,6218,816,1140,52,-73,5140,1365,-52,485,1756,2450,4607,-767,600,428,7616,2971,6506,679,2236,100,68,1537,1036,478,53,-140,6612,250,989,-139,208,'AML'
364,1276,197,321,1321,170,894,767,230,57,2626,164,1098,239,12276,385,1614,130,1028,11205,2179,1338,7238,-61,444,91,3719,889,2584,1555,3255,4630,659,2088,82,4833,1032,1315,7791,2925,272,-119,2087,2943,218,156,-52,-22,151,1094,5849,1001,651,1784,1009,2094,1888,115,570,702,275,159,353,1548,860,1990,126,-79,1052,1568,125,408,519,1636,1017,112,286,344,4036,688,2096,2650,1084,192,-43,1675,-124,983,11,788,7821,381,1004,-5,385,'AML'
159,1464,259,283,518,146,347,2856,861,628,3186,131,2322,683,19173,1284,4148,303,2680,209,1571,774,12339,18,438,174,1985,2058,6414,1514,4249,7373,480,812,619,141,1024,925,976,3869,306,-69,167,2535,233,196,678,167,1309,459,3259,2039,595,1214,549,2598,1696,136,720,522,311,165,457,3297,1300,977,193,-49,267,1843,6,1047,-296,1206,2212,966,737,1084,3776,7108,12715,1031,375,339,216,657,522,1017,190,2009,5778,671,454,-49,688,'AML'
380,932,355,226,1276,114,728,624,80,206,1751,348,2548,12,12406,454,911,305,1674,6960,2501,1450,1537,-162,517,198,1647,714,1467,1811,3236,5587,1896,1401,59,4830,498,2365,13464,2775,711,-142,2139,2402,163,80,263,91,100,748,8518,989,953,782,1112,1561,1907,181,358,677,279,110,279,2947,1111,1604,170,-83,1342,2271,208,1126,387,1118,1192,-580,819,1134,2506,3693,8054,1555,1749,153,144,1338,-23,727,31,270,4192,299,714,-11,454,'AML'
139,692,295,-4,634,33,853,680,149,-16,1928,62,194,218,7855,2,2551,238,735,15791,1885,781,1481,-24,459,-7,2195,351,1639,1406,1125,3909,555,533,72,-312,165,560,1233,1752,654,-108,1185,2137,331,108,315,60,84,218,3628,1009,31,490,622,894,743,74,379,670,336,209,221,1050,966,2262,62,-16,509,1082,673,880,-175,1108,1243,-1026,399,389,1221,-45,216,2053,216,19,120,565,302,1639,24,1084,2327,389,423,67,391,'AML'
536,1008,283,410,1023,21,7109,1031,2670,-92,2747,360,7867,8,24521,455,1297,220,2727,2005,3927,970,17863,-88,268,1851,1885,5095,2040,1707,4647,12358,1037,2562,692,4573,1309,2310,7955,1282,-14,-106,2046,3965,268,132,741,-2,551,4004,10603,1444,2910,1648,2801,14198,4797,202,705,517,194,358,1748,4863,1710,1506,216,21,3070,2007,124,473,1191,2892,5814,-1395,645,293,7884,11517,17022,1575,371,88,251,2892,3890,1096,82,-723,15761,126,2776,-47,412,'AML'
154,1150,311,185,724,130,3844,1687,2327,87,2436,211,2210,-80,21277,297,753,67,2399,1003,1916,408,13296,-93,607,451,1359,2244,2840,2072,3808,7125,1586,1266,672,6759,852,1178,9933,1036,218,2,753,2539,542,171,137,-70,115,683,8479,1199,1500,528,812,5692,3199,4,308,342,130,254,2575,2612,968,2099,-63,-129,1649,802,-8,186,544,1271,2930,-923,556,378,4401,12979,19361,1184,1586,139,573,157,2921,3397,6,183,13087,190,1897,-21,393,'AML'
41,1054,70,118,868,-4,1507,1367,460,71,1302,139,635,201,20124,166,2708,-13,784,5702,456,275,1661,-51,448,260,1291,32,3589,1753,3594,2275,520,934,307,1569,1484,222,2676,1653,251,72,577,2286,132,242,119,-243,204,536,1285,1460,-324,99,756,770,1015,-25,198,475,51,550,359,1671,699,1504,109,-126,1051,939,158,680,-255,1887,1060,-633,653,392,140,5072,10043,1732,727,75,59,-245,153,4465,71,664,1663,275,162,-18,286,'AML'
287,1500,346,164,974,-45,3871,815,1406,135,2544,129,2728,578,20576,120,1243,181,2735,9138,1959,928,11686,15,396,398,1079,1620,3281,1895,3427,6223,7759,1821,440,6595,1451,2518,11036,2257,-160,27,1582,2442,332,164,200,-43,52,2299,7281,1150,2782,1683,3266,3857,2730,5,371,753,148,176,1380,5814,1228,1668,185,-38,1046,1456,45,1238,316,2437,3223,-441,427,527,4880,9620,13144,3818,607,70,161,633,1104,1846,73,348,6808,197,1238,110,190,'AML'
221,742,211,209,798,46,995,522,581,48,1975,187,1693,446,15497,74,1319,112,2089,10171,1617,593,2745,-18,416,291,1140,237,1844,1339,2120,2815,5849,1723,826,9851,583,1393,17279,2785,382,-253,1269,2335,166,201,207,-347,44,788,6957,1088,788,764,1412,2397,1675,-2,128,915,148,168,613,2335,856,1424,122,-44,1230,1142,255,376,490,1381,1518,-794,422,728,2339,19878,20459,3049,5949,64,66,852,-130,1512,36,372,4980,110,1957,44,382,'AML'
299,830,109,131,289,14,9433,649,4326,294,2753,229,10615,455,23869,1,1027,250,1744,747,3432,1533,17846,-109,180,2,775,10274,3379,801,3266,13422,673,2080,-30,7213,1342,1636,1676,2032,460,35,892,541,632,120,1287,20,612,313,6371,1599,1902,1439,4199,5308,2783,65,1048,-26,401,495,1166,2007,1022,1488,53,17,2332,995,66,407,1178,1558,3016,-642,258,243,3180,10,593,431,150,248,144,3599,2936,1063,41,651,15202,139,1629,-27,250,'AML'
654,578,204,335,2045,141,2241,690,1123,352,2936,277,4969,269,1613,-218,648,525,855,22222,1385,629,10737,-38,377,168,3085,1289,4525,1811,2860,6179,1153,2300,205,4366,626,2110,15196,2110,155,-3,643,1083,183,288,216,275,1130,589,7248,1735,495,1629,2269,1872,2157,258,653,279,784,310,221,4403,1357,2433,194,-10,1724,1463,-4,2685,275,971,5704,-522,-20,148,2537,155,20,3491,21946,575,846,1392,2085,1834,93,1016,1867,282,770,1,578,'AML'
226,552,96,326,813,55,2010,397,609,21,1562,159,3451,21,14092,51,1004,526,444,9986,1880,827,3168,-74,60,88,1428,890,1012,1147,1662,5971,854,1100,39,10120,851,1912,28647,1222,174,-108,1267,721,106,131,188,55,51,428,8964,438,593,469,1079,2547,1077,64,381,192,330,222,-23,2287,764,2812,133,-56,990,1582,214,2295,589,758,2458,-288,493,340,3313,-58,127,2450,14957,21,239,37,656,442,110,149,2114,196,1578,-100,398,'AML'
213,565,151,238,995,86,1483,1696,933,151,2664,126,2599,37,19612,80,1845,200,1020,14230,222,646,14193,-179,145,37,1530,2021,-40,1656,1489,3913,636,936,105,5903,751,1236,2571,1749,698,-37,1480,2392,386,194,343,18,618,525,3653,998,1307,420,615,3239,1335,86,1149,346,105,287,343,2871,726,1604,40,-15,250,1072,228,562,556,1060,1724,-272,763,380,3644,661,2132,2101,2262,173,367,1987,1567,370,383,1394,11007,268,945,-95,151,'AML'
227,1198,175,95,1283,67,140,2704,405,288,836,151,645,218,17887,221,1636,210,489,28390,1850,526,123,-60,281,526,1842,296,3946,1263,2600,2776,394,1046,97,2130,754,2069,2297,4562,325,-88,3166,1023,231,140,71,266,281,652,975,1842,658,1012,1915,1116,1590,58,266,171,301,23,-28,3186,652,2492,71,-80,1218,1153,147,934,-36,1064,1705,-1263,609,600,264,5864,13968,8921,3420,201,156,537,600,834,134,1586,3017,446,145,-175,485,'AML'
819,1397,250,318,1169,192,7807,1427,4395,5,3285,256,7864,233,21048,106,1562,351,2686,5895,2444,1883,19680,-81,558,523,1716,8485,2686,1476,4514,6215,609,1690,-37,7924,1152,993,2270,1350,351,-183,2767,2502,1408,391,1627,158,3044,1318,5178,2122,3654,1453,3418,9980,1756,544,1133,443,810,1018,488,5949,3392,1126,212,-71,1161,1598,59,537,942,1926,6008,-132,737,388,10265,2931,9612,1409,2203,74,1109,6155,10653,867,450,-467,7392,253,1083,-39,745,'AML'
124,1632,455,325,1379,208,658,680,295,195,1740,54,539,309,6316,-27,8883,528,1499,3917,2719,2204,3293,-384,710,-10,1661,195,761,3220,2803,11451,1756,1371,-127,2705,227,4985,2914,4695,1070,-257,1415,3190,696,92,441,333,162,1130,6311,1594,1979,986,2133,734,932,130,487,1504,544,249,997,4174,1992,1350,233,-233,856,3494,645,3201,184,1740,1819,-843,458,658,2076,73,2667,1615,284,51,170,1089,-94,778,328,-672,891,450,664,113,878,'AML'
203,764,218,156,628,-84,1347,1478,431,220,2440,116,3152,-14,22494,-170,2583,230,716,17371,1023,560,12735,-181,351,66,1856,807,227,610,2631,2172,505,908,96,4667,456,2372,4561,1980,301,71,1550,2349,309,95,-116,43,308,339,5086,2001,243,614,1474,2052,1762,105,540,407,215,43,577,2194,540,1439,162,13,1208,1084,55,427,499,678,1717,-811,531,628,1889,2964,7229,908,3911,198,231,1336,6927,1343,40,1357,2906,375,564,-97,588,'AML'
36,678,65,349,306,215,106,819,180,230,1832,36,849,408,8252,249,1056,60,460,228,447,341,2103,6,399,73,1306,365,1221,749,960,1775,502,925,332,-189,836,1012,380,343,623,-30,163,775,375,210,523,-17,167,41,3340,1177,-171,2284,549,547,1397,217,452,139,1082,228,241,543,608,2340,110,10,2164,2175,252,834,15,219,1095,241,378,630,1206,130,621,310,117,226,236,562,26,715,82,997,945,528,86,-119,669,'AML'
