@relation it16
@attribute D38751_at numeric
@attribute D55716_at numeric
@attribute D79987_at numeric
@attribute D80008_at numeric
@attribute HG1980-HT2023_at numeric
@attribute HG2874-HT3018_at numeric
@attribute HG4074-HT4344_at numeric
@attribute J02645_at numeric
@attribute J04031_at numeric
@attribute L25876_at numeric
@attribute L36720_at numeric
@attribute L41680_at numeric
@attribute M12963_s_at numeric
@attribute M13792_at numeric
@attribute M57710_at numeric
@attribute M63138_at numeric
@attribute M63835_at numeric
@attribute M96684_at numeric
@attribute U19495_s_at numeric
@attribute U25826_at numeric
@attribute U37426_at numeric
@attribute U63743_at numeric
@attribute U73304_rna1_at numeric
@attribute U73379_at numeric
@attribute V00594_at numeric
@attribute V00594_s_at numeric
@attribute X02544_at numeric
@attribute X03934_at numeric
@attribute X13293_at numeric
@attribute X52142_at numeric
@attribute X62078_at numeric
@attribute X64177_f_at numeric
@attribute X65550_at numeric
@attribute X69433_at numeric
@attribute X76534_at numeric
@attribute ydlbcl {'0','1'}
@data
1133.53450863732,1471.22845818801,1189.87500851593,423.689566463443,2895.72051656449,1048.99127170747,999.94526606544,1235.93468530765,560.806648637224,544.563143046031,862.896424451477,538.608528032097,1093.43195702508,1628.66309313554,960.617589345436,2899.42812080058,776.633929091022,1610.2309604086,704.699434811805,904.767668572884,417.563998401834,1334.43185396419,474.646287296161,1317.07055575286,2993.17386657565,2425.16612558146,845.369213296447,2140.08484362044,1642.9227594863,511.300436518909,1400.17059298633,2293.2847148027,808.70575686809,965.267233019332,395.909071015075,'0'
1346.73680979404,1354.55907897276,1220.95825773329,489.284730994147,3017.92978542282,988.493177394582,1038.11474007494,1268.75202236187,746.209879024492,514.575851046345,1345.31474060148,587.21489584098,756.505971116627,2056.57102798802,1117.92566230711,3593.76049634871,727.40908955849,1254.32369834428,414.805671862552,986.337359040827,407.003337555832,1706.42927966492,421.395636324689,1411.71299949159,3150.24711715793,2714.10014913185,758.662143530737,1852.10687058708,1704.28664612709,501.139630771398,1320.89649362307,2556.36148240044,800.580098202111,998.828500753636,496.309101043172,'0'
1424.67224785896,2420.29122318679,1418.931726034,589.41467721443,5468.66090166936,1170.20643218421,1209.21917355245,1796.47952503859,792.541972372937,699.427871084525,1081.41164770919,837.251330974883,852.078061938719,2816.32277647838,2120.53456944384,4963.66910397595,672.87344522413,2280.19450396964,687.41269225562,1053.51006546497,471.193046288608,1282.69887770848,445.292767988506,1765.07023521315,4253.51777256957,5273.53595506854,655.110764101899,2125.47765172803,1815.1064413635,517.77254882784,2113.27858553755,3417.57584322362,765.158123330508,1140.40959189066,896.169426464277,'0'
1121.6079328254,1422.40034980171,1244.52182709408,446.366831596465,3863.72609716433,1098.4149481577,1106.65688271796,1307.71347217176,694.709473182911,657.65559971561,1125.94702059807,545.826346761821,693.223596723417,1784.69623301769,2320.82943142608,4119.2298560565,722.867329272661,1248.95088799087,478.254477718807,917.5678891904,376.581894656921,1579.10061008161,397.931628676787,1299.9434188277,3113.62058603469,4090.53149531476,651.098275492304,1683.56587142207,1834.67975478919,422.396254269656,1302.70394559568,2981.74488758496,727.537172499772,961.966161007053,607.082578234856,'0'
1268.47896726043,1859.6114444098,1141.42563333553,534.407162161589,3388.90615960821,1128.87775344048,901.447029013334,1451.69562228544,782.62384585194,547.52448588056,1081.07034796438,671.022068021173,1344.48661084139,1742.224728198,1757.89843080867,5846.78607815434,751.8623061923,1561.32120804417,1229.2130818279,900.315274839688,411.000909899036,1415.48745895367,435.730638545803,1315.97921155623,3131.85910850311,3501.7486676818,745.4614747581,2926.4158538026,1810.26207642451,504.974676510998,1561.63704670076,2735.58492170959,701.57490737608,1131.69631274001,1005.02505958063,'0'
823.444523641131,874.570640448494,836.629521451062,503.65652623065,2858.72960675764,860.974037211362,977.802439586754,855.287297166439,635.902483259296,502.479271999395,1091.95055922305,558.830111779046,519.649552246128,1321.87524669899,791.145180168386,1651.94744367628,602.286383631407,919.078790668584,429.026610925488,789.769244293747,546.76577019092,956.151534329445,450.901295705609,1046.74900840163,3558.29064777711,2983.52797594372,676.30464097883,1309.30870684622,1924.38059098862,464.741367455583,1032.66148575631,1678.80942296657,752.690129747146,653.970961431047,526.979317728972,'0'
964.033670851843,2034.88859096405,1423.44596171465,602.232179500359,5000.50779925912,932.406975392464,1303.83926159077,1461.93830962289,1039.2312901054,637.388192054565,1341.11508356872,520.977705934232,963.106544922011,3205.92446512575,2022.80909913898,3791.18785205581,647.569292572396,1482.26904931131,1307.51614656929,924.241462392024,499.195074130159,1112.03035835839,576.622710191842,1592.23198487294,2715.42621460682,8159.36630040403,811.442437401009,3426.85817848396,1797.43324024165,579.91586943047,2446.44239247989,2223.28740237595,722.118303007228,1400.22026156419,912.365897350817,'0'
1041.78041603337,1214.32439891198,1090.84797493955,467.357135417103,3333.67738797257,908.19874953538,861.582101667195,1109.12708503468,676.83314298876,507.093115773134,1047.45670779062,510.653233026545,1195.86041618772,1651.23084070665,1401.25398829046,3574.7516975469,661.495338587186,1542.97364659352,786.531781560888,749.68008984411,423.642729374776,1403.81874129007,465.803341162236,1335.8749171587,3500.82885582203,3141.39969575676,706.780031340479,2257.75699838541,1796.6176856095,441.113661285092,1514.76411725881,2272.96916941022,870.233887291897,898.805612301306,599.097029434938,'0'
1473.39936062631,2606.93103136198,1368.43143180974,534.085909572094,4359.56165932601,1570.67232267123,1409.14471962434,2093.16821579759,1128.83812794247,699.615156668677,1507.24321828638,729.421974289118,1461.36335966969,2533.28187144092,2946.64990506603,6788.77326543713,723.98247418452,2465.36822552451,1291.663122173,1059.6523954043,441.089887625399,1481.01217011023,720.69027199464,1696.46344546662,4238.6150290071,4992.26891707254,847.34360120352,5043.40407295888,2126.37471272563,436.585696817539,2180.34723460739,2963.11990946898,559.376850723077,1585.19671722457,870.34518619648,'0'
914.380558631135,1697.99972695814,998.092338278104,480.46311555064,3207.26478395809,1092.67400848022,1121.20507403179,1271.67738645223,668.473664830831,604.751416831534,1088.4107919438,612.814299138424,1592.35290103205,2318.04536132294,1745.19625593204,3723.250184171,745.521018458141,1164.88934017314,1402.97911742924,856.980742603354,443.931511027146,981.591390771998,439.733972619365,1499.90614570775,2453.98795797825,3903.92534687277,736.937649191398,3168.70270870771,2387.63954978008,512.550820695007,1591.14048437622,2543.33230299771,673.025255181441,1103.30396180628,682.183022345455,'0'
1133.44687642321,2124.12304840381,1702.1021900266,553.130561438249,5952.79619554868,1567.46986805822,1534.31644314726,1601.51971504372,1096.18449151893,891.961583176243,1340.37100736766,786.016032165172,1544.51600346619,2043.18325726562,2863.42954621611,5991.76443289986,672.789005633339,1928.57743021828,1036.20010396002,1265.69195308056,602.856612361388,1329.86210585095,590.2464812067,2267.91406610517,2902.49795698849,3839.89934360945,728.253974269143,3460.87597766516,2778.55880338455,704.511725953069,2566.61214658403,2586.78984123078,707.850176971939,1397.7970297676,2051.71023608118,'0'
1071.43393518564,2029.16882517568,1238.27154990801,595.300300049058,5124.16416008904,1300.50748722926,1369.14357139329,1876.82513370086,955.252817109442,792.599338856954,1349.84325770895,749.896374519956,1095.12737284081,2981.31821359668,3165.97692731507,3341.46396030995,734.66245651043,1776.98009503607,1044.72605946723,985.402840447419,412.289514282668,1282.23145391198,821.021094750229,1718.48387973383,3079.47965004462,2407.17660846028,697.629462782475,4172.60415673242,2003.0611122069,560.179834009725,1770.95270834852,2575.27760901906,722.840590391597,1142.77771407272,904.782781007362,'0'
1575.91349256165,2280.86758838395,1419.61924484097,555.443582834378,3050.12597216062,1189.62842470416,1244.22708090469,1475.40037769842,794.476572537692,680.188635180926,1205.27219890769,1518.18703464757,2212.49670888438,2716.79217755053,2237.44056659432,4782.23978514869,829.527089989026,2099.40117257241,1001.08311763193,1036.07200202681,394.30369741336,1358.87105165827,535.761991131563,1175.91728257119,2873.88159244542,4513.46695375621,677.946916968173,3755.23477041862,1889.18401639607,611.615067372318,1880.93257732053,2602.70586626555,725.931188396909,1202.40036395457,1029.45261633161,'0'
1133.65555482536,2042.45048933364,1184.35320871135,494.570681026912,3057.34588554173,1121.84798075052,1123.40177450999,1457.49882075912,765.66301091507,602.47464170522,1172.15337841615,656.53309794996,5672.21693393287,1894.61606528824,2860.41544655112,3756.08750673104,762.425345095202,2047.98136938703,1547.41378558606,1383.58422666774,339.476649535949,1189.51872281174,463.100761491803,1343.39002911529,3380.86497054135,5537.16542951957,750.744985863318,2866.82527472775,1622.81955409371,500.992201851661,1742.37725703817,2454.81242992477,694.400107031694,1127.32039704117,863.167594125996,'0'
1188.73719845828,2432.83612994181,1196.80002808264,543.833731710535,4270.9112677587,1190.71692201174,1089.91753044762,1534.31370578964,650.721592373894,838.212959005344,1261.0238151092,530.516816754221,1047.67978064859,3342.03676277766,2090.55250793815,4525.14014821304,787.811843465667,1813.42684205387,665.765361352782,896.629273712156,458.445666074268,1561.90547012954,830.018193344521,1602.61792494947,2363.21693961737,5235.92543042891,641.441694934328,3048.57987954673,2225.75837749194,490.636565099122,2244.08383907686,2924.83295170353,741.2398755726,1201.57379773687,775.272341266627,'0'
1469.37230051756,2847.30535323395,1832.97741433427,1022.64605018009,13526.6968581369,1789.03174832556,2207.17942947289,1857.08461934859,1820.83112089853,809.313450406403,2471.89919603097,486.90440603739,572.814143670872,4755.89479865248,16000,15154.8397124709,2417.63779340294,1155.13392463623,675.792023077311,1060.68839520729,601.538564184687,1737.08782685319,449.577606305579,3554.86293728671,15256.3882108867,16000,9835.44291232448,2396.69310399755,3435.54567858893,728.980813003441,5268.46910453619,16000,1238.01088963545,3434.93049557897,6293.54280669833,'1'
1824.07535624009,2182.98221249611,1959.96535715324,843.55841287919,13692.6538635398,1733.55868906883,2085.15579055594,1572.14951839457,1354.03167232263,721.321091770702,1977.71283988255,460.745914714135,909.419929186637,2920.30924515375,3308.91020532755,6441.45965336593,766.122475522565,1194.73111179575,480.584209368357,990.096008483398,564.0264717849,1929.80618490898,659.22988742397,1945.11953485126,5185.45704889552,5297.34321846092,802.799728664104,1563.52253540175,2746.72332154963,617.304135583906,3613.6986753001,2782.34051246459,923.67736345969,1650.62491390033,797.039084860767,'1'
1929.41488412789,5796.34568934651,3054.95870160928,1273.96371418114,16000,2365.64514619694,5159.76210585979,2609.52163610277,2343.62070824277,2500.06336028497,1923.12879533623,448.516442272456,700.326615383793,8079.12160094249,9408.47055716781,16000,1743.20306606105,2148.40729988013,512.937287376769,1228.80885656712,1859.65545186499,3264.35167529142,441.847086251686,5283.80298524555,7964.63820074982,16000,5509.12131078516,2299.6813317408,6019.8396907889,1161.09938670831,5843.04206906082,3337.88522099545,1940.08838571109,3067.66867932166,6933.96675283516,'1'
1579.28798312427,3753.15770105698,1632.5428445914,572.190557072684,6809.50285874666,1358.30609715493,1453.13380815673,2059.64230199384,1206.51088585312,805.98554780714,1619.38371084635,521.387139535093,607.928274422852,2490.08306768068,3491.2647703375,8480.86241584223,1958.43837413386,1320.50619399305,424.974730130643,1199.70132685042,513.74544547045,1543.02417162405,290.47969029375,1894.20306709877,7775.68660556186,16000,736.384049606619,2366.93881516318,2278.08170300655,619.722002024302,2915.35277416485,3925.1553846146,1020.16935994294,1633.30275362677,1123.13528522356,'1'
1382.66035670527,2128.66764937819,1353.26981222517,505.762971401896,4895.33827841274,1518.14231334452,1446.0687622946,1722.89006570761,735.785000981977,678.215158633595,1029.24259370468,560.840258842864,863.212619190295,2728.48974925306,2391.94370061891,6077.1323665113,984.71756312954,1118.83765517077,575.070665633698,1162.50164771479,419.727957262028,1345.76166150963,251.088852209428,1574.15911897323,3577.56595177472,2347.30526600221,912.909925860562,1887.2463427977,2224.59785548194,657.069220327704,2193.52673464601,2444.93314832352,819.01211607072,1832.51330505357,1209.71657630186,'1'
1900.97462041491,6206.64861981263,2280.53767698742,1373.21514619075,16000,2614.49138674922,3868.21086207033,2383.66374113867,1301.97682009147,1508.36627838261,1930.09423492868,523.798412729266,871.998448885403,3805.43021485002,9977.28359787452,11825.4801543365,768.577676035625,1581.49706751576,444.765375624685,1264.60718602556,1053.39603523706,2270.47029722572,377.95020063925,4418.11622121383,4418.72286107686,10754.4597791646,712.817321732967,1559.39998352715,4114.99438880292,1127.99129508775,2694.18380753422,2778.75371819585,900.285905666139,2415.71470171468,3314.538838874,'1'
1574.21616538485,3355.84981769224,2054.08439295094,735.455672564303,7951.47063523838,1897.26414482715,1807.35499862099,2157.90338170929,1301.40640979702,1115.09330887457,1351.11396431663,533.758238831606,718.725036695744,3714.20490691204,2682.19595147669,7998.52648289086,743.787024894653,1387.72476426251,508.296948988327,1275.02434928078,617.59935835198,2372.26776141975,364.834607030809,3666.81340451219,8157.89384075785,3427.1287089205,768.225138925228,2293.26254330852,3323.77094207676,609.49914937481,2545.30060073515,3752.68010192348,718.871749424683,1794.11078336279,1230.33260332457,'1'
1450.67955219789,4175.87710157483,2224.8762087707,732.785829586787,14781.4053077062,1689.32168564245,1952.59120738581,1870.72917728027,1178.35932478488,1156.93874742993,1511.66808201757,664.426654056105,649.711452437344,10772.9779485559,3853.50210312919,7600.02952062118,631.872386939079,1248.98692295021,384.865146620569,1059.49341516539,690.456665885085,2282.78522814666,367.713774735209,3833.18707756876,5638.47819504596,8215.55556501771,685.134683905494,1439.98404648684,4962.30541051691,839.856343723888,2233.61385885136,2773.55972267009,1168.39307030276,1393.86031839976,1004.00221873561,'1'
1418.60437843783,3017.63415232247,2013.5032511408,1041.41283449402,12417.1757306268,2076.63848950918,2387.27748150668,1875.15432272058,1463.75571871402,818.052378724089,2648.38297032551,507.763454891522,709.051972845494,3854.10059812721,9802.51629025777,12976.6810892652,2522.5364332422,1553.40101799194,740.213308312939,1076.50449330428,577.1583393523,1945.7754212133,426.162547935181,2731.60754861621,11350.5082735832,16000,6715.3234018614,1912.49482690228,2412.43596622678,710.878832656555,3923.69162897595,11338.8870277408,1037.56419619957,3073.53864723765,3495.23590665432,'1'
1473.75778807443,2583.43646367163,1497.63332304284,708.479401645846,5576.51012157834,1952.37445307657,2533.90251221072,2098.68123799874,1228.14847131426,1086.58215247357,1839.80258162771,486.809966666768,766.595707177836,6285.26426986034,6300.18260381353,6521.4161497638,768.819656827802,1296.79398522563,438.974969592901,1094.95897547721,597.593192184931,1520.38917198532,559.865580057991,2312.95387595493,7271.25902276279,15146.096176176,977.852971045338,1755.92423425875,2371.2169643704,567.199664112073,2899.63546360482,3456.78243093145,812.069034557196,1508.00416169276,2202.49604410942,'1'
1183.75631104718,1900.14542872956,1437.05126441998,549.360862101315,4440.10780544618,1212.26377151992,1098.01269627619,1419.1468702489,1388.56903183518,707.65152566111,1299.37726449935,608.753398038573,687.872761265052,2346.93827805057,1769.74930730537,5922.90647769192,829.744767929147,891.311945544858,382.011758232735,962.678374764016,480.514948495942,1378.63599642815,377.073175685298,1659.28424957557,2157.5611296702,2579.24598959216,871.417460113151,1573.71299294505,2233.34245297723,558.477901017333,1881.43863875207,2643.03688984547,787.247040776727,1312.81282510494,1000.89680439165,'1'
1623.12486982951,2771.71795148544,1743.01649516785,1476.08459583285,13561.0933555673,7391.58246507089,4798.53551273803,3872.8723255347,806.889158154495,2565.406468274,1909.34570534772,545.565881470097,739.454049880676,3470.93022764487,2800.04831213132,5357.56597108609,773.848340506875,1696.70302304008,520.760726954543,1230.70185504728,906.767816138338,2139.81529890191,410.630711199626,3467.86874313244,3479.59585938839,3732.22239861703,804.761038124405,3238.36107862531,3404.99516968439,747.450431591295,3489.36741992451,2495.17481761967,1009.05819064767,1630.09830203968,2845.25064528366,'1'
1418.50587817951,3290.13344237,2032.98791325391,727.560974836955,9497.92438545762,1630.50441512226,1991.33080691601,2068.8512207661,1283.12168506184,855.023349188408,1729.19449980268,504.05061898389,599.370054957563,3386.4616970076,2749.87862472256,5537.13519989795,807.764055113846,1332.14906998939,590.278420983241,1555.05655333934,707.01690287398,1979.81084705382,1153.55792630928,2678.20225863748,4579.34396589096,5102.64287932365,1008.38709711692,2026.64822615135,3615.96961146236,710.667548703196,3875.12717579288,3066.01908416771,850.225255391711,1567.17583865693,1245.09236310022,'1'
1412.88268772611,2473.50178464523,1821.21142757305,763.954150065733,6067.47218509887,1515.94060115184,1836.71210606058,2065.08224555382,1422.16668050683,745.080286712187,2142.24334049666,509.114180619952,652.824907793077,3771.20658543107,7666.79866248456,10200.9286701906,1472.21859965395,1283.695464033,891.414762823117,1059.51396167568,595.322928464366,1931.80812543551,345.507463736436,4093.58202230865,8540.62125330664,14834.4199269326,797.647910083968,2766.36114501058,2547.28785097562,816.233255180545,3627.94835035905,3896.48904190909,820.246687520669,1538.54341256842,2648.32297088618,'1'
1404.78728939222,1525.35383568834,1522.72420678335,644.196327787851,3695.1646487617,1617.74373186973,1242.90992061913,1685.69190851461,702.494834493796,1045.66720856885,1260.68436678168,556.597718507927,680.901480013901,2418.47564679879,2819.45341495039,5585.15964587359,919.5172696114,1350.93309052688,439.023877344048,1001.60749486268,495.256773396208,2035.92155226734,428.71698342031,1858.69391744204,4979.530237664,10823.231468429,739.675091857325,2370.18311939303,1693.52596181915,582.589945946324,2042.80940811493,2972.0677318319,843.110364253237,1357.52104441794,1363.05539815419,'1'
2278.31165729284,1736.96373479253,1555.44981022275,704.237968795888,7456.7727744337,1619.46172273739,1282.90217990362,1670.76966742346,1642.80389345307,988.729651442039,1449.3567917528,495.439118847566,768.975962893534,2515.55451285883,1927.92846273795,5251.63381150643,764.155729642294,1055.05360671382,416.484902766434,1110.76000135634,478.433457467111,1508.29165900841,378.422635183398,1969.28512204438,4866.58772614413,11710.6557297387,773.257182081526,1323.87816179694,2030.20421439181,519.207836533818,2053.4682090834,3339.38600023707,841.838309962294,2321.80090324583,820.815404231612,'1'
1481.03312535607,2869.54793832618,1876.54649726797,631.049813853034,9967.64356746084,1264.80544597304,1576.94087936178,1891.98524072596,923.38538242142,1203.02670554343,1823.50879525718,470.230392018973,734.244915063485,1931.57339167961,2527.45043379228,7118.32520193921,882.184677591879,1121.15302595055,458.213587239974,1073.43234640676,450.04200406575,2129.87469080556,352.890073687715,2604.63597257186,4661.67461516083,5300.19781054016,780.683320446415,1567.66786432699,2897.62031965979,733.817145001606,3283.94445105302,3232.97758653279,1041.03898765895,1756.58849546727,1514.76946767889,'1'
1056.95394759504,1512.28665054866,1207.2936508638,426.33985855933,3434.51281456102,1165.28536608647,995.451073344317,1288.53368343817,625.489893351637,588.472426325618,1020.37797657661,516.338706863834,742.212841891252,2077.57317804162,1306.46279992112,3791.1495540719,839.913779500882,1362.285536039,722.502859232216,1000.06091097419,424.807630053518,1616.21472672001,318.510545476344,1659.71861351841,3007.57287119578,3169.00612858475,865.748178157608,1880.99067400512,1804.64003447412,573.994180532994,1387.63885897497,2696.37179935134,825.357416729654,1081.39111052194,600.024975579911,'1'
1263.99791544822,3289.74960362527,1783.27685071824,675.65405329727,7566.48676258217,1396.1467812006,1861.26447105834,2016.58469133942,1401.99295520353,1248.66611821531,1924.28955074331,462.928336330559,595.840051777411,4699.90594963185,5996.65957250572,10248.8622061538,976.311415526324,1304.79635182259,437.730155400656,1089.73347721293,728.022498189248,2103.97739941591,442.517578302497,2047.45018892035,7011.08199444201,16000,757.750313658113,1841.17728614005,3066.39094799137,648.316909586281,4618.4660285893,3654.19755837863,858.158184841048,1034.29037693331,5132.5809786905,'1'
1456.53825871676,2864.75316875918,1645.69615054515,650.03020343907,4922.86060496025,1384.50520227533,1529.91721237423,1639.9364597371,878.471264901172,840.390743282756,1459.92952927301,546.648454982941,703.774331503635,3277.81818125102,4317.00818862675,6875.1050992728,1288.22969390228,1515.56658622066,499.817548873821,1093.85232901697,576.044086278431,1959.91325475652,394.587418059463,2517.35320966415,11827.0206903479,16000,1840.57602264601,1840.69351304308,2294.66097866292,643.656275347004,2778.36894516139,7350.09771307584,866.68423370729,1458.86477539497,1658.13298773263,'1'
1978.69333971724,6289.76912885586,3384.07044464321,1739.74573334363,16000,4529.39438203289,6479.57743109326,2776.65187719479,2159.01121327258,2694.62130351094,2891.37687473772,450.975860016684,666.300797933048,5546.9230176973,2666.57250390513,6502.33910150157,683.120167104823,1505.19874009925,462.417125087662,1150.27343291985,1699.56751438858,2796.77677737974,1020.30611025128,4213.21885809327,5513.24017592269,5973.62314022929,852.77767719444,1886.77728695356,4721.3344075125,1125.08510277946,4042.4014537305,2546.16126642851,1758.03475453789,3285.72823159698,1754.04206729378,'1'
1310.99289344474,3478.64128982861,1925.79039120466,601.862125604123,11908.8003128352,1381.87415986383,1704.60401516261,1785.36889843598,1915.84457952626,848.528599660538,1473.5680591801,679.81582416471,1496.45443137191,4186.28902515201,10362.4314125541,16000,2143.9009379396,1570.08319079366,923.415921484044,1092.18324520659,758.38745757077,1938.70014278217,514.316944363596,3460.59195816532,16000,16000,3593.08794841962,2839.3356272915,2614.00335403123,767.351764547218,7322.8467619982,9761.7114786415,1056.91416894954,2015.18978341191,8921.4458893038,'1'
1538.01431374284,2594.80722749951,1440.34808286114,513.0983452935,5805.81053481415,1291.05343647909,1611.11048645443,1831.76053022838,949.636173813288,867.210971510372,1670.6885441404,732.879212378765,1271.13194778746,3379.02070486697,11921.6938041244,16000,3701.97971912898,1406.29261827181,1665.30141333358,1339.85908582742,440.137336923421,1489.67760077941,341.378543599728,1291.51275078897,16000,16000,1222.48469305357,3406.25433051224,1889.08758343836,779.772081943543,5101.19635720586,15081.8428006256,900.735799515276,1856.65803359409,6736.75230372853,'1'
1709.24198460398,3855.27278663002,2382.59752106183,1498.00972724572,16000,2168.01822749583,4246.16638394193,2679.70304496475,2293.98731394221,1225.83575005292,3410.2229740721,572.674145501414,611.779261400802,5057.20320526938,4620.81823528079,6108.42417581987,1553.76774863348,1737.47552811103,660.571234204327,1084.77319483075,971.804637775457,2898.53018336576,318.911062525435,5693.58449354179,7060.2270572883,13892.99676952,830.99551048932,1428.36588651606,6131.60166206245,1486.8169747552,2768.92982589286,4910.63713204944,1867.11197303381,2294.83157233039,1609.31823718424,'1'
1404.87587217126,1704.74806227184,1220.6530159291,491.946568437804,5385.3508103602,1530.27072633786,1270.05810743131,1567.09153653275,1226.24963644786,550.86111626568,1262.96675995148,553.839893199597,797.791836091648,2156.23123004926,2700.53678194724,7756.53452583041,1206.97809202219,1199.0339501968,361.291645874736,977.600886741754,600.585607132292,1626.13669562186,369.171450641652,1416.33515486353,4555.11651548084,16000,1071.17495324598,1995.39349261261,2239.43765699692,602.720085095866,4512.16062051462,3916.61063910205,976.007889384259,1477.03754100952,1455.04626523069,'1'
1875.25239103821,2628.54792582681,2137.14590292357,862.470310829279,16000,1915.03590355295,2601.05016367639,2364.71048377753,1859.89916707102,956.595822154316,2289.45198730127,484.774561339612,677.411030140707,1930.32656747564,9797.6013373544,12159.2490690744,1928.81098842624,1365.27210087237,610.365482904942,1206.6277491535,585.469745672576,2372.31245922309,398.769477075819,4513.3795925434,12802.7602180418,16000,941.557977815079,2528.90745009055,3240.93211196815,831.738185013352,5370.16468988399,7699.71078551356,926.433808010885,3126.3878314845,4487.07233098877,'1'
1664.65159187805,3070.4799768561,1849.54732684667,576.751355636897,4521.30422531101,1434.96619481075,1827.04092813516,1861.01474299428,1331.0522653593,980.624220544569,1963.18820177451,557.429656195151,865.383675337465,3493.62350942421,3429.64721442827,6784.90362972457,1273.16886807085,1599.38299754249,744.971299489397,998.800903934795,575.342072374653,1813.92877700497,616.487264908004,3718.06749511361,5810.50701528215,13562.7307191727,750.734172670914,2355.68001435046,2268.25272450785,807.187849229025,2788.58851018964,3073.79966555626,853.048144305082,1442.40140374971,1576.44543148493,'1'
1168.76492281107,2500.79686053424,1781.51413993384,769.141334476063,4677.95814255663,1141.44439544744,1666.33739575892,1693.93355070612,1653.98998162726,760.680724041864,1903.75931395388,692.99014712399,730.419232637243,5230.98487939057,7776.64288556124,13936.3269175095,1114.53923754176,1922.08141790318,671.283178875795,1042.25445747915,542.286250387174,1556.46969034429,546.754176801626,1267.04468115589,11446.1624754741,16000,1058.88900544326,1649.86636763693,2227.14131997388,791.728695220199,4388.65074546661,7331.55010490513,802.378631810431,1395.59331458675,4637.19458193973,'1'
1317.40116893869,2566.11365118968,1810.36901006664,770.721861753172,7369.96526484253,1301.5463005791,2178.22847413227,1829.51906265209,1165.52095196914,1057.00042144537,1631.81287375582,534.746591435185,641.91016638489,4223.34212073595,8828.77286462951,5237.53925734293,962.019919869843,1298.08298479675,357.997332762597,959.691373189357,758.753005241148,1728.90354073475,425.505646728006,2570.11288818367,5730.14968959683,15139.7496828143,2645.24440823616,1698.07684620799,2286.95807788963,636.929214256774,2156.63114089988,2659.83268972669,795.516574156811,1361.51368624348,1214.52169714581,'1'
1789.03101092105,3896.9782135488,2050.08450173858,1108.76316449501,16000,2795.97136577928,3293.85832137893,2096.31320118223,2384.70746262638,787.194272150975,2464.63647139878,455.500946797018,746.503130031988,3510.71398680223,8202.9092280563,13283.9773988831,2613.57410149387,1499.44074557858,600.904618260584,1028.72359094891,822.364280291114,2419.57497204911,406.930052396765,4011.87192444406,10270.523649574,16000,1642.85603199568,2771.88236403454,3404.53347973459,1146.54552709665,5946.0048459069,5617.80830888501,1668.82570456118,2853.09297586934,3375.08604565687,'1'
1361.99072858759,2304.92700305771,1413.11017093933,642.79271238101,6294.40645365527,1875.75370025491,1520.19553135236,2380.52812989173,959.927624737414,1315.08564276381,1431.59309877693,687.553044987137,765.431250464265,3761.84416135832,5299.10776408091,7856.31642016004,1053.49200322023,1499.97853006231,511.772013532832,2643.79671541946,479.612390844426,2004.30473971159,380.903113439672,3436.0825049054,5760.64201135597,6903.30863727705,3622.16320973324,2206.72412126928,3375.91129882869,503.418718813328,4592.86995958567,3175.89591104993,670.685686836483,2348.00533412585,2340.47641462231,'1'
1271.11757702054,4843.7505963044,1786.80010292145,991.913386112457,12811.6434931035,3015.65811309157,2850.19864004501,2128.17494927874,1352.95914917098,1192.57232148512,1894.01483358192,521.493881125592,902.443332974164,3583.13318383766,4416.46198293753,9534.93880250277,822.557113564472,1469.07426211312,1074.20799948476,1294.98731080367,682.738965301832,2212.60350578361,508.8051249252,4761.14533102538,5763.73482649431,13003.440383372,846.913831815782,2565.06712826416,3517.1369620733,1006.09534483027,4066.13708968868,2816.5593307702,869.763745439601,2848.9902912498,3713.7082385803,'1'
1348.05707903742,3600.79774689874,2098.65764210991,789.135820572086,7043.15794435406,1596.56679491084,2190.39074943419,1906.9112181015,980.515036358741,894.446041954142,1557.01835024921,551.860430292486,674.116531326573,3465.52971993567,2521.42707000681,4192.46203770415,732.41657610667,1332.96354948182,377.876306381003,1145.0395303605,576.493964982282,2166.11002626388,396.43039023413,2274.60039427602,3897.00004134444,6592.60827162277,701.58769870975,1237.74410612193,3359.92934306476,779.639412191095,2615.72585072044,2626.12714465198,933.205673967633,1504.23556869457,1184.22139163715,'1'
1956.81058238247,4548.43100737139,1562.9338761089,978.741183198695,10623.6308483227,1963.82436726181,2727.30682410151,2293.59074693925,1251.38448314542,1305.72553357999,2213.19993914844,547.928743436739,688.198944976743,3184.2411355218,3120.27304165703,7298.88323712778,1185.12050636199,1372.72386282374,474.358545385974,1440.62544200271,967.726880032681,2838.60992521139,388.051102748608,4454.00631573754,7176.6434237023,12350.6239835383,920.345514699428,1698.62989692615,3467.37318697072,728.273746725168,2630.53351522095,4584.3022858526,1228.83415041764,1748.4389534445,2366.00473359898,'1'
2169.68085566837,4104.67546406325,2169.68034134789,973.52875477596,13651.8696051074,2413.05305498088,3538.96777147171,3707.06142493793,2484.53387865946,1690.58666911218,2034.14835298912,507.640452296559,741.695400829162,3368.81419190514,15240.8567273284,15885.1623048678,952.240676531198,1618.51288636546,659.393478599253,1152.24548376069,771.521118813011,1815.17828066747,604.557220497169,7180.89762500417,7716.79704539195,16000,893.215406116236,2075.02144911722,3229.16118630267,604.498016617117,5459.45807607173,3826.54538349246,1051.77043587013,2465.188537506,2617.75792538342,'1'
1613.60437927921,2968.52848002646,2052.03059282837,1181.13606496996,10805.641428788,2202.68730158665,2806.33867403018,2690.85502322449,1593.59188307712,1148.64719679105,1781.92438371456,470.925117414326,644.89211495946,3424.13505401855,5650.42182334629,5214.83336738579,1274.95134977806,1288.14960265544,449.967983013999,963.993714691736,719.877352838698,2721.9251613123,323.156429503745,2945.09802888214,6591.54414444926,12746.5652365035,728.702606003302,1715.49859849328,2085.6863045778,762.603684992929,3960.63827248462,4656.28719325841,1202.07044885192,1749.0145172797,1410.28188522797,'1'
1665.7106784069,3628.2100686148,1908.0437149634,767.498164115405,8507.14273276696,1668.50491142001,2229.79117070662,2194.41936149047,1634.78729204834,1124.47661835684,1554.42257027098,535.746545267782,705.232849744894,3947.19851062806,3497.72810494962,9406.66695510183,1021.36577875932,1444.44637817786,670.097946280247,1318.02807654214,755.464147986172,1916.49450687225,339.005473073106,2548.3913718768,5032.10384945835,6995.11082877907,1357.141648116,2041.18694145074,2465.11553074051,871.444397569397,4303.55378005223,3356.17918623032,990.178496987643,1634.46003928059,5275.28698835152,'1'
1223.47903805394,5613.6726247888,1978.35915188467,801.13124639657,13838.9777436196,2285.89468813997,2241.2084101553,1692.20555468437,1719.60557751871,1074.81057727333,1782.01670243924,589.538839272843,911.595122589034,4660.43873822472,8808.97325315877,7911.34173509099,1157.61790351648,1268.32074439248,718.326821892217,1039.88492579685,1024.58630197484,2279.11922590268,354.754408576902,2329.53920645951,15400.9447547955,16000,670.406576314477,1688.15106209574,4498.02109243253,752.976186736436,3925.41922457211,7288.8595666743,1005.0873140321,1072.96771491931,2253.42532553673,'1'
1411.99148923412,3029.15110989194,1909.3573255439,1626.83224705616,15730.759561818,2019.29482204051,4213.72165932183,1709.74338381605,1134.7706563433,1174.01524655037,1966.13050612095,507.658231615531,579.615559249873,3327.15558035115,2424.70767742398,4527.0432773704,820.668491295089,1134.70250855563,377.497985461226,1257.64679571582,804.54915372788,2058.70972023891,1282.16806832335,5290.44393784472,4534.12073490671,10408.7483522757,706.387982575272,1111.92808116587,4648.87167427972,1064.41137902965,2656.11425538468,2790.83017544533,1066.71353099124,1918.99271216096,1458.0359858103,'1'
1295.68531847165,3682.48530947871,1638.01194957004,742.004165778964,4513.59681374716,1554.04890029101,1766.90363450278,1767.77798466175,1144.76446740543,927.393693974767,1488.17746511084,426.818264861619,834.981258696669,2754.45268508895,1248.17080015725,4021.28432945128,668.814946450556,1355.68719457995,468.328248337811,1042.98724695213,429.712647808395,1959.71189421925,385.959304481133,1973.95048202272,3893.5157202952,7529.55043275464,773.0155647115,1569.61292818297,2973.22285769552,683.685231713316,1703.80731517607,4185.08366164771,1037.52315572104,1234.85478676517,751.473424307632,'1'
1407.36444959805,3774.09481379649,1847.83731930665,1068.51136303642,11281.5887355091,1994.19580516337,3588.24766082148,2521.36912798671,1650.7214877052,1190.33398287772,2009.1249283686,618.009192763265,557.501385246661,3176.85207244458,4050.82799377754,13460.476687165,776.99617596635,1917.04127952269,839.79833848307,1007.36630495786,1025.9497158263,2298.77822535358,826.45493348033,2300.38678461147,6063.53409040835,16000,666.328688234949,1917.61845579425,3706.57416830688,987.771778573705,2483.68729527291,3054.42107419091,1010.10796175502,1592.74849234672,7509.38700418417,'1'
1196.83123557838,2536.11619396987,1494.82875371969,667.098237808278,3953.7122814638,1704.88120628136,1419.40952689109,1671.49922100873,895.757146294472,957.87727966743,1269.3194306056,502.587323705535,688.327701913988,2406.36564501082,3983.21867012503,3981.92243255831,979.514928234198,1401.67568661592,535.062118902091,986.968985107675,625.246455766561,1518.92449054214,403.277958249614,2173.72404193558,3738.68150729167,4110.19382713081,733.664500003162,2665.14486038313,2569.52309688404,570.305329220668,2095.79980946229,3130.59315532304,894.362944594139,1289.92461197896,1041.75441737213,'1'
1684.86055348623,4540.529888238,1632.25881862931,490.358858317599,5459.99902752345,1344.55117697454,1424.69197774203,2493.36397264816,1539.35675693397,778.34112362472,1847.68812558315,521.039439290116,642.109181328562,6139.46567044514,8681.79928095643,15496.6080216843,1814.80659021908,1512.2391752391,535.594117749253,1160.05428818365,557.368055033314,1728.38399934929,320.734033074956,1450.90381012016,16000,16000,6257.46400197723,2696.91349850114,2196.17477151393,595.781774476607,5430.3500447561,13632.6009554707,808.402552771863,1806.3816685586,4934.38191499376,'1'
1829.83403168415,4581.75492122579,2230.1288124049,1024.56319388548,10815.4478237279,2573.12339298829,4465.94070328824,2384.53548465224,2791.15208286861,1094.38435460486,2445.75255642454,476.825892730106,535.20304284664,3245.9647008043,9062.4821154626,16000,2445.0355508361,1575.30612014844,575.425223257642,1071.53911522279,908.925783829801,2624.40042714781,316.026043800593,3169.54735766087,12321.104422325,16000,1313.62932194403,2750.8910704363,2528.7596457662,1163.44359716766,7262.86075762023,4636.82511161033,1086.94323697591,3228.41022095863,5684.34289438116,'1'
1783.40148323394,2952.77698875114,2317.80501656411,993.415917914742,16000,3667.71828022645,5042.05092310074,3047.45594686595,2831.45778061757,940.600472457485,3702.12733175914,580.976677480132,816.992401742292,2987.60168557356,10566.6336527656,9430.53882594758,939.501084180692,1113.19854264735,444.653536591852,1232.54399860364,733.29104367426,2634.95227916436,483.4037582773,4384.80285570645,9671.00908625558,16000,856.32881853582,1351.48933849878,4072.6431802362,1147.81669642283,6598.47401511743,4583.0064895439,1468.8877701934,1988.06073989503,1487.81442011947,'1'
1641.19781639057,2974.90531301457,2012.60239750142,788.017235098093,7048.70552777565,2193.76772872859,3150.58930087556,1993.97614747779,1476.32273180848,880.462363722175,2456.53348535025,576.987717302346,820.973138538887,3619.70473535017,7157.21840673704,5835.980688038,1490.88730391655,1692.97774853007,611.065395816824,1356.50098536599,662.963378002005,2181.41125289143,487.260394924754,3647.09239496489,7128.00575994791,16000,1961.90256097195,2021.72697288514,3595.19825277943,856.661597153588,2897.63300247229,2952.39210300293,965.62389768735,2162.61069404812,1271.33178249999,'1'
1679.71014262789,4319.0692366239,2307.80127040627,1104.11370108508,16000,6012.79463338886,5168.33624620362,2508.05399632406,2158.10277980882,1485.36262168132,3043.23964650625,496.655529034116,706.230787758946,8664.84619461533,9781.79671250085,6380.58505690709,701.036179590434,989.335881313392,429.597944357928,1009.70145901141,729.338596391932,2183.75790753415,570.377575326926,3977.10046100937,6275.10740400033,3996.20423859714,766.698802742508,1188.38526572543,3284.72243289369,939.040909200376,2964.40365108325,2704.78510541297,891.584947922155,2049.80179344856,1516.91280504123,'1'
