@relation it17
@attribute AB002409_at numeric
@attribute AFFX-HUMGAPDH/M33197_3_st numeric
@attribute D10925_at numeric
@attribute D21063_at numeric
@attribute D38751_at numeric
@attribute D55716_at numeric
@attribute D79987_at numeric
@attribute D87119_at numeric
@attribute HG2090-HT2152_s_at numeric
@attribute HG2874-HT3018_at numeric
@attribute HG3945-HT4215_at numeric
@attribute HG4074-HT4344_at numeric
@attribute L41680_at numeric
@attribute M12963_s_at numeric
@attribute M13792_at numeric
@attribute M32053_at numeric
@attribute M57710_at numeric
@attribute M63835_at numeric
@attribute M96684_at numeric
@attribute U19495_s_at numeric
@attribute U37426_at numeric
@attribute U63743_at numeric
@attribute U73304_rna1_at numeric
@attribute U73379_at numeric
@attribute V00594_at numeric
@attribute X02544_at numeric
@attribute X03934_at numeric
@attribute X17620_at numeric
@attribute X52142_at numeric
@attribute X64177_f_at numeric
@attribute X65550_at numeric
@attribute X76534_at numeric
@attribute X91911_s_at numeric
@attribute Z11793_at numeric
@attribute Z35227_at numeric
@attribute ydlbcl {'0','1'}
@data
3059.92542133454,962.550037510814,917.747125544837,1458.36863556182,1133.53450863732,1471.22845818801,1189.87500851593,1410.24785857373,782.787258874372,1048.99127170747,1754.987581993,999.94526606544,538.608528032097,1093.43195702508,1628.66309313554,961.321779564791,960.617589345436,776.633929091022,1610.2309604086,704.699434811805,417.563998401834,1334.43185396419,474.646287296161,1317.07055575286,2993.17386657565,845.369213296447,2140.08484362044,1221.11191184432,511.300436518909,2293.2847148027,808.70575686809,395.909071015075,1030.06991504217,967.43425083871,1633.19682356259,'0'
2149.81884574446,941.383672613503,828.062261515922,1302.64499295479,1346.73680979404,1354.55907897276,1220.95825773329,1368.21830668951,633.550055228516,988.493177394582,2005.90963932044,1038.11474007494,587.21489584098,756.505971116627,2056.57102798802,808.6215514897,1117.92566230711,727.40908955849,1254.32369834428,414.805671862552,407.003337555832,1706.42927966492,421.395636324689,1411.71299949159,3150.24711715793,758.662143530737,1852.10687058708,1144.53751845065,501.139630771398,2556.36148240044,800.580098202111,496.309101043172,857.541712219643,679.276456279258,1292.75189292672,'0'
1130.73720064167,1517.66165267601,855.330533514606,1716.30071127038,1424.67224785896,2420.29122318679,1418.931726034,1938.12694223221,756.188503336768,1170.20643218421,2641.85868963303,1209.21917355245,837.251330974883,852.078061938719,2816.32277647838,898.014800849119,2120.53456944384,672.87344522413,2280.19450396964,687.41269225562,471.193046288608,1282.69887770848,445.292767988506,1765.07023521315,4253.51777256957,655.110764101899,2125.47765172803,1390.84588144981,517.77254882784,3417.57584322362,765.158123330508,896.169426464277,1071.10936427973,841.853048496727,2719.65896899354,'0'
6799.5326262019,987.20396765311,797.015299415336,3067.72686184898,1093.87290618345,2477.1286949342,1821.08166278292,2067.27263195152,660.758926072832,1678.64839702708,1869.7606409535,1896.73038172659,780.811912215763,833.11194448892,1904.25343791284,908.38243694593,2331.78826568702,653.114418101547,2180.72990024574,1344.35393220857,708.949514968138,1474.88746813828,629.639506552462,2218.31446111663,2831.29708166345,783.819853298766,2648.51494246158,2658.75138617349,796.96162148774,2717.21194767296,823.157397654396,932.420395177017,1743.52709512269,1637.23533772635,4291.64050466934,'0'
1387.17046929435,673.457331912428,881.07914071281,1217.49896475557,1121.6079328254,1422.40034980171,1244.52182709408,1014.39257368116,716.745588551577,1098.4149481577,2234.20791320426,1106.65688271796,545.826346761821,693.223596723417,1784.69623301769,777.684107035261,2320.82943142608,722.867329272661,1248.95088799087,478.254477718807,376.581894656921,1579.10061008161,397.931628676787,1299.9434188277,3113.62058603469,651.098275492304,1683.56587142207,1104.20208351341,422.396254269656,2981.74488758496,727.537172499772,607.082578234856,844.345548042474,620.954189730145,1450.20111891452,'0'
8786.72011269515,1156.48467030078,879.752259145893,1627.94367649871,1268.47896726043,1859.6114444098,1141.42563333553,1437.14626143525,788.34718397083,1128.87775344048,2178.68555560618,901.447029013334,671.022068021173,1344.48661084139,1742.224728198,800.092421867691,1757.89843080867,751.8623061923,1561.32120804417,1229.2130818279,411.000909899036,1415.48745895367,435.730638545803,1315.97921155623,3131.85910850311,745.4614747581,2926.4158538026,1207.30707848717,504.974676510998,2735.58492170959,701.57490737608,1005.02505958063,978.496341115404,1913.98235497147,1777.47501886412,'0'
1649.56472551062,922.17389157525,776.895311490166,1102.7020277526,823.444523641131,874.570640448494,836.629521451062,1227.52257888825,804.358714986621,860.974037211362,1027.50465505382,977.802439586754,558.830111779046,519.649552246128,1321.87524669899,675.202657859451,791.145180168386,602.286383631407,919.078790668584,429.026610925488,546.76577019092,956.151534329445,450.901295705609,1046.74900840163,3558.29064777711,676.30464097883,1309.30870684622,856.716980155911,464.741367455583,1678.80942296657,752.690129747146,526.979317728972,685.640426867734,649.391156712497,946.899884179704,'0'
13964.0753945851,925.304950929911,916.773923634068,2204.56661185202,964.033670851843,2034.88859096405,1423.44596171465,3315.09093620134,884.86856015293,932.406975392464,1838.23990436212,1303.83926159077,520.977705934232,963.106544922011,3205.92446512575,932.859868979716,2022.80909913898,647.569292572396,1482.26904931131,1307.51614656929,499.195074130159,1112.03035835839,576.622710191842,1592.23198487294,2715.42621460682,811.442437401009,3426.85817848396,1251.38777415203,579.91586943047,2223.28740237595,722.118303007228,912.365897350817,1257.8838636136,2133.67776668766,3028.0152092785,'0'
3521.66675582027,779.872911458605,876.591758929952,1142.49489585157,1041.78041603337,1214.32439891198,1090.84797493955,974.455332170691,786.389970584524,908.19874953538,1675.20271322482,861.582101667195,510.653233026545,1195.86041618772,1651.23084070665,758.407634490632,1401.25398829046,661.495338587186,1542.97364659352,786.531781560888,423.642729374776,1403.81874129007,465.803341162236,1335.8749171587,3500.82885582203,706.780031340479,2257.75699838541,1098.57252590857,441.113661285092,2272.96916941022,870.233887291897,599.097029434938,954.62308540498,976.635978643304,1431.81908747252,'0'
8371.05280493917,901.319858269374,958.708129847367,1837.85163106634,1473.39936062631,2606.93103136198,1368.43143180974,3957.89999914087,548.989838605275,1570.67232267123,2129.79394182341,1409.14471962434,729.421974289118,1461.36335966969,2533.28187144092,875.844288288209,2946.64990506603,723.98247418452,2465.36822552451,1291.663122173,441.089887625399,1481.01217011023,720.69027199464,1696.46344546662,4238.6150290071,847.34360120352,5043.40407295888,1534.96245308947,436.585696817539,2963.11990946898,559.376850723077,870.34518619648,1688.56190448475,2689.76689498684,4331.36932158359,'0'
10158.9869460373,984.11897193042,837.782674346342,1710.37339927152,914.380558631135,1697.99972695814,998.092338278104,1336.04307548255,912.99107022147,1092.67400848022,1496.30747230227,1121.20507403179,612.814299138424,1592.35290103205,2318.04536132294,800.561839097583,1745.19625593204,745.521018458141,1164.88934017314,1402.97911742924,443.931511027146,981.591390771998,439.733972619365,1499.90614570775,2453.98795797825,736.937649191398,3168.70270870771,1253.93854393569,512.550820695007,2543.33230299771,673.025255181441,682.183022345455,988.673281350863,1564.45631087513,1565.52057501924,'0'
1987.55668480196,1014.38165763338,846.247147351478,1860.29545988713,1133.44687642321,2124.12304840381,1702.1021900266,2821.01855101099,730.490643595389,1567.46986805822,1984.1483647029,1534.31644314726,786.016032165172,1544.51600346619,2043.18325726562,936.2297697756,2863.42954621611,672.789005633339,1928.57743021828,1036.20010396002,602.856612361388,1329.86210585095,590.2464812067,2267.91406610517,2902.49795698849,728.253974269143,3460.87597766516,2051.31409169183,704.511725953069,2586.78984123078,707.850176971939,2051.71023608118,1856.91827084808,2446.50465744696,4303.4288041322,'0'
7241.04614587293,820.048504556325,944.350543209679,1850.58715185102,1071.43393518564,2029.16882517568,1238.27154990801,2042.46633235388,709.669415670019,1300.50748722926,1692.97413218309,1369.14357139329,749.896374519956,1095.12737284081,2981.31821359668,835.093100332814,3165.97692731507,734.66245651043,1776.98009503607,1044.72605946723,412.289514282668,1282.23145391198,821.021094750229,1718.48387973383,3079.47965004462,697.629462782475,4172.60415673242,2188.76511728964,560.179834009725,2575.27760901906,722.840590391597,904.782781007362,1850.03161028352,2647.2266591804,3759.84252203669,'0'
4393.578366264,1118.54509260474,955.330895758516,1675.8945752077,1575.91349256165,2280.86758838395,1419.61924484097,2909.69665418316,819.63705062857,1189.62842470416,1476.57480077428,1244.22708090469,1518.18703464757,2212.49670888438,2716.79217755053,934.149124527733,2237.44056659432,829.527089989026,2099.40117257241,1001.08311763193,394.30369741336,1358.87105165827,535.761991131563,1175.91728257119,2873.88159244542,677.946916968173,3755.23477041862,1409.7147781344,611.615067372318,2602.70586626555,725.931188396909,1029.45261633161,1532.35189059023,2682.39379304899,3497.17770772149,'0'
2484.21560908942,833.233276861176,946.108922539257,1631.77927249083,1133.65555482536,2042.45048933364,1184.35320871135,2134.51417653898,879.815397475763,1121.84798075052,2026.24508952075,1123.40177450999,656.53309794996,5672.21693393287,1894.61606528824,1262.04967966877,2860.41544655112,762.425345095202,2047.98136938703,1547.41378558606,339.476649535949,1189.51872281174,463.100761491803,1343.39002911529,3380.86497054135,750.744985863318,2866.82527472775,1428.71810564314,500.992201851661,2454.81242992477,694.400107031694,863.167594125996,1035.17154358755,2593.95206729839,3180.06676509254,'0'
3401.97915043671,843.421380766715,916.179924274245,1764.73240142139,1057.29961667701,1702.67057962644,1333.15052105015,2139.17978823815,632.81167846281,982.545522119518,1483.54828262374,975.341078913799,544.49401953295,1004.52508380221,2594.63625036171,941.563288431622,1976.78646679183,651.258878303198,1454.47531989732,818.862521859862,465.202044579508,1031.29272623416,442.094328995254,1521.68690768431,2786.61967649599,768.600713349022,2478.6616477756,1256.93235226944,417.078432272546,2361.86906349648,696.420858773835,773.009431455894,1099.96437916795,1419.53492112538,2162.56501072079,'0'
1225.50059142576,1574.37614277231,1396.63922917987,2630.94555301571,1469.37230051756,2847.30535323395,1832.97741433427,1282.26270246066,2787.37157679637,1789.03174832556,4037.33219653131,2207.17942947289,486.90440603739,572.814143670872,4755.89479865248,12254.4423907795,16000,2417.63779340294,1155.13392463623,675.792023077311,601.538564184687,1737.08782685319,449.577606305579,3554.86293728671,15256.3882108867,9835.44291232448,2396.69310399755,2110.04314437237,728.980813003441,16000,1238.01088963545,6293.54280669833,751.326521192403,1588.12292809501,1387.09887563,'1'
1268.10512122488,2044.74944147551,1036.45749387893,2228.50711266968,1824.07535624009,2182.98221249611,1959.96535715324,880.444273482506,794.78164463208,1733.55868906883,2109.82518875649,2085.15579055594,460.745914714135,909.419929186637,2920.30924515375,1169.03196009696,3308.91020532755,766.122475522565,1194.73111179575,480.584209368357,564.0264717849,1929.80618490898,659.22988742397,1945.11953485126,5185.45704889552,802.799728664104,1563.52253540175,1908.39590223813,617.304135583906,2782.34051246459,923.67736345969,797.039084860767,749.030645633313,428.160747794774,1261.99016040549,'1'
1639.50311136184,1537.77811003528,1917.30927681343,2988.1492478437,1792.38578045697,3261.13446903512,2272.06306256439,1610.85152360388,3776.89534310604,2754.33066371081,2778.90157476546,3203.57535840394,464.071511318547,722.426208600074,4443.70322358325,1099.33985286147,16000,6222.56535337769,1187.62192917243,705.593650983787,790.039713920622,2470.04608594824,329.349470021004,3622.04246606698,16000,1778.19302500884,2469.07398913665,3415.03378373048,898.144440976834,16000,1214.5285645681,3693.20156270402,845.66460833839,376.360169525733,1525.48231952484,'1'
1128.89731913359,1556.92115412453,1404.1524131895,2150.19796693909,1579.28798312427,3753.15770105698,1632.5428445914,845.412436691358,2228.67894385416,1358.30609715493,3488.67220764404,1453.13380815673,521.387139535093,607.928274422852,2490.08306768068,986.121786547881,3491.2647703375,1958.43837413386,1320.50619399305,424.974730130643,513.74544547045,1543.02417162405,290.47969029375,1894.20306709877,7775.68660556186,736.384049606619,2366.93881516318,1694.35882621783,619.722002024302,3925.1553846146,1020.16935994294,1123.13528522356,893.942409593261,430.055421611952,1147.97094972222,'1'
1483.51265582509,1501.56882234372,973.417108023621,5053.37761997823,1900.97462041491,6206.64861981263,2280.53767698742,1840.99004289625,908.182540849546,2614.49138674922,2098.16072248177,3868.21086207033,523.798412729266,871.998448885403,3805.43021485002,959.044319537003,9977.28359787452,768.577676035625,1581.49706751576,444.765375624685,1053.39603523706,2270.47029722572,377.95020063925,4418.11622121383,4418.72286107686,712.817321732967,1559.39998352715,4589.93925802816,1127.99129508775,2778.75371819585,900.285905666139,3314.538838874,1247.740563178,1361.71366467251,2995.95161650005,'1'
2361.4361927233,1183.58709452355,816.529916298472,2818.69693378956,1574.21616538485,3355.84981769224,2054.08439295094,927.970537355937,669.215310463247,1897.26414482715,2481.42882632612,1807.35499862099,533.758238831606,718.725036695744,3714.20490691204,873.725061407868,2682.19595147669,743.787024894653,1387.72476426251,508.296948988327,617.59935835198,2372.26776141975,364.834607030809,3666.81340451219,8157.89384075785,768.225138925228,2293.26254330852,1890.77557153777,609.49914937481,3752.68010192348,718.871749424683,1230.33260332457,702.158506673322,524.21935973513,3959.40216269721,'1'
1140.38373892915,1848.9633797035,901.553997481956,3447.69212249688,1543.49956129447,3188.52487106604,1690.41137893386,862.089217766143,901.00286757139,1598.09197607761,2003.84048308192,2137.47971434203,617.237717524284,741.675464586086,4690.24711802963,983.027591213056,8715.52020734339,904.639024038689,1322.19408938458,514.481604055543,660.863868608819,1644.85684891313,427.522341473007,3330.69438660525,4313.90593652536,1532.09755908126,1956.71294355362,3062.91210874773,555.130156842271,3128.36254484046,774.503145057098,2186.1428692528,1148.33574789365,640.214999103144,2274.28271595706,'1'
1103.76642587203,1476.02226896832,933.863710872467,1934.07435497314,1450.67955219789,4175.87710157483,2224.8762087707,770.282911656093,776.801476627562,1689.32168564245,2408.58412000254,1952.59120738581,664.426654056105,649.711452437344,10772.9779485559,867.206589162942,3853.50210312919,631.872386939079,1248.98692295021,384.865146620569,690.456665885085,2282.78522814666,367.713774735209,3833.18707756876,5638.47819504596,685.134683905494,1439.98404648684,1665.66166618386,839.856343723888,2773.55972267009,1168.39307030276,1004.00221873561,722.721962992227,405.431710906785,1791.25580841335,'1'
1439.93844047846,1532.17748100917,1620.1307522391,2591.10357224232,1418.60437843783,3017.63415232247,2013.5032511408,1618.58115361329,1886.61332878589,2076.63848950918,3694.23585587957,2387.27748150668,507.763454891522,709.051972845494,3854.10059812721,10018.3725453251,9802.51629025777,2522.5364332422,1553.40101799194,740.213308312939,577.1583393523,1945.7754212133,426.162547935181,2731.60754861621,11350.5082735832,6715.3234018614,1912.49482690228,2292.91978819607,710.878832656555,11338.8870277408,1037.56419619957,3495.23590665432,762.448795724613,1301.88283085777,1258.09818446822,'1'
2415.15064078652,859.119730872079,930.326775551128,2947.45864741337,1473.75778807443,2583.43646367163,1497.63332304284,986.039533156442,671.451497793689,1952.37445307657,1705.73042403924,2533.90251221072,486.809966666768,766.595707177836,6285.26426986034,918.169364096487,6300.18260381353,768.819656827802,1296.79398522563,438.974969592901,597.593192184931,1520.38917198532,559.865580057991,2312.95387595493,7271.25902276279,977.852971045338,1755.92423425875,2453.1602361194,567.199664112073,3456.78243093145,812.069034557196,2202.49604410942,736.705476885044,510.521508700649,2113.35028169731,'1'
1045.14693911175,1409.79343130757,830.234203729168,1639.39559718486,1183.75631104718,1900.14542872956,1437.05126441998,998.922871820548,733.259750562259,1212.26377151992,2195.23121200816,1098.01269627619,608.753398038573,687.872761265052,2346.93827805057,978.534439511615,1769.74930730537,829.744767929147,891.311945544858,382.011758232735,480.514948495942,1378.63599642815,377.073175685298,1659.28424957557,2157.5611296702,871.417460113151,1573.71299294505,1383.17790971091,558.477901017333,2643.03688984547,787.247040776727,1000.89680439165,695.350189030529,431.604596469537,945.36099336962,'1'
1278.02598579443,1036.50199980245,1169.26174937422,2512.8848894658,1194.01067452337,2780.06673199715,1973.64434237727,1069.51465279413,1550.04320058848,1838.22117302142,4100.44440766718,2276.38834349241,665.254042554964,706.472099105254,2075.79703244988,1178.46636607181,8981.21663084067,1181.8507049645,1254.62297082941,588.883409795318,620.713940631585,1561.18494486843,372.518127042449,2906.69869412638,15054.8961337988,9976.61547093492,2074.65185900503,2180.05473605094,732.346477335427,6892.30700165638,814.67382760779,3554.01487517769,999.031372782017,783.041540132056,1302.40109627073,'1'
1177.72216042036,1871.57582606091,1061.60299388661,3190.38689876783,1623.12486982951,2771.71795148544,1743.01649516785,2249.73065821969,897.349857464805,7391.58246507089,1943.31782777445,4798.53551273803,545.565881470097,739.454049880676,3470.93022764487,886.321930437285,2800.04831213132,773.848340506875,1696.70302304008,520.760726954543,906.767816138338,2139.81529890191,410.630711199626,3467.86874313244,3479.59585938839,804.761038124405,3238.36107862531,9542.7108205298,747.450431591295,2495.17481761967,1009.05819064767,2845.25064528366,1134.3721528856,1889.92031888623,3852.02350313939,'1'
1757.21741417676,1362.88366167844,925.579171775415,2896.98338820096,1418.50587817951,3290.13344237,2032.98791325391,2012.1412956336,901.578555137706,1630.50441512226,2160.11448905348,1991.33080691601,504.05061898389,599.370054957563,3386.4616970076,877.119667520857,2749.87862472256,807.764055113846,1332.14906998939,590.278420983241,707.01690287398,1979.81084705382,1153.55792630928,2678.20225863748,4579.34396589096,1008.38709711692,2026.64822615135,2192.7878382287,710.667548703196,3066.01908416771,850.225255391711,1245.09236310022,960.311070808406,1098.47436562355,1702.57232282258,'1'
1540.48713153496,1390.10883695373,1070.98778443658,2212.43324774972,1412.88268772611,2473.50178464523,1821.21142757305,1238.87336010674,3817.82627007961,1515.94060115184,3734.31804594766,1836.71210606058,509.114180619952,652.824907793077,3771.20658543107,1142.69629104093,7666.79866248456,1472.21859965395,1283.695464033,891.414762823117,595.322928464366,1931.80812543551,345.507463736436,4093.58202230865,8540.62125330664,797.647910083968,2766.36114501058,2526.02625982084,816.233255180545,3896.48904190909,820.246687520669,2648.32297088618,988.912243259204,1206.54652424328,1184.69299694395,'1'
1127.23153834962,1164.83926856316,1059.25266935466,1634.59797171062,1404.78728939222,1525.35383568834,1522.72420678335,1119.75445951895,828.015071237743,1617.74373186973,2173.43631924415,1242.90992061913,556.597718507927,680.901480013901,2418.47564679879,1004.00803445593,2819.45341495039,919.5172696114,1350.93309052688,439.023877344048,495.256773396208,2035.92155226734,428.71698342031,1858.69391744204,4979.530237664,739.675091857325,2370.18311939303,1414.38484040625,582.589945946324,2972.0677318319,843.110364253237,1363.05539815419,781.076883843541,1163.83358991517,1365.5148853801,'1'
1094.63669221403,1290.90455436882,887.234416970114,1977.66133877844,2278.31165729284,1736.96373479253,1555.44981022275,1576.65758326131,768.373408214517,1619.46172273739,2080.84429630336,1282.90217990362,495.439118847566,768.975962893534,2515.55451285883,916.443131310121,1927.92846273795,764.155729642294,1055.05360671382,416.484902766434,478.433457467111,1508.29165900841,378.422635183398,1969.28512204438,4866.58772614413,773.257182081526,1323.87816179694,1589.97163607613,519.207836533818,3339.38600023707,841.838309962294,820.815404231612,898.939247743416,585.597447209363,1360.470120622,'1'
1337.93512708952,2442.51530459398,871.022428955684,2229.53160408314,1481.03312535607,2869.54793832618,1876.54649726797,998.516121936206,1247.69178785827,1264.80544597304,2904.6232792236,1576.94087936178,470.230392018973,734.244915063485,1931.57339167961,1144.64634086906,2527.45043379228,882.184677591879,1121.15302595055,458.213587239974,450.04200406575,2129.87469080556,352.890073687715,2604.63597257186,4661.67461516083,780.683320446415,1567.66786432699,2815.37806363846,733.817145001606,3232.97758653279,1041.03898765895,1514.76946767889,886.614695082787,629.73335669687,1341.70297930789,'1'
3047.37628221879,877.527522489001,1101.89342453838,1471.59608439493,1056.95394759504,1512.28665054866,1207.2936508638,972.092967089436,878.452244257966,1165.28536608647,1999.50863403509,995.451073344317,516.338706863834,742.212841891252,2077.57317804162,958.450255000034,1306.46279992112,839.913779500882,1362.285536039,722.502859232216,424.807630053518,1616.21472672001,318.510545476344,1659.71861351841,3007.57287119578,865.748178157608,1880.99067400512,1223.07914633705,573.994180532994,2696.37179935134,825.357416729654,600.024975579911,762.5565940418,1196.18699170452,1359.58511293845,'1'
1138.8472074379,1886.04017579142,1095.79440965269,3132.3948939957,1263.99791544822,3289.74960362527,1783.27685071824,975.012053881742,973.839751481917,1396.1467812006,2311.72770994124,1861.26447105834,462.928336330559,595.840051777411,4699.90594963185,953.004376649423,5996.65957250572,976.311415526324,1304.79635182259,437.730155400656,728.022498189248,2103.97739941591,442.517578302497,2047.45018892035,7011.08199444201,757.750313658113,1841.17728614005,3538.88169263439,648.316909586281,3654.19755837863,858.158184841048,5132.5809786905,902.644482080705,941.585575296098,2470.97422625247,'1'
1154.17475046569,1843.12419127652,1088.59787888747,1975.65342359612,1456.53825871676,2864.75316875918,1645.69615054515,762.270808297386,3145.7466806632,1384.50520227533,3781.01539314043,1529.91721237423,546.648454982941,703.774331503635,3277.81818125102,1269.3555370325,4317.00818862675,1288.22969390228,1515.56658622066,499.817548873821,576.044086278431,1959.91325475652,394.587418059463,2517.35320966415,11827.0206903479,1840.57602264601,1840.69351304308,2429.9175534789,643.656275347004,7350.09771307584,866.68423370729,1658.13298773263,700.585666618457,606.90227369131,1594.13160042367,'1'
1866.37421741627,1053.61415613646,917.627929909734,4564.59782473793,1978.69333971724,6289.76912885586,3384.07044464321,1368.79101155513,858.119403605147,4529.39438203289,1948.44647253438,6479.57743109326,450.975860016684,666.300797933048,5546.9230176973,1027.30075597464,2666.57250390513,683.120167104823,1505.19874009925,462.417125087662,1699.56751438858,2796.77677737974,1020.30611025128,4213.21885809327,5513.24017592269,852.77767719444,1886.77728695356,5154.21972378915,1125.08510277946,2546.16126642851,1758.03475453789,1754.04206729378,1073.13844591141,967.043207847797,1584.05817545186,'1'
1143.79507557752,1368.9770821836,1530.11657416874,3404.0752441748,1310.99289344474,3478.64128982861,1925.79039120466,2011.65923446809,3636.14800850309,1381.87415986383,5594.61969954648,1704.60401516261,679.81582416471,1496.45443137191,4186.28902515201,1893.32038204036,10362.4314125541,2143.9009379396,1570.08319079366,923.415921484044,758.38745757077,1938.70014278217,514.316944363596,3460.59195816532,16000,3593.08794841962,2839.3356272915,1568.13736898967,767.351764547218,9761.7114786415,1056.91416894954,8921.4458893038,1204.33218390509,1058.41214355898,2405.09178563169,'1'
1526.08625747544,3255.79636567258,928.643222741481,2667.43675481501,1332.91567626695,1948.3382059035,1563.6164231596,1028.5561251787,1177.76190736484,1771.29721064367,2197.26273480104,1773.47706789473,570.482986680705,632.20777954923,2586.16678624305,921.647573440876,1602.06912319617,1039.40936768066,777.814176699783,478.24794389222,486.782374531582,1382.92994798808,390.059240871853,1586.13411252799,3399.6277460966,882.499558311981,2153.5849703096,1377.16238579495,612.516399502551,3241.24008122077,750.784028847544,512.441889599109,770.897806532265,555.275092689774,1022.21829450516,'1'
4866.0192785906,1388.45921450169,2119.60191608681,2097.06139103399,1538.01431374284,2594.80722749951,1440.34808286114,1819.13763613666,4789.1664508361,1291.05343647909,3331.27946997202,1611.11048645443,732.879212378765,1271.13194778746,3379.02070486697,1319.9619673673,11921.6938041244,3701.97971912898,1406.29261827181,1665.30141333358,440.137336923421,1489.67760077941,341.378543599728,1291.51275078897,16000,1222.48469305357,3406.25433051224,1431.96571330655,779.772081943543,15081.8428006256,900.735799515276,6736.75230372853,1145.9468555808,1544.62721609321,2058.13928851976,'1'
3434.53827294271,1301.27294068161,1541.55992470568,3976.23186187105,1709.24198460398,3855.27278663002,2382.59752106183,1387.92773814975,1535.43346798946,2168.01822749583,3374.78100013576,4246.16638394193,572.674145501414,611.779261400802,5057.20320526938,1306.99001779563,4620.81823528079,1553.76774863348,1737.47552811103,660.571234204327,971.804637775457,2898.53018336576,318.911062525435,5693.58449354179,7060.2270572883,830.99551048932,1428.36588651606,6028.01865690834,1486.8169747552,4910.63713204944,1867.11197303381,1609.31823718424,709.556519967929,841.747922820817,1397.83523644529,'1'
1515.40463099018,2120.45365161046,1017.47599443197,1761.61309558956,1404.87587217126,1704.74806227184,1220.6530159291,1060.65557281284,1143.36554944593,1530.27072633786,2166.18645919252,1270.05810743131,553.839893199597,797.791836091648,2156.23123004926,965.05795171985,2700.53678194724,1206.97809202219,1199.0339501968,361.291645874736,600.585607132292,1626.13669562186,369.171450641652,1416.33515486353,4555.11651548084,1071.17495324598,1995.39349261261,1434.70189504206,602.720085095866,3916.61063910205,976.007889384259,1455.04626523069,865.440943584021,489.694596618204,830.919258467504,'1'
1090.17514337873,756.43715328869,1106.42864130916,2250.57203857054,1168.76492281107,2500.79686053424,1781.51413993384,1361.74379710929,2279.92927033549,1141.44439544744,2613.44757553938,1666.33739575892,692.99014712399,730.419232637243,5230.98487939057,967.165611031955,7776.64288556124,1114.53923754176,1922.08141790318,671.283178875795,542.286250387174,1556.46969034429,546.754176801626,1267.04468115589,11446.1624754741,1058.88900544326,1649.86636763693,2406.69523732222,791.728695220199,7331.55010490513,802.378631810431,4637.19458193973,722.744692384384,581.747903441875,2057.83004158264,'1'
1063.13342204428,814.348947256323,937.125328660543,2157.02558083823,1317.40116893869,2566.11365118968,1810.36901006664,789.37148036856,817.986974215437,1301.5463005791,1952.0286184425,2178.22847413227,534.746591435185,641.91016638489,4223.34212073595,895.318585903193,8828.77286462951,962.019919869843,1298.08298479675,357.997332762597,758.753005241148,1728.90354073475,425.505646728006,2570.11288818367,5730.14968959683,2645.24440823616,1698.07684620799,2006.53012354532,636.929214256774,2659.83268972669,795.516574156811,1214.52169714581,787.473376878794,423.255206870223,2708.10380669338,'1'
1699.40240547633,1405.48705948755,1652.7085664783,2682.16970819978,1789.03101092105,3896.9782135488,2050.08450173858,1778.4836194503,1877.53624217889,2795.97136577928,3694.12144724681,3293.85832137893,455.500946797018,746.503130031988,3510.71398680223,1108.54175937607,8202.9092280563,2613.57410149387,1499.44074557858,600.904618260584,822.364280291114,2419.57497204911,406.930052396765,4011.87192444406,10270.523649574,1642.85603199568,2771.88236403454,4108.74959164731,1146.54552709665,5617.80830888501,1668.82570456118,3375.08604565687,678.13845206554,932.022841217377,1823.21094245096,'1'
1218.99291474019,1817.74472889331,947.207335384178,1709.63839895988,1361.99072858759,2304.92700305771,1413.11017093933,1016.87208948601,1000.95051849461,1875.75370025491,2158.3464245005,1520.19553135236,687.553044987137,765.431250464265,3761.84416135832,946.286394289284,5299.10776408091,1053.49200322023,1499.97853006231,511.772013532832,479.612390844426,2004.30473971159,380.903113439672,3436.0825049054,5760.64201135597,3622.16320973324,2206.72412126928,2170.26301213965,503.418718813328,3175.89591104993,670.685686836483,2340.47641462231,756.989431576031,451.971772123216,2086.25866955618,'1'
2894.79880786047,817.241789919308,947.529770998393,2538.91157532096,1271.11757702054,4843.7505963044,1786.80010292145,2705.20414807089,1052.63294163364,3015.65811309157,2221.93106224158,2850.19864004501,521.493881125592,902.443332974164,3583.13318383766,887.84294645342,4416.46198293753,822.557113564472,1469.07426211312,1074.20799948476,682.738965301832,2212.60350578361,508.8051249252,4761.14533102538,5763.73482649431,846.913831815782,2565.06712826416,3087.62855451408,1006.09534483027,2816.5593307702,869.763745439601,3713.7082385803,1046.50524684198,1732.16777871344,2328.49636040625,'1'
1651.75246588649,1961.14218704601,942.720290617829,2158.03977578862,1348.05707903742,3600.79774689874,2098.65764210991,823.250448280533,584.934314590698,1596.56679491084,2177.49895649361,2190.39074943419,551.860430292486,674.116531326573,3465.52971993567,941.9011552324,2521.42707000681,732.41657610667,1332.96354948182,377.876306381003,576.493964982282,2166.11002626388,396.43039023413,2274.60039427602,3897.00004134444,701.58769870975,1237.74410612193,1961.38211648936,779.639412191095,2626.12714465198,933.205673967633,1184.22139163715,541.151144828981,904.314923919244,1312.65790529664,'1'
1129.84237420354,1304.11784510211,1182.30343252696,5498.24658648652,1956.81058238247,4548.43100737139,1562.9338761089,812.88584956719,1966.72312586044,1963.82436726181,2757.55064125863,2727.30682410151,547.928743436739,688.198944976743,3184.2411355218,946.05967770696,3120.27304165703,1185.12050636199,1372.72386282374,474.358545385974,967.726880032681,2838.60992521139,388.051102748608,4454.00631573754,7176.6434237023,920.345514699428,1698.62989692615,3043.28589670768,728.273746725168,4584.3022858526,1228.83415041764,2366.00473359898,603.388679740777,686.445377684379,2294.07433329567,'1'
1383.55508526952,1188.18447690873,1695.01144182425,7121.06098861134,2169.68085566837,4104.67546406325,2169.68034134789,845.538627389702,1503.74640130391,2413.05305498088,3441.97913908717,3538.96777147171,507.640452296559,741.695400829162,3368.81419190514,1246.74849686521,15240.8567273284,952.240676531198,1618.51288636546,659.393478599253,771.521118813011,1815.17828066747,604.557220497169,7180.89762500417,7716.79704539195,893.215406116236,2075.02144911722,4026.64620146122,604.498016617117,3826.54538349246,1051.77043587013,2617.75792538342,1124.90240531663,472.438001768936,2447.70727002847,'1'
1291.22625139364,2578.66205844614,1412.56716781756,4840.63067437073,1613.60437927921,2968.52848002646,2052.03059282837,1666.26970802731,1889.16673312285,2202.68730158665,2368.95109428876,2806.33867403018,470.925117414326,644.89211495946,3424.13505401855,1015.96462838805,5650.42182334629,1274.95134977806,1288.14960265544,449.967983013999,719.877352838698,2721.9251613123,323.156429503745,2945.09802888214,6591.54414444926,728.702606003302,1715.49859849328,2646.58401520118,762.603684992929,4656.28719325841,1202.07044885192,1410.28188522797,722.455360582086,533.449677305302,1545.79510187861,'1'
1123.25410432168,1741.06263788713,1121.09515895094,3075.48809683879,1665.7106784069,3628.2100686148,1908.0437149634,772.84449585907,863.353470030936,1668.50491142001,2727.85801677007,2229.79117070662,535.746545267782,705.232849744894,3947.19851062806,1013.98402933066,3497.72810494962,1021.36577875932,1444.44637817786,670.097946280247,755.464147986172,1916.49450687225,339.005473073106,2548.3913718768,5032.10384945835,1357.141648116,2041.18694145074,1933.76803156555,871.444397569397,3356.17918623032,990.178496987643,5275.28698835152,667.494386048405,491.60355149679,2005.23996240329,'1'
1222.43358363565,1093.8184649653,1150.30057147877,4779.96591088228,1223.47903805394,5613.6726247888,1978.35915188467,940.942647077967,2537.75442321597,2285.89468813997,2403.05760507464,2241.2084101553,589.538839272843,911.595122589034,4660.43873822472,2042.95929477383,8808.97325315877,1157.61790351648,1268.32074439248,718.326821892217,1024.58630197484,2279.11922590268,354.754408576902,2329.53920645951,15400.9447547955,670.406576314477,1688.15106209574,2325.68937562245,752.976186736436,7288.8595666743,1005.0873140321,2253.42532553673,710.089964767453,628.596127610121,1389.07403898964,'1'
1192.34100811245,876.093892794203,834.953812396099,5257.58920822519,1411.99148923412,3029.15110989194,1909.3573255439,1712.98419256312,1539.26052681666,2019.29482204051,3002.74462068465,4213.72165932183,507.658231615531,579.615559249873,3327.15558035115,955.727145920765,2424.70767742398,820.668491295089,1134.70250855563,377.497985461226,804.54915372788,2058.70972023891,1282.16806832335,5290.44393784472,4534.12073490671,706.387982575272,1111.92808116587,1994.52608834914,1064.41137902965,2790.83017544533,1066.71353099124,1458.0359858103,722.68526130065,1151.97058773804,1789.14691899612,'1'
1153.3407786378,1441.16066025444,908.340118026227,5590.40602010292,1295.68531847165,3682.48530947871,1638.01194957004,943.528802625683,934.628660928645,1554.04890029101,2558.30160542698,1766.90363450278,426.818264861619,834.981258696669,2754.45268508895,1024.67027827542,1248.17080015725,668.814946450556,1355.68719457995,468.328248337811,429.712647808395,1959.71189421925,385.959304481133,1973.95048202272,3893.5157202952,773.0155647115,1569.61292818297,1930.3130575445,683.685231713316,4185.08366164771,1037.52315572104,751.473424307632,642.836021492082,664.197217614813,964.091308262415,'1'
991.825024691545,1268.47045835298,1678.93064009812,4248.02167845322,1407.36444959805,3774.09481379649,1847.83731930665,1671.79536071478,1397.32118418518,1994.19580516337,2503.33561367782,3588.24766082148,618.009192763265,557.501385246661,3176.85207244458,1105.98318320364,4050.82799377754,776.99617596635,1917.04127952269,839.79833848307,1025.9497158263,2298.77822535358,826.45493348033,2300.38678461147,6063.53409040835,666.328688234949,1917.61845579425,3171.35753342014,987.771778573705,3054.42107419091,1010.10796175502,7509.38700418417,2123.51931166134,4384.88172417019,2666.31357189847,'1'
1745.89585326209,1388.75920770187,934.898787204883,1618.56138829284,1196.83123557838,2536.11619396987,1494.82875371969,998.504756551258,774.346919459812,1704.88120628136,2075.2670194884,1419.40952689109,502.587323705535,688.327701913988,2406.36564501082,893.0314075286,3983.21867012503,979.514928234198,1401.67568661592,535.062118902091,625.246455766561,1518.92449054214,403.277958249614,2173.72404193558,3738.68150729167,733.664500003162,2665.14486038313,2197.89134793921,570.305329220668,3130.59315532304,894.362944594139,1041.75441737213,1078.2160566105,1064.8967137222,1549.97956776213,'1'
2106.69604893532,1122.96496898873,1125.15537893931,3078.39866199823,1627.07623991375,3112.76599040048,1677.57982037168,1493.10605910189,1120.18337053802,1547.29475651857,2187.13575318704,1692.93876103033,632.470296964491,667.547084772797,4308.47773900773,881.043416784716,5184.83714144192,1078.1608320615,1293.92982286197,450.129038891987,582.063976156739,1707.21552907935,537.615215007187,2470.4211141195,6340.87475917649,3108.95703956808,2483.81810841205,2312.69942583634,708.802604351811,4919.5117381855,894.863092737435,4529.59688180648,814.080906727632,578.712980205692,1527.13974364562,'1'
1138.13438067991,1299.11902253603,1686.22426538836,2620.1441011849,1684.86055348623,4540.529888238,1632.25881862931,980.831999927522,6634.23655190044,1344.55117697454,3725.73335876093,1424.69197774203,521.039439290116,642.109181328562,6139.46567044514,1172.1782823298,8681.79928095643,1814.80659021908,1512.2391752391,535.594117749253,557.368055033314,1728.38399934929,320.734033074956,1450.90381012016,16000,6257.46400197723,2696.91349850114,1786.53300860933,595.781774476607,13632.6009554707,808.402552771863,4934.38191499376,805.263348547664,314.446470491531,1512.07698162151,'1'
1417.72123057554,1423.92875416065,1297.9806081683,3299.29411889751,1783.40148323394,2952.77698875114,2317.80501656411,981.088328133,962.81303600274,3667.71828022645,2717.05843071494,5042.05092310074,580.976677480132,816.992401742292,2987.60168557356,2972.45479845153,10566.6336527656,939.501084180692,1113.19854264735,444.653536591852,733.29104367426,2634.95227916436,483.4037582773,4384.80285570645,9671.00908625558,856.32881853582,1351.48933849878,3369.79113219839,1147.81669642283,4583.0064895439,1468.8877701934,1487.81442011947,690.038744452069,609.510785869781,1387.22781079085,'1'
8556.33876797645,1529.23201334107,1481.21869944999,3392.88517728183,1641.19781639057,2974.90531301457,2012.60239750142,1784.17344682745,1212.8078156389,2193.76772872859,2674.72031381635,3150.58930087556,576.987717302346,820.973138538887,3619.70473535017,1241.46075624261,7157.21840673704,1490.88730391655,1692.97774853007,611.065395816824,662.963378002005,2181.41125289143,487.260394924754,3647.09239496489,7128.00575994791,1961.90256097195,2021.72697288514,3232.84742680267,856.661597153588,2952.39210300293,965.62389768735,1271.33178249999,790.757632589033,1002.86389080487,1618.91696514311,'1'
1840.29578023144,1075.78354702025,1109.23961105551,3829.28686642059,1679.71014262789,4319.0692366239,2307.80127040627,1093.95348347817,868.43957186667,6012.79463338886,1885.37244378991,5168.33624620362,496.655529034116,706.230787758946,8664.84619461533,1180.83934009872,9781.79671250085,701.036179590434,989.335881313392,429.597944357928,729.338596391932,2183.75790753415,570.377575326926,3977.10046100937,6275.10740400033,766.698802742508,1188.38526572543,3701.73195285164,939.040909200376,2704.78510541297,891.584947922155,1516.91280504123,813.227998482828,566.033515799298,1581.42368005863,'1'
