@relation it16
@attribute D14664_at numeric
@attribute D42043_at numeric
@attribute D49950_at numeric
@attribute D88270_at numeric
@attribute D88422_at numeric
@attribute HG1612-HT1612_at numeric
@attribute HG3494-HT3688_at numeric
@attribute J05243_at numeric
@attribute L09717_at numeric
@attribute L21954_at numeric
@attribute L47738_at numeric
@attribute M11722_at numeric
@attribute M13792_at numeric
@attribute M14636_at numeric
@attribute M16038_at numeric
@attribute M19507_at numeric
@attribute M22960_at numeric
@attribute M23197_at numeric
@attribute M27891_at numeric
@attribute M29696_at numeric
@attribute M31166_at numeric
@attribute M31303_rna1_at numeric
@attribute M33680_at numeric
@attribute M55150_at numeric
@attribute M62762_at numeric
@attribute M63138_at numeric
@attribute M63379_at numeric
@attribute M84526_at numeric
@attribute M92287_at numeric
@attribute M93056_at numeric
@attribute M96326_rna1_at numeric
@attribute S82470_at numeric
@attribute U05259_rna1_at numeric
@attribute U16954_at numeric
@attribute U46499_at numeric
@attribute U50136_rna1_at numeric
@attribute U70063_at numeric
@attribute U97105_at numeric
@attribute X07743_at numeric
@attribute X17042_at numeric
@attribute X51521_at numeric
@attribute X52056_at numeric
@attribute X59417_at numeric
@attribute X61587_at numeric
@attribute X62320_at numeric
@attribute X62654_rna1_at numeric
@attribute X66401_cds1_at numeric
@attribute X70297_at numeric
@attribute X76648_at numeric
@attribute X95735_at numeric
@attribute X98411_at numeric
@attribute Y07604_at numeric
@attribute Z49194_at numeric
@attribute Z15115_at numeric
@attribute X06182_s_at numeric
@attribute U22376_cds2_s_at numeric
@attribute U05572_s_at numeric
@attribute M32304_s_at numeric
@attribute L09209_s_at numeric
@attribute M12959_s_at numeric
@attribute Y00787_s_at numeric
@attribute M19508_xpt3_s_at numeric
@attribute M31211_s_at numeric
@attribute M63838_s_at numeric
@attribute M83652_s_at numeric
@attribute M83667_rna1_s_at numeric
@attribute X85116_rna1_s_at numeric
@attribute U49020_cds2_s_at numeric
@attribute M31523_at numeric
@attribute X16546_at numeric
@attribute U29175_at numeric
@attribute CLASS {'ALL','AML'}
@data
82,2558,129,198,588,2890,1074,927,100,1948,2893,1627,10954,52,624,-29,811,101,1358,511,76,3021,5318,1283,3072,2325,286,-65,2700,921,368,926,895,252,146,1062,171,432,204,3460,2774,421,3424,667,1074,739,1097,186,237,307,727,1555,-10,1920,-4,1118,162,908,540,1585,5345,833,435,329,364,322,169,121,898,309,624,'ALL'
-18,1286,44,579,207,5996,148,1697,-5,1048,2723,2783,16529,-116,108,-109,212,309,254,1952,42,7247,2584,1286,609,2789,623,-395,4926,58,1268,812,628,1588,110,1398,84,1038,51,416,3694,-1046,7724,419,485,106,1260,282,1240,309,643,1052,-91,3118,114,4543,-375,906,236,747,301,1391,547,842,-208,-452,-18,120,597,226,753,'ALL'
114,1909,218,4881,82,2810,-53,425,-27,763,731,1544,5364,70,873,-62,584,288,-304,6127,71,3780,11689,915,935,1132,409,-367,5403,483,882,907,5314,27,86,942,136,930,239,392,3637,5,3821,-100,370,352,982,467,992,693,813,696,166,4261,-15,5467,-542,763,786,2358,241,996,472,799,34,-297,199,605,1644,151,743,'ALL'
128,1718,110,3383,337,2206,353,529,51,2197,649,1896,2837,151,686,938,1018,395,-86,2547,15,3563,10308,732,1665,1269,216,290,3440,1385,949,1447,5354,331,104,928,257,2097,360,7972,3245,484,5216,918,1242,2028,1097,146,1233,713,613,755,405,3425,12,3469,24,201,968,1985,93,678,661,888,218,302,334,606,1322,672,626,'ALL'
58,686,33,3,200,3881,421,1682,-19,179,1858,2372,16135,-14,302,88,206,58,1168,1804,30,4890,2647,691,499,1854,279,-40,3179,-3,910,677,282,439,10,842,81,476,-56,597,2272,-743,4194,321,736,17,1134,26,401,247,499,1033,-14,1790,33,3309,-216,620,368,887,215,851,337,490,401,-10,117,46,787,353,1157,'ALL'
84,1831,115,1507,55,3723,102,386,-21,1829,280,613,6067,18,325,-78,655,84,-233,1129,48,3330,9428,853,764,2735,586,-366,3978,488,826,951,5146,-38,105,1066,67,737,85,403,3321,-189,5528,-220,811,245,851,275,821,52,904,322,-11,3810,42,3936,-362,672,344,478,159,1033,309,641,255,-194,378,988,946,114,552,'ALL'
107,1057,32,1248,121,4072,28,629,116,253,1716,4066,3103,-38,244,-257,-187,251,-247,1412,-22,4213,4742,1238,1323,1962,335,-656,3293,-142,1302,967,4048,196,104,1668,173,422,61,140,4253,-247,2073,-215,371,281,1160,535,1012,-215,667,1130,524,6153,122,4745,-70,1478,-196,1061,455,914,263,878,-100,-320,571,419,1917,122,572,'ALL'
0,1239,9,41,127,7439,272,2760,88,246,2388,1391,15235,-46,273,-35,1176,155,336,5817,20,7230,5522,822,1741,2900,516,-231,7324,1240,1337,1052,423,2779,103,966,-17,1661,101,848,8351,-548,7782,691,1002,621,663,269,929,-223,616,2042,-4,3303,53,4081,-445,1184,310,5668,445,802,978,700,521,-57,-8,272,1440,48,1776,'ALL'
1,855,54,365,272,4791,367,1722,38,414,913,972,8982,16,144,392,100,167,498,769,45,5052,3093,885,1188,1855,288,-36,2676,254,82,1250,585,550,64,1175,-16,1002,68,1094,4430,-408,5204,320,711,381,916,223,330,492,190,1355,-26,1329,55,1658,-490,1142,260,1763,522,829,752,386,-169,19,176,79,442,282,756,'ALL'
-1,787,38,39,37,4406,88,1587,65,233,2147,780,8630,-3,34,16,164,140,-376,1704,16,3352,4194,680,1870,1471,312,-152,6134,851,737,872,147,2178,93,626,95,609,62,1343,7186,-504,6541,140,366,373,130,203,512,-25,282,1264,66,2525,41,2853,-145,615,210,2685,1278,761,897,330,-276,-233,139,117,617,215,1972,'ALL'
99,1554,7,712,306,1379,426,169,63,411,140,2433,1695,191,399,1452,446,287,107,363,70,2290,4101,412,1030,1763,298,41,2056,712,1296,1093,2504,-27,33,747,89,285,474,5252,2951,-159,846,879,362,626,725,142,90,408,602,300,44,1277,-45,551,-235,889,146,1638,3684,617,334,96,252,-122,530,21,474,135,219,'ALL'
71,1075,72,26,328,2056,213,859,0,1022,1483,257,3529,14,589,93,1216,145,820,3854,35,2346,3076,1157,892,2337,377,-140,1912,88,838,553,155,1267,986,864,106,589,34,2525,1806,-298,1756,946,878,800,1776,196,679,360,1628,145,0,3382,24,1534,-405,453,513,4194,94,557,265,1156,493,694,452,214,686,236,732,'ALL'
46,1291,158,5394,128,3688,130,661,50,2320,1505,6270,9000,35,854,333,664,81,76,4436,40,3347,10614,387,1306,2035,179,-198,9211,789,520,1057,5767,241,46,515,118,1576,153,2133,4438,818,7288,408,933,704,3898,110,1426,938,653,1130,443,5831,-11,5311,106,751,440,3420,29,444,898,1432,114,-199,304,912,2572,159,1636,'ALL'
586,1698,117,-68,71,3182,323,447,336,942,643,1234,8469,1214,534,1441,1080,286,375,754,20,6633,4371,1822,2376,4215,311,-158,2360,3786,7,5157,218,82,3107,1837,154,199,1136,1150,3782,400,2455,2127,1647,648,1456,199,660,926,1551,2084,-161,3714,2165,7155,-203,852,3755,1300,282,1894,374,1222,78,-91,1263,710,989,811,917,'ALL'
28,4297,99,19,-7,2209,-38,252,87,528,669,-135,2091,10,540,184,327,141,22,27,58,2143,3990,738,542,711,193,-76,1316,225,-144,581,3339,142,85,883,26,394,4,1232,3429,-445,1273,463,1017,345,1605,180,541,390,250,547,1110,1616,-2,1178,-38,59,173,1331,136,510,516,503,-163,-106,203,209,1186,124,453,'ALL'
12,2638,101,67,69,2580,102,1041,-1,66,1137,7686,2273,76,44,478,228,155,-180,473,37,2291,4553,907,809,1346,171,-108,2492,413,45,894,2696,1,2,1309,48,651,141,1519,2568,-267,6482,-23,366,364,2043,219,1225,615,387,825,962,4692,48,3427,-129,520,265,2022,-53,767,473,755,-196,-139,1074,557,1224,130,1660,'ALL'
87,2985,22,1105,-9,10857,1070,1717,104,895,3810,10926,12217,-49,616,379,1475,180,205,4409,17,5933,12747,860,2475,2273,215,-58,6464,337,-862,1868,8148,708,78,817,350,1123,109,180,4760,233,7629,-57,947,1029,2674,158,3081,827,427,1806,1501,11241,48,6870,55,524,897,1409,119,1032,1487,1881,-345,-118,1071,2415,4555,194,2174,'ALL'
-28,4587,48,9453,126,1535,199,604,117,218,1631,1830,2973,33,447,-64,449,139,-124,1536,38,2306,11199,92,1514,545,262,-151,524,198,343,684,2805,1030,41,383,141,662,57,1912,2264,-233,5746,-189,203,748,482,204,1620,68,61,149,247,9114,58,9177,-32,884,347,928,118,143,688,317,82,-131,675,286,2707,34,3707,'ALL'
47,885,43,-11,77,3710,117,397,68,-58,813,807,12805,24,9,-36,131,108,425,2103,43,4677,4316,803,672,1297,391,-275,3796,-93,1177,530,870,362,53,731,72,438,30,178,1480,-896,2443,-7,509,85,359,260,303,-108,398,830,-123,1601,53,3085,-454,351,311,1320,146,689,376,528,121,-226,417,75,590,22,1377,'ALL'
151,2362,168,4110,177,5079,-132,642,25,1603,899,1628,5981,15,515,59,534,102,-205,1478,-19,3182,14682,803,1235,1343,374,-263,4093,908,734,1333,5955,158,64,899,45,1604,97,1687,4330,604,3840,445,624,773,1189,179,1463,222,929,785,117,6110,9,5815,-122,712,593,2071,185,944,531,853,-183,-133,300,1114,1823,292,1456,'ALL'
-20,2099,117,7600,78,2106,290,1122,-14,871,759,5455,3323,37,268,196,305,128,66,2281,29,2648,5779,514,1114,1330,140,-53,5204,129,29,1408,8219,-28,70,805,-35,1724,55,1750,3872,64,3262,507,759,814,2147,231,1134,433,508,706,1529,3074,-4,3265,5,278,741,1444,183,602,647,736,-65,-142,342,339,1909,217,1982,'ALL'
-4,1242,12,3780,137,3307,-39,209,131,546,899,2495,2617,20,483,-93,251,84,34,503,31,2818,7410,561,-9,2127,433,-398,2581,-143,176,979,4184,-23,114,1286,76,422,-75,291,2065,-1118,1810,-621,331,384,608,35,477,-674,380,314,39,5374,26,2877,-890,388,-15,898,150,1026,145,301,-239,-311,7,283,1076,75,949,'ALL'
101,1532,214,2006,62,4057,38,786,43,1052,837,8700,4142,-48,164,490,-178,168,-65,939,91,5308,3005,627,1738,951,403,-323,3633,125,627,876,12968,79,91,1122,77,813,77,33,1870,-574,4646,62,282,649,1815,299,637,178,576,702,757,4101,48,2037,-328,584,7,753,741,1182,475,490,135,-135,41,222,1484,284,2112,'ALL'
74,1459,234,1803,84,1585,36,994,-7,682,180,4614,1462,46,797,-49,30,244,68,502,-40,2364,2881,503,708,1008,276,-524,522,1181,827,1487,1813,36,70,1016,238,566,124,1269,2771,-348,2141,273,1092,671,1585,373,860,105,491,531,0,2427,102,1497,-745,1226,360,2941,200,493,251,865,1030,-166,286,386,606,188,1323,'ALL'
84,1253,-4,3883,226,3367,36,615,23,812,770,1487,4714,48,491,18,597,73,-125,7097,-14,2678,11962,181,1188,1208,245,-111,6400,597,699,887,3627,175,45,428,78,1106,56,1183,4422,252,3686,216,505,306,1192,6,668,252,212,907,302,4306,17,4240,461,369,565,2380,3,344,616,640,-239,-54,411,469,1479,117,1033,'ALL'
1,1501,35,3110,189,3600,225,233,1,666,273,4357,2208,63,265,989,207,154,250,559,-8,2158,5451,1565,2274,1107,233,-124,5358,164,344,522,4750,102,24,64,105,897,258,1045,4818,-244,3090,500,503,586,1237,-16,539,92,342,973,291,2003,37,2105,-87,586,911,412,1012,1002,362,409,6,-103,2682,207,1751,362,826,'ALL'
-74,1089,97,3939,51,5083,283,773,-11,1916,579,8791,1850,51,252,-60,699,128,502,1695,13,4112,4247,441,1393,1169,263,-38,5600,62,330,458,11999,845,-87,188,-59,1294,-151,155,1516,-1,5420,72,364,361,2947,-42,800,-152,474,1414,892,3423,-10,3686,-2,240,289,342,16,409,710,1042,-177,-56,121,348,1955,185,1691,'ALL'
18,1826,142,6955,86,2621,352,382,-9,564,444,12307,4662,120,87,-146,601,117,78,1479,23,2462,6024,309,1062,1551,216,-31,7477,100,621,818,4200,121,14,470,25,938,142,1327,2349,53,3770,-298,1034,721,2072,-37,679,-61,337,1781,150,2886,-4,2943,80,455,1110,389,149,493,467,1468,48,4847,400,417,1275,185,479,'ALL'
47,1799,80,3498,7,2388,72,443,24,931,570,5433,2931,10,173,-30,776,37,49,1594,2,1520,5586,385,586,1750,267,-83,6841,257,173,615,3403,82,-15,591,-12,779,213,283,3234,-124,3972,-4,1416,399,1878,98,457,28,368,346,166,2955,67,2809,116,436,291,464,11,437,475,586,106,-118,18,281,980,174,438,'ALL'
302,1065,191,1924,105,2425,285,510,54,701,575,7369,3681,163,313,706,367,287,107,508,134,3042,3250,767,1828,1405,491,203,1338,745,851,1281,2559,197,63,1141,-29,481,575,2450,941,336,3198,75,699,506,1758,107,546,399,287,1271,107,2893,39,2805,-142,582,605,361,197,811,493,777,252,73,678,346,1052,111,613,'ALL'
-132,1189,128,7721,88,2787,121,861,-4,524,763,6603,4813,-2,390,1293,256,390,394,6273,45,5423,8630,894,417,2622,608,-190,4174,76,217,696,9288,-71,92,1390,-19,917,-31,690,3649,-588,5279,-515,762,589,2229,165,464,-428,562,102,353,4020,78,2753,-692,504,-62,1582,198,1037,356,726,-400,-464,450,274,1467,393,1353,'ALL'
112,1370,74,1465,187,2626,159,421,-19,1031,287,1595,2506,12,217,2269,374,159,359,664,64,2374,4608,781,1170,768,297,-77,3375,222,1767,981,1642,19,27,861,39,549,459,2057,1907,277,2833,247,1178,649,781,62,431,878,391,2057,224,2219,49,1188,37,352,646,1088,32,958,439,509,142,-14,359,421,821,511,751,'ALL'
-36,1290,2,3635,169,3229,61,1359,118,478,1009,4537,3777,54,185,296,239,252,553,1060,18,3038,7622,669,1246,1815,337,-2,2417,56,839,947,4941,144,167,973,30,350,-131,1102,1609,-33,648,90,543,391,862,270,502,162,561,198,319,2603,149,2075,-339,296,417,857,25,1151,190,824,-226,-23,401,314,1297,455,1127,'ALL'
76,2582,205,8205,406,2620,-30,739,43,1019,310,7480,5104,38,147,2681,343,122,180,376,109,2714,5452,261,1769,2577,332,-33,7867,569,2724,752,2282,127,38,571,-35,640,218,4509,2503,579,4913,241,899,508,2432,15,754,373,444,683,393,3739,-119,4961,208,630,338,366,-104,848,592,1156,147,43,378,231,1087,610,846,'ALL'
47,2721,53,149,343,7408,1801,519,117,1755,908,-28,1365,-10,1448,-113,528,247,2090,479,-16,2248,4061,654,2601,2718,280,149,2474,461,513,2207,707,380,38,993,192,91,219,4401,6014,560,1438,2189,1122,1602,509,384,79,2451,686,731,-68,1799,-40,1358,89,565,1616,358,5830,557,200,384,403,269,362,316,929,51,1661,'ALL'
290,4034,145,7873,204,4787,89,1226,142,908,1235,5653,9487,128,462,87,1021,74,163,1968,17,3691,11146,859,1618,1576,240,115,6203,3077,575,1516,6101,212,1,1049,135,2357,628,2282,5318,406,6609,507,958,1269,2009,-54,1690,1931,646,641,425,5549,52,8402,-97,370,1053,503,257,740,580,1106,338,-117,1763,1532,3923,318,1088,'ALL'
163,2195,84,6504,178,5499,326,765,88,1548,1284,4830,5149,57,505,777,456,252,-166,5448,-15,1700,10196,623,1760,2065,204,16,9155,1102,271,721,4634,195,34,1496,71,1767,568,2128,6247,266,6622,1086,1279,1935,2049,102,1211,395,648,981,453,5098,23,5032,56,514,799,5009,151,1060,573,1417,358,-110,316,592,1794,229,1187,'ALL'
61,802,12,3302,117,1768,153,344,-1,765,853,1644,3765,21,426,917,631,111,239,1169,38,1229,6205,360,1025,1243,247,-321,1814,126,703,736,4896,-3,43,682,117,293,69,348,1896,-102,2962,140,361,434,770,20,533,43,301,945,615,2490,32,2178,-61,238,210,3688,236,631,348,826,142,-148,167,114,1277,162,1002,'ALL'
50,1823,146,2047,26,5088,355,894,166,1247,586,1327,2694,-22,406,311,265,230,453,2486,31,4559,6570,665,2122,558,235,-21,2420,231,185,1243,6517,267,94,1029,125,1757,173,1357,3837,-130,3102,1247,417,1339,767,159,986,417,334,993,838,3263,25,1374,83,345,435,2636,257,839,493,457,-189,279,474,127,1361,193,1926,'ALL'
72,1242,297,168,262,2194,2972,102,114,708,449,-252,2493,119,679,429,866,316,1073,485,312,2176,3768,1929,2702,4214,381,-21,1283,940,548,1959,-2,178,208,1641,108,84,754,7858,2345,225,1203,531,1582,1121,596,346,214,2224,966,2497,-54,1238,567,794,-635,626,1355,569,15202,1493,300,383,1179,1696,2274,102,353,226,429,'AML'
483,981,326,51,9600,1874,3369,238,466,5609,172,412,769,367,2694,353,4079,1130,14555,281,712,730,4576,2112,3553,8793,8769,7372,811,2364,9994,1862,343,-60,1304,3818,913,336,2733,11003,2580,2147,1628,2240,11369,7589,558,749,147,6218,816,1140,-73,1365,-52,485,1756,2450,4607,600,6506,679,100,68,1537,1036,478,53,250,989,208,'AML'
364,1276,197,170,894,767,230,57,164,1098,239,385,1614,130,1028,11205,2179,1338,7238,444,91,3719,2584,1555,3255,4630,659,4833,1032,1315,7791,2925,272,-119,2087,2943,-52,151,1094,5849,1001,651,1784,1009,2094,1888,570,702,159,1548,860,1990,-79,1568,125,408,519,1636,1017,286,2096,2650,192,-43,1675,-124,983,11,381,1004,385,'AML'
159,1464,259,146,347,2856,861,628,131,2322,683,1284,4148,303,2680,209,1571,774,12339,438,174,1985,6414,1514,4249,7373,480,141,1024,925,976,3869,306,-69,167,2535,678,1309,459,3259,2039,595,1214,549,2598,1696,720,522,165,3297,1300,977,-49,1843,6,1047,-296,1206,2212,737,12715,1031,339,216,657,522,1017,190,671,454,688,'AML'
380,932,355,114,728,624,80,206,348,2548,12,454,911,305,1674,6960,2501,1450,1537,517,198,1647,1467,1811,3236,5587,1896,4830,498,2365,13464,2775,711,-142,2139,2402,263,100,748,8518,989,953,782,1112,1561,1907,358,677,110,2947,1111,1604,-83,2271,208,1126,387,1118,1192,819,8054,1555,153,144,1338,-23,727,31,299,714,454,'AML'
536,1008,283,21,7109,1031,2670,-92,360,7867,8,455,1297,220,2727,2005,3927,970,17863,268,1851,1885,2040,1707,4647,12358,1037,4573,1309,2310,7955,1282,-14,-106,2046,3965,741,551,4004,10603,1444,2910,1648,2801,14198,4797,705,517,358,4863,1710,1506,21,2007,124,473,1191,2892,5814,645,17022,1575,88,251,2892,3890,1096,82,126,2776,412,'AML'
154,1150,311,130,3844,1687,2327,87,211,2210,-80,297,753,67,2399,1003,1916,408,13296,607,451,1359,2840,2072,3808,7125,1586,6759,852,1178,9933,1036,218,2,753,2539,137,115,683,8479,1199,1500,528,812,5692,3199,308,342,254,2612,968,2099,-129,802,-8,186,544,1271,2930,556,19361,1184,139,573,157,2921,3397,6,190,1897,393,'AML'
41,1054,70,-4,1507,1367,460,71,139,635,201,166,2708,-13,784,5702,456,275,1661,448,260,1291,3589,1753,3594,2275,520,1569,1484,222,2676,1653,251,72,577,2286,119,204,536,1285,1460,-324,99,756,770,1015,198,475,550,1671,699,1504,-126,939,158,680,-255,1887,1060,653,10043,1732,75,59,-245,153,4465,71,275,162,286,'AML'
287,1500,346,-45,3871,815,1406,135,129,2728,578,120,1243,181,2735,9138,1959,928,11686,396,398,1079,3281,1895,3427,6223,7759,6595,1451,2518,11036,2257,-160,27,1582,2442,200,52,2299,7281,1150,2782,1683,3266,3857,2730,371,753,176,5814,1228,1668,-38,1456,45,1238,316,2437,3223,427,13144,3818,70,161,633,1104,1846,73,197,1238,190,'AML'
221,742,211,46,995,522,581,48,187,1693,446,74,1319,112,2089,10171,1617,593,2745,416,291,1140,1844,1339,2120,2815,5849,9851,583,1393,17279,2785,382,-253,1269,2335,207,44,788,6957,1088,788,764,1412,2397,1675,128,915,168,2335,856,1424,-44,1142,255,376,490,1381,1518,422,20459,3049,64,66,852,-130,1512,36,110,1957,382,'AML'
299,830,109,14,9433,649,4326,294,229,10615,455,1,1027,250,1744,747,3432,1533,17846,180,2,775,3379,801,3266,13422,673,7213,1342,1636,1676,2032,460,35,892,541,1287,612,313,6371,1599,1902,1439,4199,5308,2783,1048,-26,495,2007,1022,1488,17,995,66,407,1178,1558,3016,258,593,431,248,144,3599,2936,1063,41,139,1629,250,'AML'
184,1188,106,3,850,4118,1170,109,371,1766,118,123,6330,54,1522,9006,1057,769,21404,675,357,1320,4125,1534,3457,5946,993,19568,1062,738,13774,2952,686,-13,1233,3568,51,221,3546,7056,1818,3451,666,1465,2574,5116,323,945,108,3870,1026,1447,-59,2027,275,2585,-1,1755,3162,658,8252,1622,158,-53,1465,666,781,21,388,1392,367,'AML'
654,578,204,141,2241,690,1123,352,277,4969,269,-218,648,525,855,22222,1385,629,10737,377,168,3085,4525,1811,2860,6179,1153,4366,626,2110,15196,2110,155,-3,643,1083,216,1130,589,7248,1735,495,1629,2269,1872,2157,653,279,310,4403,1357,2433,-10,1463,-4,2685,275,971,5704,-20,20,3491,575,846,1392,2085,1834,93,282,770,578,'AML'
226,552,96,55,2010,397,609,21,159,3451,21,51,1004,526,444,9986,1880,827,3168,60,88,1428,1012,1147,1662,5971,854,10120,851,1912,28647,1222,174,-108,1267,721,188,51,428,8964,438,593,469,1079,2547,1077,381,192,222,2287,764,2812,-56,1582,214,2295,589,758,2458,493,127,2450,21,239,37,656,442,110,196,1578,398,'AML'
434,524,183,49,4177,870,459,336,218,5048,471,445,1162,448,385,27285,1048,336,2460,168,41,2285,1237,880,1933,2442,433,3717,528,2710,25625,1037,314,96,1568,723,531,114,507,10449,1070,777,1151,1722,1700,1814,618,304,769,2122,767,1755,-52,1417,160,2564,466,1024,2496,269,160,5389,137,350,207,854,3819,66,461,1046,486,'AML'
227,1198,175,67,140,2704,405,288,151,645,218,221,1636,210,489,28390,1850,526,123,281,526,1842,3946,1263,2600,2776,394,2130,754,2069,2297,4562,325,-88,3166,1023,71,281,652,975,1842,658,1012,1915,1116,1590,266,171,23,3186,652,2492,-80,1153,147,934,-36,1064,1705,609,13968,8921,201,156,537,600,834,134,446,145,485,'AML'
819,1397,250,192,7807,1427,4395,5,256,7864,233,106,1562,351,2686,5895,2444,1883,19680,558,523,1716,2686,1476,4514,6215,609,7924,1152,993,2270,1350,351,-183,2767,2502,1627,3044,1318,5178,2122,3654,1453,3418,9980,1756,1133,443,1018,5949,3392,1126,-71,1598,59,537,942,1926,6008,737,9612,1409,74,1109,6155,10653,867,450,253,1083,745,'AML'
124,1632,455,208,658,680,295,195,54,539,309,-27,8883,528,1499,3917,2719,2204,3293,710,-10,1661,761,3220,2803,11451,1756,2705,227,4985,2914,4695,1070,-257,1415,3190,441,162,1130,6311,1594,1979,986,2133,734,932,487,1504,249,4174,1992,1350,-233,3494,645,3201,184,1740,1819,458,2667,1615,51,170,1089,-94,778,328,450,664,878,'AML'
203,764,218,-84,1347,1478,431,220,116,3152,-14,-170,2583,230,716,17371,1023,560,12735,351,66,1856,227,610,2631,2172,505,4667,456,2372,4561,1980,301,71,1550,2349,-116,308,339,5086,2001,243,614,1474,2052,1762,540,407,43,2194,540,1439,13,1084,55,427,499,678,1717,531,7229,908,198,231,1336,6927,1343,40,375,564,588,'AML'
36,678,65,215,106,819,180,230,36,849,408,249,1056,60,460,228,447,341,2103,399,73,1306,1221,749,960,1775,502,-189,836,1012,380,343,623,-30,163,775,523,167,41,3340,1177,-171,2284,549,547,1397,452,139,228,543,608,2340,10,2175,252,834,15,219,1095,378,621,310,226,236,562,26,715,82,528,86,669,'AML'
